time,I,II,III,aVR,aVL,aVF,V1,V2,V3,V4,V5,V6
0.0,-0.0010750414137347445,-0.0003290943103269626,0.0007459471034077819,0.0007459471034077819,-0.0009653433102924235,0.00021939620688464173,0.0026766337239926287,0.0023475394136656664,0.00010969810344232086,-0.0020403847240271678,-0.001294437620619386,-0.0018209885171425262
0.002,-0.007619212024074066,-0.002715683585110945,0.00490352843896312,0.00543007933548626,-0.006633538886512714,0.0010937614475841338,0.018697157108511688,0.016508024419923883,0.0008759750341190295,-0.014143052807144457,-0.008932369678542839,-0.012720197049233361
0.004,-0.024626479478325934,-0.010231667131241587,0.014394812347084344,0.01809488123502101,-0.020602794903809396,0.0018513348415540015,0.058861678628870526,0.05274693317864643,0.003059951057643645,-0.044155842761820115,-0.027790971974348704,-0.03989597902479367
0.006,-0.049029047303730824,-0.0232288901362479,0.02580015716748292,0.03705080684581342,-0.03918064146882458,0.0005146789439670772,0.11140357837115178,0.10233719024980586,0.005605003094821164,-0.08344134492936671,-0.05259852064027835,-0.07560846098414907
0.008,-0.06956059077642601,-0.03574453127356031,0.03381605950286572,0.05343688902180492,-0.053336257760140136,-0.0021042811987973357,0.14346714160285917,0.13605940153071244,0.00398798461489912,-0.11020621260052045,-0.07047890219038415,-0.10073619200918349
0.01,-0.07877095821528557,-0.04080387788475202,0.03796708033053357,0.06043953366086496,-0.05930133658123696,-0.0021978575212852542,0.13746190087679622,0.13379779036562578,-0.00515989407476194,-0.11524109835046306,-0.07629149942857566,-0.1083401735903597
0.012,-0.07908278254340304,-0.03866921437630519,0.04041356816709784,0.05998323341694814,-0.0605046631668512,0.0008762989724699464,0.11194729432104915,0.1089515240880022,-0.01527222894079732,-0.10920882935269835,-0.07538337960289737,-0.10730760795690644
0.014,-0.07602935222323935,-0.0345656798973094,0.04146367232592991,0.0571901135511201,-0.06021040323374823,0.003799929127516927,0.09963297072933072,0.09690033098651583,-0.011396576893204415,-0.10346688749738316,-0.07185258981957482,-0.10295491852605139
0.016,-0.07174498323845373,-0.030371114656848785,0.04137386858160491,0.053127687210855104,-0.058657746989904544,0.005330950587770417,0.11343850242649256,0.11876115255286498,0.013095224064977418,-0.09943228013449248,-0.06496877218053707,-0.09174977459292594
0.018,-0.06633654058332522,-0.023174140918454714,0.04314046004418203,0.04622612712447546,-0.05665168696931024,0.008671292848438004,0.13746672988149528,0.15847055386213454,0.044059852013345446,-0.09672659836686755,-0.05666028947562995,-0.07466238857763019
0.02,-0.06099761317472989,-0.011307342414751897,0.049558954994531126,0.037188925896961246,-0.05642370351800696,0.01676525159741987,0.14788080534415715,0.18007091969497097,0.058371101021237395,-0.09693735772248906,-0.052334337981927666,-0.06223244605155525
0.022,-0.057278332460194356,-0.0008057174930103566,0.0561451959072375,0.030230893131056223,-0.05707250080859987,0.025189228592627046,0.13885390444935403,0.16775740048458748,0.04978727382801407,-0.09661948292419624,-0.05193311232100108,-0.06254910371371235
0.024,-0.0554978182859344,-0.0025062916512641168,0.05256892141829209,0.030148907984421738,-0.053927387863949246,0.02357934368135436,0.12532161195621364,0.14220938251543164,0.035689566921738254,-0.08885760891785284,-0.04920719542141032,-0.07076744146714793
0.026,-0.056075084569994445,-0.018387397940389513,0.03743214595823586,0.03769410369318904,-0.04654041320454619,0.009410156186158482,0.12219896062893204,0.13386339976124842,0.033639977179864236,-0.07602001999781459,-0.04409021570836784,-0.07671244010305805
0.028,-0.06078632398892707,-0.03581286571190711,0.02499913173715761,0.0481640276827581,-0.04284139754113945,-0.004978713456808958,0.12726773009447287,0.14681421937573724,0.0393648909183974,-0.07110403205645217,-0.046761965869155014,-0.07960814902230154
0.03,-0.06935837438718043,-0.041511241442583086,0.027992929551276084,0.05550217527790928,-0.049049770400895205,-0.006912799413289249,0.1270270546411921,0.15757932055464288,0.03639571760541907,-0.08128582677040072,-0.06286411151406142,-0.08746039949896858
0.032,-0.0762503559840972,-0.03651120765885879,0.03978042441476676,0.05724725433327058,-0.059014697854903306,0.000322668316829324,0.1156873734597201,0.14897382163476033,0.02295696864422865,-0.09705112307496501,-0.08160192176888109,-0.10201360716525483
0.034,-0.07539814394313377,-0.030933623725404643,0.044309014152809995,0.054696827756569706,-0.061266388286583096,0.004565313064633369,0.10391774969852577,0.13530363100681217,0.018178809199198943,-0.10276804761032256,-0.08606376138359152,-0.11188957019576118
0.036,-0.06778918601798467,-0.028008116429302427,0.03952854797166015,0.049388483214377624,-0.055037382250258914,0.0037962587224652563,0.10675313029687429,0.14490679742452767,0.03793714827007834,-0.0940927981940186,-0.07246231008114004,-0.10471996139054922
0.038,-0.06060301865682996,-0.021277308918968858,0.039228362443064706,0.04192310393672007,-0.051295137349255886,0.007788590628099679,0.12417089999156693,0.1809017122528085,0.07141219971469819,-0.08093210805475703,-0.053722702017798614,-0.08349598285247038
0.04,-0.05773947764627875,-0.007293198102299002,0.050642949894063226,0.03346234420842705,-0.055919424483440304,0.020875454475582204,0.1386830561163462,0.21213701726617723,0.09056081373526986,-0.07457049864211651,-0.044267288419200045,-0.06592817883352496
0.042,-0.05489250856960354,0.0058726951290955015,0.06108367584211128,0.026040835585155242,-0.05993007864753634,0.03215692966916584,0.13588270799710989,0.21011918666384213,0.08295551749171745,-0.07502737088619658,-0.04483002288899129,-0.06527602563464831
0.044,-0.04764834619009257,0.0065777863075730265,0.05444681091546513,0.022121755612358907,-0.05283648031878847,0.028254828308371165,0.12206932660823097,0.18475937600762019,0.06519337597265364,-0.0733386094232357,-0.0449655909249269,-0.07642461866961513
0.046,-0.040893294130701134,-0.006346389051107379,0.03464786141221456,0.02419551716709743,-0.03953216997958268,0.011423436923679716,0.11458119261122486,0.1699335144735006,0.0594585599619122,-0.06550787499630423,-0.03876912674612926,-0.08537878354902168
0.048,-0.044839392851078984,-0.021973543015177604,0.02285050182621628,0.03322228628408201,-0.03588224447374823,-0.0019223847610202736,0.11881431143914285,0.17893983639685407,0.06641560775272708,-0.05940422814680834,-0.03216293844471145,-0.0873513786762106
0.05,-0.06167692966983403,-0.029877646972471077,0.03162821872196583,0.04642103880028368,-0.04871168806986952,-0.0007249808233090382,0.12333122539191102,0.19105578206133375,0.0699605174752665,-0.06375153984658911,-0.03244902240979355,-0.0884867071875742
0.052,-0.07952075757306301,-0.030003447487567593,0.04927206577428392,0.057054177777739974,-0.06597606536385525,0.008387179013435182,0.11799212582567767,0.18567488288610978,0.06435494641134715,-0.07415223581924227,-0.03698095995861757,-0.0924202553311574
0.054,-0.08353568052943541,-0.02801028913818579,0.05532597153256172,0.05865844993689786,-0.07067949030699194,0.012190245821783552,0.10888972874133439,0.17403026161727758,0.06409937218565667,-0.07767268367776464,-0.037770021832337575,-0.0934592267781003
0.056,-0.07301154273340413,-0.02497271044968495,0.04790822334667695,0.05093188971773888,-0.06193650819542217,0.009917230872842764,0.10982095190494487,0.18361774111309678,0.08258508250376627,-0.06983815417290029,-0.03315401613087989,-0.0848952091195816
0.058,-0.0616266932699711,-0.016904223373944736,0.044712074017905105,0.039913646915629736,-0.05484384865881877,0.012695976843418576,0.12268024233511614,0.21777632670656094,0.11074344558690186,-0.059545758593648655,-0.029043262135170892,-0.06986208871816553
0.06,-0.058221129422249246,-0.0035383898549227674,0.05485767612370962,0.031121951756470357,-0.05786016364429479,0.024501833186531808,0.13310734846433173,0.24655989420986033,0.12574569577961672,-0.05597060834902092,-0.02964345442707253,-0.060514420847477365
0.062,-0.055103262747763664,0.0074414353117967826,0.06278389431113421,0.02466069806115052,-0.059667110429966586,0.03343671782378846,0.1280014045626856,0.24306151364138542,0.1183263287027969,-0.0566689283841495,-0.03140877783028132,-0.064648231111304
0.064,-0.04191836768829515,0.007256093735619213,0.04929192122785836,0.01875904320269973,-0.046132033740953045,0.026276520444627784,0.11253207396179071,0.2173970931548041,0.10314299081062085,-0.05360416494693867,-0.029193842263139258,-0.07662214274052807
0.066,-0.02400600774738971,-0.003815578404428679,0.02025019486231202,0.015090546824613535,-0.023215858083854676,0.0064098817754234,0.10366507457824173,0.2027283004877705,0.09896217868086611,-0.0470119972151724,-0.02570971811442585,-0.08582423747732688
0.068,-0.01835204067422588,-0.015733962257444535,0.002854826273764437,0.017576579618121275,-0.012586195708163151,-0.008189827834469851,0.10856371532749116,0.21342358432948993,0.10541193562353578,-0.04563213791426601,-0.028403400448626437,-0.08964656118975635
0.07,-0.03303025747507219,-0.020140587571250406,0.013282959309498212,0.02709359343001553,-0.025505353045779243,-0.005516510443478836,0.11649262013148148,0.23099721793091935,0.1079822978058545,-0.053229751338801916,-0.037266704115189064,-0.09281288655229465
0.072,-0.05661413729696531,-0.019225076718241238,0.03758068914225133,0.039139550124746854,-0.049156026801458655,0.006969839455035322,0.11535756982906649,0.23405625195024188,0.10343300853686455,-0.06117765307548839,-0.042823241346848964,-0.09667512639802285
0.074,-0.0712272650041974,-0.019053146972609722,0.05197831971669863,0.04710125343121185,-0.06321259041356057,0.014780188051789492,0.10955078447290742,0.22933533738767345,0.10680214595712517,-0.05815512607605302,-0.03810794908151281,-0.09537505804361172
0.076,-0.07193783388740839,-0.018193387107915796,0.053491209719443,0.0472107063653833,-0.06376309711679541,0.016697275236717966,0.11272874644630022,0.2405233691452219,0.12895416527678874,-0.04450578520738515,-0.027516297071476525,-0.08438974082878438
0.078,-0.06722754257919508,-0.009871429392409255,0.05743995248555543,0.0403369909985262,-0.06258619676271002,0.023021557042077607,0.12663467051048571,0.27177266897226837,0.15891251324736907,-0.03184484854535262,-0.020582204742301696,-0.06866520188157424
0.08,-0.06512779723118609,0.005414110969637481,0.0708444304716397,0.03135259985366502,-0.0676771510813259,0.036834302535398926,0.1371662928251872,0.2978853446336635,0.17591299173591388,-0.028085578124307564,-0.019311545335773353,-0.058826904895672126
0.082,-0.06555247550907477,0.016292477876122043,0.08189971519056484,0.026402665776093077,-0.07363360525185181,0.047172633012147,0.13279009070749448,0.2960899673185462,0.1733551158708435,-0.028243286026212917,-0.016480179085181363,-0.06006099362391377
0.084,-0.06342936028937131,0.01283364107562522,0.07586128952615474,0.02758692052820884,-0.07034782046987341,0.04247433179441825,0.11966552135316055,0.27655219213553783,0.16428456581378964,-0.023605162795582443,-0.007559059701113764,-0.06699846185465173
0.086,-0.0568047621866871,-0.0013338874210746861,0.05490704122367594,0.03141694011592544,-0.05727042407972186,0.025608985256943363,0.11344453576152133,0.2691034667075828,0.16387057650237494,-0.015369916495569527,0.0016041698282120767,-0.07120143133605061
0.088,-0.050714845522464795,-0.012508906415676214,0.03792036075974005,0.03337544144440694,-0.04612567873611508,0.012059718513445714,0.11883932928144114,0.28404056233691205,0.1715105267809873,-0.012766762096488976,0.0022957445404930494,-0.07248113881484311
0.09,-0.049528571394515684,-0.01154786245641934,0.03806858660949207,0.031516599379497946,-0.04589591070172522,0.012544098700935187,0.12386078582409021,0.3004713836724392,0.17443832187070488,-0.019046487860851318,-0.006200776075887952,-0.07813667970948025
0.092,-0.049009858122498744,-0.002710262294892664,0.04649172605183684,0.026437348921206437,-0.04995000420939502,0.02101913320448029,0.11740519431065809,0.29796583315910175,0.16881574344289693,-0.025762955461310855,-0.0152983972762523,-0.08903383538685591
0.094,-0.043077217243419126,0.00414502028607258,0.04725184720467171,0.020186485158892802,-0.04700101694912162,0.025024402496458466,0.10636887044247408,0.28725711253965036,0.1690901632434901,-0.0229415830400506,-0.01565184142757896,-0.09373252959877688
0.096,-0.035248068032694625,0.007345297549136701,0.04238508410260135,0.015119176319299436,-0.04003113135297035,0.02415154430170295,0.10667160943557166,0.2962768837974011,0.18884752644199868,-0.010846471486515661,-0.007544590270726244,-0.08270984541665001
0.098,-0.03492934638561383,0.01358624683663406,0.048123381992137004,0.01239565845684733,-0.04224069303711859,0.029304055191612638,0.12045226323930332,0.33010151133327736,0.2191507855441718,0.0010633236837090752,-0.0006777588948727122,-0.06281716539724519
0.1,-0.042624653945091566,0.025119232388151665,0.06733194105141865,0.01082290633938295,-0.05531713257317436,0.04384974863607857,0.1318696304850019,0.3598576296522938,0.2370048732815679,0.005396296320163707,-0.0016860559881790513,-0.05016479922797089
0.102,-0.04726864620826334,0.0333925191080133,0.08044592339425005,0.008630835988617757,-0.0639499175943737,0.054912499170068615,0.12713082918595928,0.3584268046077134,0.23345940482278324,0.005181288685706402,-0.005968612703153136,-0.046137574159959005
0.104,-0.041959227696273506,0.02904505698342949,0.07102144827442931,0.007201867358297647,-0.056797236739146266,0.049238941208146786,0.11234052984672256,0.3370002886917204,0.2241557476569145,0.009523345889148615,-0.0048258088483730125,-0.023906064310964113
0.106,-0.03534495022398007,0.014886038264579187,0.05020797165364203,0.010440742970852897,-0.04385462557214823,0.03240556405720965,0.1057036197236168,0.33093359954132545,0.2289946084755275,0.02088186636815531,0.0029195395198571873,0.045474684916001984
0.108,-0.03976023291394234,0.004081708574892359,0.04343166897016804,0.018489452966699432,-0.043308993241456144,0.023313702663959525,0.11327747511241426,0.35245667202863296,0.24652312159568351,0.030573905786894087,0.00961861647878216,0.14644437629972992
0.11,-0.0520202673200606,0.005106255783108567,0.0563318121863653,0.02502401002697665,-0.05552940463032335,0.02968443875412655,0.12102566967562738,0.37606610525040485,0.25707006820064265,0.030483422801046087,0.008266444761336877,0.22214838953660834
0.112,-0.05646154674819413,0.012621179191490825,0.06835690146696749,0.02424207651514693,-0.06267736309102788,0.03886994662809522,0.11559390605494868,0.37703042198655645,0.2526635617865854,0.025056475493179044,0.001669702195698025,0.23893948702136714
0.114,-0.04711103642840148,0.016576204437462494,0.06345859914852123,0.018064365225076894,-0.05508365206895417,0.03790497708472457,0.10410941660369542,0.3676643877948834,0.25128857779500097,0.025509362185410094,0.00042064047535089657,0.22379509198194147
0.116,-0.035879162772364935,0.016457066285773852,0.05253415310390226,0.01267199034270638,-0.04483786136718319,0.032585764102587754,0.10367038998432009,0.37951517293027376,0.2717636268990596,0.03521455997612288,0.010467661759337613,0.22306466960498567
0.118,-0.03475967133292943,0.02075053368233075,0.05573118211925036,0.009584901739342438,-0.046979123077705146,0.03740705329005847,0.1165057142791601,0.41730334850506096,0.30486050112685725,0.04683446368643139,0.02496501769286605,0.24606553135639328
0.12,-0.03941983206301363,0.03337038941503476,0.07282054418946624,0.004741485070047757,-0.05777964906958971,0.053145918165038594,0.126799552120376,0.4497381353342917,0.32397196951289714,0.053098084288817994,0.03200450945302211,0.2662829720672645
0.122,-0.03781488682483438,0.04550104629458522,0.08333402116229471,-0.002927567293339703,-0.06110858033640758,0.0641984916558999,0.12219757366612916,0.4500449427252873,0.3199896338161407,0.05608957024122643,0.028856497023330728,0.26418810606275045
0.124,-0.02810576946886873,0.04499364385329273,0.07338984065019132,-0.007965956064677097,-0.050573544921394084,0.05803623219845418,0.10922599785639237,0.43013843965323734,0.31119673327149056,0.06315427657224688,0.02372052476014134,0.24870933547540566
0.126,-0.01959686604394925,0.03279917308254621,0.05298306381966627,-0.006392567798568692,-0.03660212279674729,0.04128866205136029,0.10316457860913002,0.4230993346967025,0.3171695699066039,0.07491183392868038,0.02349543877613245,0.23791363449994535
0.128,-0.019539253922023096,0.02285486386466386,0.043024896507229626,-0.0015173996044186245,-0.03256866075518063,0.03184908315967512,0.10748552581570249,0.4402985557638822,0.3339220015042186,0.08251092560236505,0.025979085957909806,0.23505498292254762
0.13,-0.02499454474849202,0.02429756417508678,0.04971577226729355,0.0008247326417207089,-0.039088443088934555,0.03685151219749253,0.11071684221988447,0.4606678178551371,0.34327684713221773,0.0801163895273083,0.027309800239678828,0.2310669023508455
0.132,-0.027695029546137902,0.03209165607637822,0.06000396413738169,-0.0014111744031968083,-0.04536089147924941,0.0461898218695506,0.10501131942478201,0.46464825054711906,0.3423602196076742,0.07491547322062,0.030380537254805,0.22273031754735845
0.134,-0.02408040957182994,0.03804624124221594,0.06235121319022614,-0.006524975152556996,-0.04451961792891482,0.04941070132506788,0.09898833043753022,0.46433986244671954,0.34964036234869716,0.07808759997067516,0.03983832485118349,0.2185405434090651
0.136,-0.017822955634674426,0.04311417382866491,0.06126637339705895,-0.012845051525360682,-0.041160125426676346,0.049903670570250254,0.10525551846906303,0.48582777750003026,0.3778891068034921,0.09014747264357997,0.05355470600394561,0.2262542432139457
0.138,-0.013551369257381717,0.0534945354637163,0.0673052809811633,-0.020207729854365246,-0.04240667690381967,0.05732863617777971,0.12072695537197688,0.528049382668605,0.41355379235275713,0.10164955073580981,0.0639280225972931,0.2409391922271639
0.14,-0.011256006064463043,0.06857464259028921,0.07985490383611338,-0.028054491055280448,-0.047164388845635154,0.07166730970519487,0.12797034243684574,0.5579150010325392,0.4316426128284248,0.10608664145510174,0.06675189097857856,0.24955114065276704
0.142,-0.007461036033898499,0.07846010293704006,0.08579713447201898,-0.03391512214201376,-0.047442211872733925,0.0809376654682456,0.11703383391072074,0.5519512846787739,0.42588153041372,0.10778375842488856,0.06733494685862032,0.24599089264553226
0.144,-0.0007931001435028118,0.07492276017618746,0.07563619572515445,-0.0349937882784117,-0.03896990077490223,0.07531645853178842,0.09880027189719369,0.527466392875795,0.4149337829293768,0.11538236071498624,0.07430893198407915,0.23667113843307663
0.146,0.005086776321137422,0.06223967261476133,0.05717940878669349,-0.031536642858058406,-0.027625198985737127,0.060182368542204205,0.09112021704100105,0.5193512894713839,0.4179700041682159,0.12883085780001396,0.08632168685138757,0.23012621044456258
0.148,0.005316871023178082,0.05336315039551318,0.048124238970923654,-0.02734803955151004,-0.023522339523352857,0.050973000107860246,0.09614612084595195,0.5356459378756158,0.43206640709237626,0.1376946226371176,0.09148250053293364,0.22652707596980304
0.15,0.0012078402017061387,0.05533076764443472,0.05426690100893845,-0.02644128332301849,-0.028396011167698115,0.05469326672073487,0.09931982169444359,0.5519994422910997,0.4400304131037862,0.13503161192892135,0.08380066852942136,0.22117850276705034
0.152,0.0010532670184153143,0.06285659822450694,0.06212830929089666,-0.030321577835497614,-0.0321101022024405,0.06220961340037699,0.09142091351738361,0.5499866599967204,0.43774744228516876,0.12812410991810444,0.07406900698218687,0.21535761983998794
0.154,0.008800836543552201,0.0678321549886857,0.05956668897189432,-0.03720677988121384,-0.02696201690823869,0.06317604464519185,0.08289603898842957,0.5452083425666705,0.44301732330616556,0.13020474512427724,0.07840248539766118,0.21755129806037704
0.156,0.016025625105451444,0.07080531996024725,0.05536708103374156,-0.043140622119323464,-0.020922589304869156,0.0622365054685145,0.08926371610274503,0.5653489565357939,0.4711963815975394,0.14490755458925314,0.09927424484794162,0.23268048964740196
0.158,0.013673473384112726,0.07893782814615642,0.0656735176459943,-0.046445849446271885,-0.02642682632034974,0.07124692946486456,0.10764422236209285,0.6079488833713947,0.510233702191559,0.16288405290020758,0.1227542681483356,0.2534098777485699
0.16,0.007152570817149769,0.09352247552102523,0.08646113581563247,-0.050003859562756735,-0.03970691330622241,0.08873750125447459,0.11750311409981844,0.6369892149044595,0.5311827714554683,0.17209839191661308,0.13349883996531484,0.26468247218017715
0.162,0.009465918004269103,0.10449305971721733,0.09480189959958263,-0.05581089414184196,-0.04349666114241336,0.09812721607370821,0.10603254155251879,0.6266592590362614,0.5228330206876519,0.1713023255068256,0.13042556515298198,0.2592733165889389
0.164,0.0223947519261201,0.10100513700589797,0.07817902358923086,-0.0600790424667068,-0.029907593289972296,0.08799688481821577,0.08473519114180446,0.5951040033835804,0.504985134521153,0.1715959342518094,0.12581834604103406,0.24633376662274192
0.166,0.033907648551678944,0.08592278324283754,0.05158643865430888,-0.05838707743663816,-0.011222914460841959,0.06724471497328127,0.0741257514075192,0.5810241751388533,0.5021472240182743,0.18055280551120081,0.12879029152271837,0.2389230114223611
0.168,0.03377036018402778,0.07464428658308685,0.040669347612573424,-0.05300068552447694,-0.005350111869409624,0.05605602371778861,0.07727077046963743,0.5942350599764327,0.5129553654315502,0.19026657804087407,0.13485592817958145,0.23705386763415962
0.17,0.025442319208561957,0.07682562211862695,0.05143667901680245,-0.04996777436939881,-0.01445352694382064,0.06234516691556323,0.07868167007834781,0.6073953926011517,0.516885424652456,0.18931467389163842,0.1353045780357456,0.2313348815721936
0.172,0.021394392060002963,0.08530082403377243,0.06403803897055302,-0.05168869758099749,-0.02270904036829514,0.07291554416606723,0.06878587006508773,0.5987352830260705,0.5078226719954908,0.18088791363133963,0.13122406296013261,0.22131735634549055
0.174,0.029375001187158408,0.08889492566987654,0.059583316009576635,-0.056796717160404825,-0.016477244783943853,0.07272854988380714,0.05784132088329808,0.5843361831232537,0.5049285306381268,0.1790148844503309,0.13157989395488442,0.21969268689090746
0.176,0.0444923414594618,0.08896151970765115,0.04455170758648769,-0.06405940952216602,-0.001298471099047849,0.06555859444129494,0.060609830556510945,0.5947644282954916,0.5251411792966852,0.18986496663538574,0.14026356053941808,0.23502068154575323
0.178,0.05501310518839202,0.09534293225629603,0.04061141717636113,-0.07277705576193759,0.006003825855184863,0.06711249642157383,0.07536071883127621,0.6302425591367006,0.5574641812707254,0.20493397237682398,0.15141280583012265,0.2584328069805202
0.18,0.0555230836616544,0.10993514823635506,0.05486095009770736,-0.0809784703802517,-0.000773360292672943,0.08168967405013201,0.08494212372415066,0.655835822572883,0.5740380053221545,0.21288433098849727,0.15771923745173427,0.27256834038554717
0.182,0.05167515705093315,0.12113323076011258,0.06987186307505122,-0.0849994250770842,-0.009922539922720828,0.09447629156830513,0.07758526928155376,0.64402733233774,0.5632997760003364,0.21385871673949677,0.15983331337662,0.2704542854746599
0.184,0.05117758704334416,0.11659357103009493,0.06572822397191114,-0.0820569628985191,-0.007842404775237167,0.08962338804729479,0.061095849878951454,0.6095203653442879,0.5429040972415595,0.2174851271800756,0.16427694460501818,0.2610290595786575
0.186,0.05407119130559191,0.09890437581422389,0.04510032695433287,-0.07401292401039332,0.0038070636947834507,0.07050593793877645,0.05171471426086115,0.5890442785278159,0.5356668106441477,0.22658652495535234,0.1723891443019978,0.2554282031761151
0.188,0.054446255293273876,0.08395489442849316,0.02969062682235272,-0.06673060829080316,0.011438207603407859,0.05582701709045257,0.05283550047246337,0.5934251506742154,0.5407305381773714,0.23168518237370916,0.17706407843376737,0.25301471982279894
0.19,0.04960638126005474,0.08241033534411976,0.03282474785259121,-0.06414222346084393,0.007382370235728561,0.05662945530757938,0.052694178546510886,0.5979214110134954,0.5388966489161067,0.22569566910041755,0.1733486327505248,0.24626188219699832
0.192,0.04428583177362465,0.0884974768137599,0.04412806823930067,-0.06496093621307426,-0.0010856513859732314,0.06479311637420136,0.042897569167149305,0.5828854818944508,0.5240270918699114,0.2154079643985544,0.1676674335039649,0.23673774557043922
0.194,0.04500038339865558,0.09189755912483462,0.04686064749323535,-0.06699401336616471,-0.002486482593328969,0.06788430470181292,0.03135960361265496,0.564967970622309,0.5148776152997596,0.21330979146036785,0.17135936632597396,0.23713364362963774
0.196,0.052078391126868226,0.09347657925419214,0.04154409757342454,-0.07131948053460818,0.003741199112523179,0.06690037962185598,0.031791516349483497,0.5728704254370975,0.5288849264217366,0.2222563374470072,0.18601572735992827,0.2542678390361061
0.198,0.05945409435826703,0.10109706085468462,0.04200915181869804,-0.07916969982483231,0.007958339348288409,0.07154632839308331,0.04386520843832401,0.6035180408151093,0.5554810599257597,0.23194768719634454,0.201056031877197,0.2772428604747926
0.2,0.06316471463217668,0.11481793965336479,0.05210869067912519,-0.08829410750209259,0.005393982346697214,0.0828630341714804,0.051334523331150426,0.6215656038501692,0.5668891788142919,0.23151397235970647,0.20723867095650542,0.2878625199006182
0.202,0.06747690245187331,0.12398132029963012,0.0568535392327081,-0.09526260332672189,0.004956580768908074,0.0886379969107468,0.042220068181999484,0.6027278121110606,0.551118970929014,0.22320418459432534,0.20689943995820076,0.2802926098738366
0.204,0.07788391289085053,0.11947136343752356,0.04172243864595521,-0.0983411439585143,0.017290422213240685,0.0783137142630746,0.02463815770942044,0.5638586124014672,0.5245293749155121,0.2197006386571033,0.20904570123571248,0.26628689968341784
0.206,0.08882268347587265,0.10528820323299745,0.01630768585838996,-0.09663138829733008,0.035719901466400826,0.05901196099606246,0.016444451671867345,0.5413290246343798,0.5101627547649638,0.22848430956904697,0.2179892166693301,0.2600868126055899
0.208,0.086502535973536,0.09442739441962646,0.007506865002868102,-0.08954660113136843,0.03950814350874076,0.04997628701854268,0.022154947829387296,0.5453450829871072,0.5101446151355866,0.24221485757159833,0.2279018432946095,0.2613573764827146
0.21,0.06812978954970064,0.09372500461851901,0.025267777540058073,-0.07926346324272754,0.0212804701602729,0.05878943424929217,0.027893498659824066,0.5497467723541902,0.5074988149299446,0.2470842801478576,0.22956684423046028,0.25851480098576146
0.212,0.05022633528681468,0.0970012826017026,0.04687508234722769,-0.07148639780237477,0.0007461929294330433,0.07070813826723567,0.02116594981616168,0.5308775021989096,0.49390968447556355,0.23965526320491942,0.2231873324367165,0.24859446799787216
0.214,0.05025982557365462,0.09528136692228838,0.045362471958234646,-0.07099607578648458,0.0011309843807430818,0.06832686859934109,0.008335460726923212,0.5011735946435589,0.4822809264967198,0.230346406385865,0.22011433149200876,0.24379505597583848
0.216,0.06585944194675913,0.09025082951163775,0.024460220537886344,-0.07718565581397901,0.01975835005097359,0.05525269074397476,0.005533959993733087,0.4912160108881306,0.48653847563043107,0.2293016182997584,0.22954502900919768,0.25391178834745265
0.218,0.08002639377305285,0.09227138319632759,0.011831780001013625,-0.08574769037888616,0.0336062391241843,0.050406726011875645,0.015715739529313197,0.507007206522573,0.4999540184455782,0.23430008349237597,0.24751912784419086,0.2714139711903434
0.22,0.08352989643079618,0.10492593792598594,0.020841307576967824,-0.09345458391424152,0.030678505701862358,0.061308464947330846,0.02367350767860711,0.5203239010854809,0.501977561807963,0.2364298295208451,0.2620582214279048,0.2802395229348528
0.222,0.08306597469165458,0.11713416977272176,0.03391382825695943,-0.09879827835175141,0.02329304480449796,0.07343350341978615,0.016382205545817943,0.5044745413142253,0.48359903532175963,0.2340983426655263,0.2668082064522984,0.2747954465898677
0.224,0.0862276789787911,0.11519826601241377,0.029370771894981433,-0.09950171451637964,0.026780262343421422,0.07004001674654022,0.0009196808762904425,0.46867746144347716,0.4578746365028736,0.23430225459958998,0.2659334982280098,0.2644014680601598
0.226,0.08834509509276836,0.10006405173124726,0.012205681174491393,-0.09346637388303508,0.03661531915419843,0.05475280321880967,-0.0049531358411397195,0.44536060536674743,0.4421291057651821,0.24001290427960642,0.2659483927555362,0.2597454410466746
0.228,0.08066855112837149,0.08598204293966326,0.005291027446355649,-0.08241260068275302,0.03665472423364371,0.045425514074568546,0.0032544794492484984,0.4463544461380697,0.43551851769921196,0.2434823515027531,0.2665781319810431,0.26019864631861445
0.23,0.06577330639137814,0.08203044971502015,0.015729081469991055,-0.07191954032847442,0.02409520569095339,0.04893740747297906,0.010890021300246688,0.4471524287699478,0.42200753257923235,0.23599721983095662,0.2629715710225938,0.2577216907691248
0.232,0.05651077166155164,0.08220951883884278,0.02523243772629651,-0.06659473022861029,0.014242733721409984,0.053017080404195914,0.0046324685716866406,0.4235531660015177,0.39621238963538546,0.22081874420181402,0.25573603215752505,0.2508440157717273
0.234,0.060369706778746035,0.07685950916400938,0.01646437104025693,-0.06632938573840977,0.019807892651256417,0.04520214542148762,-0.00893941229088524,0.3886907609907985,0.3750714252555425,0.2103499829412986,0.25270174986476596,0.2476693678626095
0.236,0.07132038239394979,0.06799090196095359,-0.0030964641393929184,-0.06846993403571662,0.03476941191767516,0.031143098248156174,-0.012710938966387288,0.37422960902321184,0.37485231019608783,0.21041837226193943,0.25805945688794885,0.2537335336253782
0.238,0.07730838810975564,0.06612876596325117,-0.011025032750914269,-0.07091912615848933,0.04220834005225736,0.027188367375964,-0.0028738090881956107,0.3842534865452435,0.3859618690479546,0.2139324350255803,0.26533206431786927,0.26382419688998254
0.24,0.07268112250527123,0.07354166999307443,0.0009317070138784818,-0.07161902548475772,0.034539469206976134,0.037718285617575856,0.00559110101225702,0.38868821339705806,0.3831126865321016,0.2121441904760491,0.2655553642079436,0.26759069802251706
0.242,0.06434243662140383,0.07941267854499999,0.015296808764911032,-0.06951336622720349,0.02336352988325157,0.04788860843018201,-0.0010422325350277714,0.3629112408429369,0.35695909968775946,0.20589496376865152,0.2586931536848947,0.2601443787414621
0.244,0.06387823334783269,0.07390641386142204,0.010435057285181331,-0.06649698837326205,0.025700821856626897,0.041985485299897644,-0.016910551419244475,0.31950114298483523,0.32443990721685534,0.2016141064470086,0.25290696069279145,0.24693090140449386
0.246,0.07098849404191819,0.06066655677203842,-0.010019042400533678,-0.06417165384369192,0.04002705425091025,0.02425170880770112,-0.024500169834670623,0.29210913076236644,0.30624887005047874,0.2004484822754094,0.2543455274901789,0.2376375289788412
0.248,0.07152837598640806,0.05168603222118561,-0.019836824418588948,-0.060553547137277355,0.045523425732245805,0.01458301574679421,-0.01737308787695262,0.2929301562617552,0.30203764815719525,0.19701458646458517,0.26012007327317094,0.23489749045100428
0.25,0.05725311408239607,0.05160831535864803,-0.005801519363088823,-0.05328350712818032,0.030665622327748034,0.022127042731595613,-0.007511599837763509,0.2981117140935388,0.29340920859767966,0.18841162632896086,0.2616223656283681,0.2322741196416411
0.252,0.03933295445004689,0.052022842891444175,0.012626379621816026,-0.044120416141350365,0.01121522675599795,0.03214947263810579,-0.00850161737432905,0.28125349038523073,0.2702719953380056,0.1790656235393397,0.25454196738177504,0.2251278915126508
0.254,0.03490291914117085,0.044523363182239956,0.009793231931956671,-0.0382778408136225,0.009819301863150273,0.026792046659653596,-0.017527024954281024,0.25035918951199043,0.24634031265397058,0.1743566532032236,0.24391794249693546,0.21847041994671926
0.256,0.04589480032796993,0.034433978929367635,-0.01104513721810115,-0.03956014799663404,0.026285564706803738,0.010584297427886412,-0.020658700144704698,0.23556827620535942,0.24094906977127944,0.1730329593351474,0.2376889520074749,0.21983346461940173
0.258,0.05834172239619283,0.03497908590372835,-0.02279928065319164,-0.046702467178979086,0.03938475788895877,0.004401895369220078,-0.013786560665485755,0.24470283860265668,0.25063010344816483,0.16879457230771816,0.23741458122693077,0.2274852503759495
0.26,0.05991156559012274,0.04897919087399407,-0.010380953045785728,-0.05424214834152896,0.034727780944826654,0.01748921584249641,-0.008920735458067573,0.2504247789491326,0.25140792610949325,0.1593258560474,0.2390320938276496,0.23085888168248495
0.262,0.051570685984954755,0.062474178918286605,0.011280213954043244,-0.05619613845057145,0.020257867913104084,0.03537124259000691,-0.015643859210841,0.22824222814648884,0.23132555858523565,0.15214361452937264,0.24154033778596057,0.22453881745172474
0.264,0.0426181159508922,0.059984207038656645,0.017483373667802088,-0.050258521612329174,0.012982387717934956,0.03773366945076529,-0.02586050560275002,0.19146533269975982,0.20649150475164946,0.15671552375708492,0.24819077860336675,0.21611042832373056
0.266,0.04005968237668367,0.04290996016683384,0.002776012026926013,-0.0405797970102196,0.01885369144298294,0.022152768624115686,-0.02641237179768125,0.17241824424731148,0.19585016116848195,0.1690934771706186,0.2568353822138508,0.21335364806441848
0.268,0.04321977647863949,0.027699160135161566,-0.015617411984610509,-0.03473843018142565,0.028883005248302097,0.005276911571010264,-0.019058465019710806,0.17766368937619548,0.19384914346177284,0.17254431357727393,0.2572713595457313,0.21087109657680633
0.27,0.0456528391715939,0.025937856518261037,-0.019728388094322213,-0.03532388791879227,0.031244033243374693,0.0020168822526031643,-0.016965130339763695,0.18125575117557535,0.18181093615979863,0.15877922064980993,0.24380266648964025,0.19955473896055276
0.272,0.043130358942342066,0.032408683184370866,-0.010678107551705172,-0.03743500270693984,0.02480883114643469,0.009509283894806026,-0.024969008646486004,0.16319995122508474,0.1577058924486087,0.1398617346329406,0.2244646724445632,0.18338264831404588
0.274,0.03946055382225567,0.0359445065242039,-0.003487884514572756,-0.03703899653538492,0.019111589013155947,0.014975963343511322,-0.03221622027986613,0.13741335368987936,0.14021348897998387,0.13259536821798437,0.21355303284170765,0.17653593798027065
0.276,0.04028711782840791,0.0346031046513072,-0.005693948142469426,-0.036127308430308744,0.02063752547168782,0.013594664432987683,-0.02639968968246328,0.1312101348843729,0.14304486489638266,0.1379888374907557,0.21757597834056822,0.18525108471730825
0.278,0.04335623975160654,0.0343371067560751,-0.009039115671899493,-0.03695760510209151,0.0241759616200336,0.011973473575415375,-0.011236503357175492,0.1460094317671202,0.15500382733814252,0.14200690482679368,0.2290710527768878,0.19871294152240537
0.28,0.04238107041935284,0.03745627872780791,-0.0049289192929128775,-0.03762429070132657,0.022281930351416495,0.015377092539068564,-0.0041760395023209195,0.15257424942256576,0.15244396070362948,0.13436916514853572,0.23492008294990943,0.19997003130229826
0.282,0.03803325416381534,0.03775632652422266,-0.00026801294453792344,-0.035323304687153834,0.01820794823849943,0.017716806177042674,-0.014859053399115333,0.1282009044444706,0.12897557648314198,0.12152822791971579,0.23113874240426116,0.18491458278481215
0.284,0.036738748464338104,0.02873804879358266,-0.007994194952188477,-0.030213695800364333,0.021252319470072105,0.009604755496965312,-0.03176020504774469,0.08798085594253534,0.1032385199567022,0.11753577308692721,0.22536850973349434,0.16697760711894039
0.286,0.039976011779121925,0.014504752267541327,-0.025473017095440826,-0.025249293677493918,0.03141169554529626,-0.0061200314467113985,-0.036550883408676335,0.06735761236178757,0.09346699075260945,0.12463510726607895,0.22430493837129004,0.16033245413424121
0.288,0.041902304943960036,0.006637541277191189,-0.0352691520585377,-0.02308553423492807,0.03755047241138161,-0.015598220374921165,-0.027666807116946857,0.07648867278720983,0.09356338775762359,0.12927940514793249,0.22415218784536287,0.16239823525703354
0.29,0.03820656057968574,0.009176615172635467,-0.029031082120700817,-0.023199687065691536,0.0327682254388526,-0.012321456103107023,-0.021046257358240106,0.08710946570124128,0.08385359611396785,0.11961039951226961,0.21682211077872332,0.1593003018649961
0.292,0.03162144124880197,0.013091495793514273,-0.018528093588316235,-0.022178529902993196,0.023863573623858176,-0.005777590799025965,-0.027347825129586948,0.07227346257670754,0.06136387780946455,0.10145017836545443,0.20291561049340112,0.14710860815032215
0.294,0.02701757987680948,0.009407013609290846,-0.017631001047302423,-0.017889306461373784,0.020935716734851447,-0.006939491056366063,-0.036690463878795036,0.04497870033061222,0.04642211262081129,0.0911903528396893,0.1929451556414345,0.13878935183063548
0.296,0.025643175312816863,0.002189362184516548,-0.02358542071829443,-0.01319684767444705,0.023890129635479488,-0.01275335705629644,-0.032187543851030294,0.039601000185522525,0.05484092373865316,0.09538423507984642,0.19429756030993525,0.14701899188373224
0.298,0.025673450118353466,0.002484066474113953,-0.02353970294157601,-0.013108541359180607,0.024706661621256586,-0.012002197192313607,-0.014790012328322898,0.061664523808741836,0.07358897150346357,0.10353117321341233,0.20176737390813593,0.16656573868492644
0.3,0.025536558878226628,0.012141760865162233,-0.013927078959821855,-0.017935718057181464,0.01980611736822975,-0.0022420497681967977,-0.0040995769901355375,0.07780235995944423,0.07477676931507644,0.10278749515981053,0.20498292592419962,0.17920833793318675
0.302,0.025037458678031678,0.01947461527094318,-0.006014106239993342,-0.02143039664423173,0.014868811020322233,0.005499520687621666,-0.011903986247071386,0.060895534239064915,0.05124824829317575,0.09457094420140799,0.20213164972349354,0.17471007097051708
0.304,0.024155370406227592,0.013123312381269753,-0.011079285559809143,-0.017430806152161048,0.016419771651956617,0.00013612877859381513,-0.02652163786328963,0.026585335016454367,0.025697760732053473,0.08976505278931726,0.19991110380703167,0.16099896024324636
0.306,0.022384162808890794,-0.0028236584332099295,-0.024763687269018855,-0.007827823116686507,0.022341089065520233,-0.014550674422195839,-0.03050696797870015,0.010047082161421566,0.019974402183767528,0.09070089784685499,0.20018111946002637,0.1509662495107303
0.308,0.018797639675051023,-0.013747875171419927,-0.03185193540621397,-0.00022119925057957084,0.024104831098913204,-0.023946649271937407,-0.02418420168753023,0.017792557102316947,0.026476352566016957,0.08803762967290932,0.1950916300283772,0.14525736072704676
0.31,0.012774584571775719,-0.01378754254652966,-0.025912349722899738,0.0024121344265648883,0.017987851040118144,-0.021615139654213425,-0.022023698127924755,0.02254679609938343,0.021231350956512428,0.07652961288446687,0.18053327954229106,0.13531362741737496
0.312,0.006208487614355022,-0.01141282517647128,-0.017024019300197948,0.004006567275094054,0.010525625590121553,-0.016343250293856172,-0.029718947019536847,0.005930553031251317,0.00011289046566860566,0.06441883148821519,0.16705415283582065,0.12077445994290824
0.314,0.003111139217215937,-0.014405931101141519,-0.016772831731661678,0.007013809908438268,0.009741019775848726,-0.017495674525190928,-0.03492888454192206,-0.013720732242784691,-0.013955925659829305,0.06250571289627517,0.16823274440861846,0.11354920521559632
0.316,0.0047247238331114124,-0.018319203293382647,-0.022164846099934937,0.008155681627822096,0.013852004365485567,-0.021546559032178857,-0.02434178229012919,-0.00753399484951845,-0.003001216442942732,0.06972316245601944,0.18253282567104628,0.12159083503733124
0.318,0.00764267081985032,-0.013854042445820919,-0.02083792621478347,0.004128406347127579,0.014179862097359369,-0.018443726768072658,-0.003948511079638519,0.021851981570389947,0.020462863926746778,0.07450009797544074,0.19503175828450836,0.1364721663287189
0.32,0.008960290781483062,-0.0009212110646408241,-0.009706434666513938,-0.003009042317288519,0.008433865977381268,-0.00707129872674821,0.005777167463095079,0.040384485235834044,0.028450953690635123,0.06912346011346757,0.19488182307405372,0.14234557990522337
0.322,0.010065878745013971,0.008844051013083862,-0.0012736776825387668,-0.00764043093930911,0.0047903288309050565,0.001073269486459221,-0.00432683577584011,0.025090818201042378,0.012009161882257117,0.05907662751601064,0.1855662607500973,0.13420574440263014
0.324,0.01265005557985342,0.004597185459538036,-0.007780166515505011,-0.005914799446747991,0.010098810968801039,-0.00466268748459439,-0.0199625724835393,-0.007366974332017337,-0.009568725521809882,0.05521560128628543,0.17827225026970397,0.12203653427447989
0.326,0.01388371727539473,-0.010235612976042547,-0.023357035458810484,0.0008508829911886035,0.018751767497128997,-0.019508299715085387,-0.022273776840942082,-0.023343699057431114,-0.015050558125196498,0.059150979592909436,0.17821275451107535,0.11652833784644923
0.328,0.008837392367169187,-0.021379040498144132,-0.029455815552436582,0.008086416255887992,0.018490666839390466,-0.027619927847001305,-0.011622167399445708,-0.014303167169914581,-0.007511408826952458,0.06136453602890631,0.17953399917526822,0.11570173863884185
0.33,-0.002259925737292251,-0.02128453567653881,-0.01888247861992285,0.01301911683236234,0.0067130930397511345,-0.021954580750227208,-0.0052639799678180135,-0.003868458606960953,-0.007087164956905022,0.05366115248586571,0.17439255244694504,0.10950010086411661
0.332,-0.011040062937434064,-0.016694737303963904,-0.0061672536176042405,0.01539704629776407,-0.004163240073355838,-0.012886830072119753,-0.013248107483034868,-0.012718941509542548,-0.020958213983017487,0.040157043621009095,0.16453231212359032,0.0962848006646191
0.334,-0.008528592017573024,-0.016175305810932045,-0.008187682189272313,0.014341017596058953,-0.001297938764255236,-0.013036078535243148,-0.024207839248369216,-0.028694571019615908,-0.031979115959947596,0.03308182925038818,0.1591836506556603,0.088032699486364
0.336,0.0037203116565921353,-0.017599004236149192,-0.02126452629967994,0.008981152743652266,0.011861897352660827,-0.01996799457349591,-0.020390377728532767,-0.02351416480399041,-0.022365086228673885,0.03742173220696948,0.16247887257315768,0.0951441681311837
0.338,0.013980339576553272,-0.012912024913977452,-0.026319371620760288,0.0014505081774816384,0.019361797258400454,-0.020469961899066472,-0.0021459444604928143,0.005856212095545073,0.0005271054520160456,0.0442520100054852,0.16880836563008653,0.11159778955295077
0.34,0.013982579635993638,-0.0012043714573266619,-0.014716450973707329,-0.004438255925376312,0.013047819486005682,-0.009511477198828885,0.01155843428284839,0.0288482744414284,0.01188706789259635,0.04302313121399481,0.17102702243117246,0.12060925074412736
0.342,0.008676524132034041,0.00839220833218355,-0.0002593186385414528,-0.007027495608664539,0.0029374719390901087,0.0020896597450679555,0.007923107388118895,0.02030358906304843,0.0007214563565152067,0.03615540148818464,0.16891549390471655,0.1138876832675731
0.344,0.008380494302354578,0.007653542998548281,-0.0008416233660898567,-0.007266536216114554,0.003246059412050551,0.001756187583625123,-0.003710503481728343,-0.0060799208760763754,-0.016982455575082954,0.03452685518057653,0.1675707858548548,0.10058372487817559
0.346,0.013241677210538481,-0.0007372953540351196,-0.013778207261442174,-0.005820749169655658,0.012245701079875698,-0.008181601464279617,-0.006458612105959319,-0.017617731180182183,-0.021030013571328735,0.040421664145556674,0.16860251744443194,0.09366921842653217
0.348,0.011997173331032384,-0.007472097301723128,-0.01897657286503196,-0.0016321139818617132,0.014072882191251497,-0.013841979492362478,0.0011956935727494582,-0.006822525455105853,-0.013534902046614504,0.0434015084535898,0.16655880508764084,0.09225229863638892
0.35,-0.001605293460801677,-0.008912136535759126,-0.0069489761818047075,0.005933240438726572,0.0013699866048784478,-0.008732758496301441,0.005612804615873971,0.0022263077627370413,-0.012417883057889892,0.03521052586855407,0.15700577979909836,0.08559767681243871
0.352,-0.01721040411106416,-0.010224653727201162,0.006993027449772855,0.014252397698537644,-0.012668554239480255,-0.002603896219095742,-0.0014670322668558057,-0.008802116890053014,-0.02305491359335432,0.02201168306848669,0.14495171587198014,0.07224134157852381
0.354,-0.019377021702585012,-0.015303465160115512,0.004008664049475934,0.01829202262262896,-0.011459543230515196,-0.006817009980016849,-0.010951145548463598,-0.02510179666253662,-0.029502771230158358,0.016583377854801473,0.1400322353433712,0.06433852630236093
0.356,-0.007976481346390353,-0.018822066622200314,-0.010633400298893297,0.015437666305824991,0.0015747985348894716,-0.016200779401852848,-0.00838617531789612,-0.01849304408532076,-0.017256260716790657,0.022019177918891117,0.1444809455284676,0.07123584085264659
0.358,0.001932647053068233,-0.012390706119658841,-0.013972809153862507,0.008149708020482446,0.0073844029399339865,-0.01478097990913953,0.006818988102919024,0.012941878154926062,0.005167697443999239,0.029252152539844655,0.15069515834652367,0.08699587782632241
0.36,0.0006801896970174265,0.0029997868680579475,0.0023268129902067666,0.0010689291406331004,-0.002088048139916922,0.0011837049596331462,0.019876290724800915,0.03854336234238407,0.015554029767850468,0.03012171240176568,0.1514664735601084,0.09712602624625152
0.362,-0.005514735297938321,0.014821349321217172,0.01989363562470207,-0.002462686339000014,-0.013761866137571592,0.01597561760358614,0.01880300098005754,0.03243896968764243,0.005658829014334723,0.02736719193786789,0.1487434409280608,0.09405552541385465
0.364,-0.006984736491300597,0.012435278410125102,0.018978450282414055,-0.001280417125093033,-0.013475214853818179,0.014550989528479063,0.009371414038859615,0.006861132954701911,-0.00895080205249788,0.028897222893307636,0.14957353715775346,0.08365564080618293
0.366,-0.005151701577685785,3.3717667034567286e-05,0.005125483525530053,0.0038891223197852183,-0.005851341596178171,0.002013954939545539,0.006964094115019649,-0.004257872854587908,-0.009418818127170818,0.03544482225047802,0.1554649826710489,0.0761370514750267
0.368,-0.009322125639213523,-0.009127230058476671,0.0004199995816371301,0.011208913895395791,-0.006507949811199569,-0.0044469893397945,0.015263381784054316,0.009583843559454418,0.002035883781776576,0.038888103155091606,0.15939377395773097,0.07255328742266416
0.37,-0.021801433878146766,-0.0095652201898498,0.012526684644394437,0.018434773744988142,-0.01922330056669005,0.0011363098123504856,0.02087189947116438,0.023599684417170065,0.006498565453648612,0.03327933541300198,0.15462735557140672,0.06499288819292838
0.372,-0.03254728986830897,-0.008101181790235695,0.024863139302796072,0.023126393493740526,-0.030195306896052765,0.007313891101561271,0.013046929256715736,0.015278396001102187,-0.0030961364895413924,0.023437293346189717,0.14441864986152292,0.05135186898315949
0.374,-0.031475765406990056,-0.011052508544897472,0.021078745243907494,0.02330806049762328,-0.026957028835286903,0.003553973012403263,0.0008952563462379183,-0.0025341046578628533,-0.010191529474147544,0.0193826945883845,0.1389962913690159,0.04250155990816461
0.376,-0.02185703855669927,-0.014238025050388788,0.008274378330738444,0.01930894864542244,-0.015509387382031718,-0.004090834629065041,0.0016427532283272022,0.00026027786175772925,0.001733443189787139,0.023724877380678216,0.14250224841637776,0.04875827952188577
0.378,-0.015598176333967885,-0.00982297429039976,0.006045608690981131,0.014067535114710221,-0.011664362316546766,-0.0023194159603787375,0.015925474482740534,0.02794164174501983,0.024546576528314316,0.02881164606812031,0.1475600668451395,0.0644689775462676
0.38,-0.016123692713397326,0.0019161571651684153,0.01790016656352368,0.009356061913281942,-0.018363850408243787,0.009730807916005448,0.02572819391078303,0.05075522803606709,0.034884284739306035,0.027830901019875558,0.14535118541817582,0.07318425633905093
0.382,-0.014565499884775512,0.011807590590091416,0.026157156774785063,0.004159053431128483,-0.021808342812757647,0.018510010414858162,0.01875110649579682,0.04384541305735719,0.024170636042602587,0.02436709390399482,0.13743680540758693,0.06739370114990266
0.384,-0.005848044201091048,0.011599889515956875,0.017432142528477725,-0.0006943294051910728,-0.012680354245320293,0.013626210158385941,0.00528075287886678,0.020769266273526016,0.009397583155371385,0.02663710204734884,0.13353433142892826,0.05691776414906279
0.386,0.0005432827522529183,0.00291913621114343,0.002603633698741102,-0.0006230423183689267,-0.001573306812791065,0.001433931333244401,0.00401647566516679,0.014741768824868757,0.010531080493485969,0.034774131641965876,0.13834596584311876,0.054606031791085474
0.388,-0.008179751118275074,-0.005169237516336937,0.0034048717277410474,0.007128094937772505,-0.00622632454231517,-0.0026321167503485753,0.017091085023963077,0.03355576073230819,0.024403801142510253,0.03949691851494074,0.14531689578636106,0.05908426981290201
0.39,-0.03012167544199483,-0.007378234587839463,0.023145914106703847,0.018940181897911773,-0.027227586479663758,0.006237591272766416,0.02820307379829952,0.05048985099222691,0.03101111760791891,0.03451534599614959,0.14621063973911358,0.058383657985022624
0.392,-0.048201058715848615,-0.007530077128983648,0.040902468594393906,0.02794887956845843,-0.04510989471815819,0.015745661250808365,0.02524346155959202,0.04295674991492867,0.02364542386865588,0.025556371142982676,0.1418261812954946,0.04858001452895289
0.394,-0.048936654340984716,-0.01076235779701359,0.03826894000895034,0.030228861656022947,-0.04406647193536407,0.013134283898428053,0.01630482174388479,0.024484131964834184,0.01872850132027844,0.023293759382941256,0.1385526643712486,0.04035278873145476
0.396,-0.03685783710699695,-0.013961133457874192,0.023098146405717387,0.026615279025162333,-0.030791650631376104,0.003244290896772864,0.0177246583416894,0.02550532143631256,0.031009637286729272,0.029646929465464,0.13900217564064668,0.044333847139329224
0.398,-0.0272386344933603,-0.009152403296013826,0.01846108347022075,0.02034671074532115,-0.024341829125388452,0.00243591080767195,0.030884545252412507,0.05047301950981149,0.05127615147581299,0.03556307314636251,0.14023807533797011,0.05611952356695117
0.4,-0.027518560224793796,0.004025957146433999,0.03184275838734184,0.014301066219014962,-0.03163397205168516,0.01568921392418481,0.039578964921821086,0.07058178144915733,0.058147180760233466,0.03340612979096165,0.1390660579384915,0.06142947929406859
0.402,-0.030532903650629568,0.014740627247168766,0.04529420043951882,0.009851060498210083,-0.03987200030618538,0.028415249909781656,0.03199027389968367,0.06219106536503783,0.04633053604434644,0.027356719786118963,0.1368448095267604,0.054564445367238895
0.404,-0.027113302768827046,0.012886220752162041,0.03985294742937787,0.007823608842722833,-0.03509878793409186,0.02518544993883795,0.017229806931348016,0.038794828859249654,0.032935496517223745,0.02691550220064293,0.13763619798694476,0.045177358931043174
0.406,-0.019875210258318263,0.001635173226716205,0.02142165565043077,0.00911615573093754,-0.021808724336918054,0.010167270544430266,0.013853290563394141,0.032691983570166346,0.03490017609313393,0.03305872540036369,0.14174916305724317,0.044540630587407724
0.408,-0.019621715161287818,-0.0066711358974533815,0.012984950867335275,0.013571929107006851,-0.01708770025487365,0.001422661180891594,0.025801775166011637,0.05172662497910347,0.04763194939312648,0.03707186674063191,0.144317090860835,0.050712862816088125
0.41,-0.029528531014959086,-0.00587723437819174,0.023716002289079722,0.01886989082032429,-0.027242179485620115,0.0071344718328925395,0.03719883238070291,0.06997121482578765,0.05217563906047166,0.0325374675530698,0.14129714228115794,0.05197803188135397
0.412,-0.03814171922677319,-0.001245374025038993,0.036908874743065465,0.020973985390666704,-0.038321187759693516,0.016197795948961362,0.03362085157065669,0.06438187864777542,0.04220030827043305,0.023773346400594073,0.13453242193242088,0.043326666330194365
0.414,-0.03365591194898582,0.00034660372929506457,0.03397333985499156,0.01768761331146473,-0.035064981318796866,0.015384939496193536,0.021935020056027058,0.04685768837492996,0.033988115728989944,0.020964778298673693,0.13047419888455944,0.034120856559212785
0.416,-0.02198944717575238,-0.0006145657233198982,0.021354111078545315,0.012408823787988237,-0.02339107228320156,0.008306689765942076,0.02078158009686646,0.04773049091944783,0.04391534774095763,0.028223579404909254,0.13442182866309177,0.03649589617559089
0.418,-0.019609368594046744,0.0015673084477961475,0.0211826594108749,0.01048465052986968,-0.022326518753067563,0.009521404225650058,0.03414905322372952,0.07300403211152254,0.06449929285615916,0.03792886322240077,0.14407349444529238,0.04888514472987916
0.42,-0.029249770040767835,0.009040542181371626,0.03830449772637337,0.011627334101004111,-0.035558397670426733,0.022409545833226314,0.04476200863952384,0.09330691842199668,0.07266199236404983,0.03958068887184084,0.15029331941844062,0.056418293775263834
0.422,-0.036606307458735436,0.01564800558643018,0.05225782410747142,0.01155055884433586,-0.04604807872900211,0.03280940042854072,0.03794636650894,0.08265032025489158,0.0599200307410616,0.03411658343780102,0.148703331272453,0.0502185135666302
0.424,-0.03268719147061374,0.013544802141879234,0.046225930226773876,0.010278184183313997,-0.04136392437451062,0.028329953429781517,0.022765587874053403,0.055463913609315164,0.04382497030896353,0.03277763523026666,0.14605717430582504,0.03974450567653088
0.426,-0.025738630361287318,0.00416141078297512,0.029895229183713522,0.01177943688372681,-0.030315836575003693,0.015349824934850726,0.019130669528078226,0.04708265059839105,0.04424821938052318,0.03993096715050449,0.14883011358309597,0.038689260710132296
0.428,-0.026975496975277676,-0.0028251927058724497,0.02417325435735223,0.01640366357111575,-0.028338506669126316,0.009214367161131451,0.029566433577912228,0.06451970820433414,0.056825195238645494,0.04557130788763219,0.15217442178741794,0.0449758099335285
0.43,-0.03396631088268975,-0.002692371268005094,0.03140836399018324,0.019905436694358236,-0.03509046369572052,0.012651196669195452,0.03618501512014217,0.07857867015554167,0.06036564454119657,0.039312961070015785,0.1476935085173065,0.04497596288600758
0.432,-0.03386387940756313,-0.0009395789471485953,0.03325265291305893,0.018695533359511823,-0.03532229838750462,0.013663604903830076,0.026804382551085505,0.06684297501985392,0.048018106915316855,0.025458533486963083,0.13676177031883474,0.034823742213117036
0.434,-0.021337886859127065,-0.002886639978917408,0.01887260149579683,0.013065815053319767,-0.021576270618799635,0.005070685481014079,0.013186953718368869,0.04563770550059093,0.03778070957007086,0.01817403167373184,0.12900456679168934,0.02678780245085919
0.436,-0.008399404833628193,-0.005460705511512384,0.003193133265988983,0.00746850669829966,-0.007438673755199739,-0.003549549328342641,0.015306903741905806,0.04738192147461539,0.04706443553992866,0.024047225970887032,0.1295184481788607,0.0326751178397109
0.438,-0.01132467811165084,-0.0027746564049041375,0.008524502095588025,0.007289383932571252,-0.011718673192678542,0.0014426676552891857,0.033479153335496205,0.07519345446980219,0.0680920665920339,0.03498941682698504,0.13334288086937188,0.0484836431223104
0.44,-0.02931979864870035,0.004614361682713973,0.033810980799071584,0.0128663461001622,-0.03332871143430398,0.01829559190358028,0.04660244562297186,0.09603326735017192,0.07755645815872386,0.03956227787510744,0.1339886182553532,0.058764005728152484
0.442,-0.0436879724985958,0.0088499131598733,0.05260622534359174,0.018740712476460954,-0.050054351114584325,0.02954054504760579,0.03910493274763378,0.08323315964442501,0.06570254918739904,0.03721244367255747,0.13284741314222306,0.05402888748560636
0.444,-0.04029092640372527,0.0032900699380554233,0.04397622970065902,0.020443000894098284,-0.04436952404317094,0.022062105248288603,0.020501208225196205,0.05216978763647392,0.04684612691908049,0.03624012651244452,0.1349502566642876,0.04074341829946214
0.446,-0.026251665121560925,-0.00927066701668492,0.017591084720087063,0.019498406329963466,-0.02413869194534329,0.0028881854077541062,0.011251550265159019,0.038831730116663445,0.03925945849751204,0.03886712227837464,0.13763464334514955,0.03118830095000005
0.448,-0.020078304777358686,-0.019117068260950033,0.001546375979387042,0.02042239467801972,-0.012313147633705418,-0.009155981425583772,0.0159065314471044,0.05153666182192754,0.04225123148035077,0.037138423432700456,0.13216756307650687,0.02752933475632527
0.45,-0.02978737462792073,-0.020438783639254637,0.009716063719364475,0.025172356543155434,-0.020170708457910535,-0.005181526633390582,0.020771514446599075,0.06417745483428691,0.04146088984192983,0.027219253442156772,0.11839958019734366,0.02356079594686023
0.452,-0.045022694651226075,-0.016887844796676734,0.028229335491170293,0.031229163401314604,-0.036316594738778005,0.005330205124263281,0.016128919066153085,0.05644818471312331,0.03307035120514838,0.018360845521736117,0.10833745303737247,0.0185322654607161
0.454,-0.04848792732752519,-0.014572408796715739,0.033835398774625464,0.03270147441319213,-0.04087311567119105,0.00822374687790268,0.009850711741670645,0.041247195424964925,0.03018969122622838,0.020624997075946803,0.1108700378108944,0.01902542719687738
0.456,-0.03421431146063527,-0.013002938157007364,0.021102275758756145,0.025148871123785135,-0.02801345241497022,0.0021581336208477252,0.014731241468497126,0.0440506326051439,0.04228045215840542,0.030219638416194697,0.12034794785648006,0.02780349247593993
0.458,-0.015018849840898232,-0.0073670198642371626,0.007514906070724316,0.012281762307708784,-0.012516494616205532,-0.0014851295188741916,0.029098343666730368,0.06583674571522137,0.058288792272313816,0.034229691575379126,0.12447267604512076,0.03807159302503621
0.46,-0.008136453285978252,0.0017500458145932507,0.00960111373863947,0.004165160674086656,-0.01072395663553693,0.004555980972815695,0.037305159038117215,0.0791531300580645,0.05814936324679627,0.027272060135442748,0.1190548059910182,0.03988459396045611
0.462,-0.014342170885320554,0.005853160240069511,0.01979590088073695,0.006145580942123879,-0.018887987226450652,0.01183877564149892,0.02938988937583368,0.06341001456806805,0.03863124226788997,0.01778256275627476,0.1113210925051962,0.030760941554918594
0.464,-0.01937218102463398,-0.0012317263560878615,0.01789537365155696,0.013290289717853865,-0.020200303893815427,0.007494420670041217,0.014916106390520047,0.03417603405506276,0.01949509716104882,0.01736171321855023,0.11042318408111029,0.019601844885137148
0.466,-0.016282576926729332,-0.01368277776597027,0.0027387896680466763,0.018036982108664754,-0.011224939834984479,-0.005837084946635952,0.011878436751758497,0.02534390606452193,0.019749294924787324,0.026826466796910087,0.11736738084690182,0.017281100969387377
0.468,-0.01499412092072185,-0.020061715080119613,-0.004574775698320383,0.019582300358345774,-0.007134381068841999,-0.012180308185502782,0.02303340789014169,0.04472643177307896,0.03339654366104065,0.034899185704703545,0.12395153908581552,0.022711556071300168
0.47,-0.0244035153546488,-0.017729167891166096,0.007300171529384014,0.022002757644211352,-0.017281668171811926,-0.005125125056463049,0.032472901504919965,0.06346979224561104,0.03794815479686689,0.03201482117578473,0.12171488895924815,0.02493942268277126
0.472,-0.036230433736308645,-0.014643488088050197,0.022129194330674912,0.026160678801290718,-0.02971658277685995,0.003089024751122127,0.02868985997721696,0.05603094256336033,0.02597047334107333,0.022604179719382816,0.11173589534479958,0.020310130574353658
0.474,-0.03574867653879601,-0.016899745460662658,0.019187292323010485,0.027918642826634584,-0.027767517109247568,-0.00043548425008641033,0.019925044468126263,0.03481553428418547,0.015203676693290235,0.01842203914497113,0.10235487714956838,0.017345323384522923
0.476,-0.022103016936112108,-0.020219028094158934,0.0019875874637961507,0.023785706391927064,-0.012833668774283855,-0.011259576957713263,0.020548913619264544,0.03112357320223989,0.02255899999430897,0.022372402121582802,0.09802076759639174,0.022805174995646216
0.478,-0.009695764397914568,-0.016482186104479084,-0.006846433426209369,0.015845866901727287,-0.0025722513231111487,-0.013980663464802244,0.030846227185100848,0.051195650308235204,0.03983127086276422,0.02588465167310576,0.0955138704795248,0.032058979306460754
0.48,-0.009693623227758028,-0.005688111000304953,0.003922990334000128,0.009658898856262157,-0.00785777317664028,-0.0031603398309206533,0.037613149386975846,0.0678487157733811,0.044584428514073716,0.02202204867807864,0.0914332808793975,0.03525414420017843
0.482,-0.016491528025053957,0.0023739101167128238,0.018851089706754514,0.008145418410875741,-0.018413628704930445,0.008647447414752214,0.03255140253559104,0.0575504463674274,0.029878802266680316,0.015364503913337966,0.08801285184353906,0.02923250041239308
0.484,-0.01716716204463894,-0.0008202138669857249,0.01638228298722577,0.009652155087274536,-0.017172334399676872,0.006565889910024211,0.023138861724652696,0.03182820204931758,0.012194289705718833,0.015104399080416069,0.08815571087022168,0.020840828829021815
0.486,-0.010199617472817158,-0.01226961343183575,-0.002045251322636621,0.011912023878593494,-0.004361924683414039,-0.007449771381247206,0.02160892615792903,0.020827113071597642,0.008343618770159907,0.020941289522728612,0.08874497901718782,0.017387381148303085
0.488,-0.008256744609617749,-0.021423315605850767,-0.013195585986967415,0.015975931785851407,0.0017896688230177957,-0.01722047173059431,0.028014263235692154,0.03263629695362807,0.01435192255545712,0.022648621809126565,0.08434121725696712,0.016946623235807718
0.49,-0.021299202051014113,-0.023166263814147773,-0.0020151292406768075,0.024164427387898802,-0.010951144748656102,-0.01299963246072121,0.030931028531398976,0.04374724194901928,0.014160754517820083,0.01516195665723201,0.0758685503099112,0.012643592704650635
0.492,-0.04072354821116345,-0.022140942847267045,0.018229101828566432,0.03400981092221355,-0.031056004291600825,-0.0032572739136152535,0.024213703120134947,0.03332882107200715,0.004045794420379134,0.006576350281921535,0.07044630553280024,0.004831424405527069
0.494,-0.046973569420440404,-0.023729615452990137,0.022697176268944876,0.03797175221337261,-0.03606548621506998,-0.0024440266202793316,0.016305979219745404,0.013416552520116703,-0.0019118509759961948,0.006644096414237479,0.07235730021501767,0.0023210751418281167
0.496,-0.0337754807958263,-0.025310395319884556,0.007865854148250138,0.03160242539099343,-0.02135560818028785,-0.010655534928048617,0.01920527436061488,0.012217671599148768,0.008018704102757481,0.013591136958739945,0.07795008595377816,0.010322595716592291
0.498,-0.015781067634195546,-0.01976600802727721,-0.004514378449706991,0.019142061829827087,-0.005764034729709218,-0.013391905843953486,0.03132544346656824,0.03357182272801362,0.025380927329719374,0.017136741772556592,0.08006801623541161,0.02216532213011524
0.5,-0.008344174823548527,-0.006929060083962227,0.0009742906783469012,0.008878799924011105,-0.00503121992666126,-0.0034373953149680406,0.0378176171447229,0.049370200574721794,0.029992517320561532,0.011799353093391036,0.07597942077347702,0.02567266118579932
0.502,-0.010025196599271318,0.002771608164140773,0.012440050403056844,0.005477548974752381,-0.012053247278202351,0.007001528190417035,0.03047348187453042,0.037831853235418045,0.016089626106788813,0.004241128765280376,0.07089799707594217,0.01736766792860192
0.504,-0.011622443365575219,-0.0004383254494846614,0.01092034082469668,0.00841063627134404,-0.012282056605059521,0.003377068086906043,0.019759986985268686,0.014278540862422513,0.0014183037219718123,0.005113059374808895,0.07206546910123147,0.007320484992630346
0.506,-0.012292737566773208,-0.013110568972772053,-0.0009801607094327763,0.014681622469418525,-0.006909638809493727,-0.010141890727983887,0.020291869462941328,0.008920003325560626,0.0032514521838778745,0.013916585023203849,0.07851845488789103,0.0060980119542370865
0.508,-0.017607639378004778,-0.022149821352827594,-0.004540044013791859,0.020871903879647675,-0.008312252752869044,-0.016598247801070668,0.030503276142754356,0.024684646230291644,0.014095593904543846,0.018028807700282045,0.08071914728765316,0.00989635636528844
0.51,-0.027496607384969868,-0.021108918505991683,0.0065684191806371,0.024783118305704312,-0.019074417711357244,-0.009829714101812744,0.03491035004315628,0.0351642160064583,0.013000772305919315,0.009578223774769433,0.07252707549990903,0.006206089033936622
0.512,-0.033920063915762536,-0.01711446874467815,0.01690029918182464,0.026312480098077014,-0.027168289168094203,-0.0019924913405432168,0.025224961689466772,0.022416022589474116,-0.0034766477515113872,-0.00326353011281604,0.05955016323166345,-0.006501707689008052
0.514,-0.030597373073956557,-0.01907654563722986,0.011146883023138252,0.026286541611848426,-0.02229402342212848,-0.0055362476720366375,0.011974079380945723,0.0014412796369512953,-0.015417769257710252,-0.007396361654214079,0.0523864740188901,-0.015035993692228704
0.516,-0.022001695519526583,-0.024973874934437056,-0.0038038958597556493,0.02544584082129781,-0.010544947784650534,-0.015783424674600158,0.010700422438772925,-0.00047209896166047007,-0.007106470888898434,-0.002256427497604557,0.05377280756866437,-0.009640385518904218
0.518,-0.018978157816340425,-0.02511283979450163,-0.006880659433322829,0.024100668220950038,-0.007877544242348693,-0.01726446832203274,0.02088760882552249,0.019176786733133926,0.01097732689316729,0.0009921884284203439,0.05606231961933504,0.003369852116976383
0.52,-0.02450191476936855,-0.015870314061620806,0.008531629296337469,0.021812502835816473,-0.01887803924342585,-0.00509470386762058,0.026856012221332336,0.03405151380832937,0.015823364089445884,-0.0042580258980820015,0.05256691880619904,0.010434538305166025
0.522,-0.029351610820705674,-0.005988763557854544,0.023887626213344625,0.018698342552790393,-0.029176315585757676,0.0069681373354680085,0.020023971177439284,0.024110720276474786,0.0025136278478745527,-0.011720306935158587,0.04772793510387575,0.0069575502522716305
0.524,-0.025495043428356932,-0.006209043489718644,0.01981016466356406,0.016751529030399333,-0.02477241481792173,0.004216549004068566,0.01085959191877005,0.0027467879949875313,-0.009962152361974059,-0.011896888676137123,0.050019453642692197,0.00043382380255544914
0.526,-0.01813894811181785,-0.015864120905615415,0.0022054792653573322,0.01835064380487893,-0.011812739025106272,-0.009440094388301267,0.013525528382769625,-0.0020759191159613016,-0.0058052485525703895,-0.0048317711979514386,0.056826494088634716,-0.0015932069796849965
0.528,-0.018833980290035954,-0.02476560960407073,-0.0065024109747333575,0.02371037932388964,-0.008054389678477783,-0.0173644514568952,0.025508773889315575,0.013421508372066892,0.005642991235381294,0.0009163398029732109,0.05578799625519813,-0.0015012392917441407
0.53,-0.029454595575632417,-0.026749128241266237,0.00224395010683407,0.030293353320322982,-0.018440064689999165,-0.012691964134843641,0.03036045921446862,0.023993249747454645,0.0036434409295911783,-0.0001465753510025194,0.04236728273345305,-0.0065590469879447215
0.532,-0.03888026451657244,-0.02613046150768996,0.012727884192305106,0.034553278329414794,-0.028699778676152192,-0.006521878506039295,0.020045721752549542,0.011380282069471415,-0.014092109843372641,-0.004345850259479346,0.027319751297294123,-0.016446330934416543
0.534,-0.03684911337096873,-0.02902910633676862,0.007931247692414154,0.034518097092196935,-0.02501379475311601,-0.010867296666063763,0.006842770742073058,-0.00872378277636243,-0.027006330032201924,-0.005137351912041441,0.023465331709603535,-0.021294990144162074
0.536,-0.02719845566142079,-0.03329473834944444,-0.006300366069504316,0.03153259832668074,-0.012559454748731089,-0.02103871258210547,0.007347004656063241,-0.007645636561352986,-0.01886302792414077,-0.0021396570800052304,0.030864210591752483,-0.01459151009843081
0.538,-0.022575115778459654,-0.03177067443225209,-0.009666028844735984,0.028722018180524427,-0.0078731549954557,-0.022530841132737518,0.019932036483303158,0.015677727610005857,0.0002165504928747726,-0.0012807404434702812,0.03823281372071607,-0.003537485865344897
0.54,-0.02726270523948179,-0.023157390170080845,0.003880712213309481,0.02704297816271842,-0.016139826788167555,-0.011449434786896051,0.027173677527997802,0.03169181289232726,0.006355976861209229,-0.006166546591482192,0.036894212485695056,-0.0013433447283408755
0.542,-0.03202196039270289,-0.015038276577236696,0.017304599224546982,0.024830122754931228,-0.024672127738467338,-0.0001291802845831768,0.019760015413719485,0.0200267054656068,-0.00694908904258672,-0.011386129982566807,0.030639350251808535,-0.010548830099649227
0.544,-0.02752672448116947,-0.014834775365946896,0.013178753021342561,0.02142426605557639,-0.020611967183607666,-0.0013895558469911413,0.00870016864722512,-0.00304888368039801,-0.020923641652023706,-0.008490437363606688,0.029296652042459303,-0.020149860573180283
0.546,-0.017717137683954148,-0.020790978247860557,-0.0030531779577271127,0.019195288185657754,-0.008651639022900654,-0.012284827884626658,0.009761769212987553,-0.007264992595939909,-0.017860941959413096,0.0007874134116514198,0.034260003755067756,-0.020709488853901264
0.548,-0.015340262215111717,-0.024880797661857947,-0.010026110341285104,0.021041926980619068,-0.005164026814518585,-0.018119311719987857,0.021890275099394594,0.01106193665681956,-0.005065047274834909,0.004109551293819217,0.036189034617463645,-0.01624513789723447
0.55,-0.0243093754817807,-0.02315693950320433,0.0008037403896687283,0.025939863429082128,-0.015448733068339679,-0.012113972073643618,0.028562027366438706,0.025568089031650525,-0.0035029108288555672,-0.005054436506499714,0.02782307428603255,-0.017253639947584665
0.552,-0.03334382382088562,-0.020344149934044747,0.013261971850686935,0.029227965967202077,-0.025563606648498046,-0.004676093166174997,0.02049271928247289,0.017004559500313408,-0.01754237595296795,-0.017515976600150612,0.013993426883275902,-0.025270143230157523
0.554,-0.031723899601262276,-0.02260243541941618,0.009666708818219205,0.028379509263175794,-0.022050013852219177,-0.007894863456391609,0.008469443250988615,-0.0007278506088362411,-0.028231790785605126,-0.020037028756298942,0.00584018542544478,-0.030178882512161515
0.556,-0.02363218660053587,-0.02752246072609045,-0.003688979244646946,0.02536710228863357,-0.01083602088230972,-0.01699947895740369,0.007960118816960984,-0.0011409971534716765,-0.0196016881451926,-0.012084586203502579,0.0071378592655528,-0.024217627152209355
0.558,-0.020361673617304194,-0.026360163961981042,-0.006152622700788929,0.022874895819182797,-0.007952123213945813,-0.016965773693070264,0.017748109968914683,0.01758779125808459,-0.001183762226227912,-0.005683831334382085,0.010429290316248915,-0.013426767808824281
0.56,-0.024587096360488062,-0.01693812788326932,0.007698036553346944,0.021595814797120753,-0.01728525712997834,-0.004671667613378819,0.022789285698778135,0.02994050705672534,0.004537861238204497,-0.009117118119830122,0.008068995428353251,-0.01029649213361934
0.562,-0.02913492839140555,-0.008649252669485729,0.020989455002746182,0.021532571099625517,-0.02666850423577293,0.005846994976007329,0.01598239558673785,0.018128586103677503,-0.007564852060494162,-0.01563072373375137,0.0030220326765009113,-0.017397571130357926
0.564,-0.0281973086075537,-0.011012704388834041,0.017689058081142003,0.02282426860140815,-0.02503098318010908,0.0019366202310434897,0.007695924508828992,-0.0029989952723018043,-0.0191355274644849,-0.013305252415891335,0.003796640199814061,-0.024759593496579278
0.566,-0.02463978834520991,-0.021161129932549025,0.0034137653209829833,0.0249167547529064,-0.016412405949700993,-0.01124608699186882,0.011094594083186025,-0.005524858814937534,-0.014409032628587976,-0.0029770922493107363,0.010954127271410085,-0.024099740997200636
0.568,-0.02593086177296312,-0.027985258372453775,-0.002619608281881176,0.02712667460597135,-0.013869341192977069,-0.017839249540472925,0.024172085452301716,0.01374656909009196,-0.0018112439476448165,0.002082197681940528,0.015162961858927742,-0.019908238665067492
0.57,-0.03272135112158959,-0.026532700359663926,0.005724681113768481,0.028855058476773998,-0.020818924547853272,-0.012371896256830033,0.03146950271794602,0.02826502155132031,-0.0018007533692404043,-0.00557548842091672,0.009553410638950885,-0.02296012891769162
0.572,-0.034325048499975724,-0.02256909443319101,0.011751809884632581,0.028214447895843046,-0.02402941705870421,-0.00685925382129007,0.023693986500756256,0.017583176396859575,-0.018015651031414198,-0.017789949120056887,-0.001070242725087156,-0.03465038250241743
0.574,-0.022475213036101702,-0.02295157257592159,-0.0002340839280953761,0.02377141772068032,-0.01169395961945755,-0.013055552702518968,0.0108307860994368,-0.003804651154959767,-0.03121739402142999,-0.021754364371331714,-0.006442636051541356,-0.04329157575060985
0.576,-0.006719116418025003,-0.02622423403064743,-0.019379519067880106,0.018247222456827885,0.006223220210615864,-0.024245978325521,0.010204020068432679,-0.005311305393981212,-0.02416112297695144,-0.015085970409965692,-0.003177005014333194,-0.0386145245205301
0.578,-0.005575324035986764,-0.025457764522349526,-0.019929076144900183,0.01693558518218335,0.007454312763822452,-0.02362158627083625,0.023644928768231113,0.017964784344478006,-0.004003707211473539,-0.007149206978656657,0.0029360537188904967,-0.025223400650458156
0.58,-0.02204525078617824,-0.018686844083999517,0.0034106186029081356,0.021283823673845924,-0.012644281432496633,-0.00812085398182956,0.03457272101912016,0.037209363166660264,0.006456093652757539,-0.00707033150071521,0.005479484256538323,-0.017450275600527042
0.582,-0.03805781279532163,-0.012820042799619458,0.02566333334981938,0.026624044935735825,-0.03251975467301579,0.005736138955562422,0.029840579234943786,0.027610091031833657,-0.002827801428325372,-0.012610212352792768,0.004210439003194117,-0.022828986487132
0.584,-0.037414579813199726,-0.015741959881407502,0.02234093489642708,0.02825714806813567,-0.031055568142559206,0.002155604068949266,0.016428505207524435,0.0013749592727018622,-0.017829934432173542,-0.014439051183359163,0.002311688680004845,-0.03489379448260811
0.586,-0.025722797615696586,-0.026140620532772635,-3.7280509281785034e-05,0.027284915356483128,-0.01374501097716425,-0.014229465233598327,0.010893498791667691,-0.009286871400482564,-0.02057196373698847,-0.010416061345691318,4.199753264195338e-05,-0.04291614036683158
0.588,-0.020817288007490123,-0.03386147569412756,-0.0132497363758879,0.02783741595702317,-0.004006027300261493,-0.024346515073045045,0.017825280762379724,0.00501960693371915,-0.012199256371527623,-0.008047213258010123,-0.005218004587939839,-0.04471496530059368
0.59,-0.028927415120021328,-0.03205983113947749,-0.0035818090808244947,0.030950687407834545,-0.012580457407127293,-0.01880401766170097,0.02573228461144097,0.020975990397576243,-0.007921923509205347,-0.0116953403066688,-0.013142279101196431,-0.04605132478401633
0.592,-0.03824218648354138,-0.025821943939381403,0.012211264365796906,0.03364138777279158,-0.025418626632008494,-0.008784075759280282,0.024185087541324295,0.017176645626557838,-0.013002862060552178,-0.015791924247399957,-0.01881160899346943,-0.048751565025825415
0.594,-0.03602337654453594,-0.02429930816330784,0.011753849491582365,0.03294249064118224,-0.02468204668083246,-0.009003357855134807,0.018190488220956126,0.003608986141549813,-0.015096232707258982,-0.014073086209953818,-0.018701404923826014,-0.046780848762815685
0.596,-0.025241421900529235,-0.027568185050381108,-0.002350094045038424,0.029228203456906545,-0.012758235872708593,-0.017212236097276474,0.01945713116898811,0.005327738981446441,-0.0036874220246445114,-0.00922768489820216,-0.01555224341235856,-0.03721898520053258
0.598,-0.019420493300220033,-0.027494408725637656,-0.008137065670447124,0.02530328112083413,-0.006984227646718166,-0.018874364940766348,0.027777111021907143,0.025183493389215272,0.012184776763476433,-0.009142666434083964,-0.015461126798060793,-0.02810852579669651
0.6,-0.024051026919125678,-0.020790896881485763,0.00344775907009893,0.023224608847663364,-0.014582745409731255,-0.009156417920356118,0.03038281784127756,0.03821478729330223,0.01386310502469753,-0.0160120835208027,-0.021364948057480595,-0.030139511104444995
0.602,-0.029612560372249186,-0.014961369418762912,0.015080343529619896,0.022772158751034208,-0.02276392170387659,-0.0010625532131943527,0.0204793665432466,0.025620469757417372,-0.0019388654310724795,-0.022654726060449586,-0.029640613387979856,-0.04305301004193866
0.604,-0.0250977917751361,-0.01853974892446049,0.006776705788021491,0.022690774243574425,-0.016587906339649332,-0.008229031287524554,0.00787695109949591,0.001002810575599168,-0.0177254632509844,-0.021351066442723467,-0.03367540826425637,-0.05529105467866787
0.606,-0.013467082373738892,-0.02947599855406424,-0.016351539282446113,0.02275226521688406,0.00018644984593894177,-0.02592947318380052,0.006121524439483805,-0.008010141762834738,-0.018396464663276466,-0.014626871116018767,-0.0323739315526166,-0.05839413122888396
0.608,-0.008630366775123998,-0.0372336056808122,-0.02931669648581176,0.024220545033665487,0.008558700947949678,-0.03578905879887134,0.014836462630942154,0.0043050821645751365,-0.010367269321064153,-0.012411076775960582,-0.03233506572777186,-0.056498146562701725
0.61,-0.018826428803173447,-0.03561174021043302,-0.017357082743247234,0.02847692506352165,-0.0028994814814086835,-0.02776666668804618,0.02181111429374892,0.01791064612544037,-0.009088039025822487,-0.017827328168311084,-0.037670266168418454,-0.057907455107940396
0.612,-0.036367542804273296,-0.029452892393942685,0.006762583816282674,0.03442797407346919,-0.023683263047030757,-0.011669612161407434,0.020368750114684392,0.01720728437853904,-0.014548536499396381,-0.022285560915172323,-0.04210687897843108,-0.061674893595358396
0.614,-0.04441155958209281,-0.026478514115117858,0.017973293020415507,0.0371668793384743,-0.03244155322286751,-0.004578422126697965,0.017089392285238147,0.011357990407972966,-0.012054615041368386,-0.01809922927898258,-0.038495962425466275,-0.05912582726579006
0.616,-0.03484021317785289,-0.02653429922546393,0.008128808566148412,0.032370875043688026,-0.021480181282216463,-0.010390155995628394,0.0206109248179858,0.017876080539266682,0.00402456493629186,-0.010206515682809645,-0.032448997538516405,-0.048118919602874295
0.618,-0.018140703109967377,-0.02320549352279434,-0.005501115746474569,0.022542353120561413,-0.005740776721732706,-0.016489628388349074,0.028804337230054187,0.035391986034446855,0.01986299755028038,-0.009927500358094966,-0.03639336337241615,-0.03851044081043661
0.62,-0.011051449409740097,-0.014759153708559082,-0.004048836744692027,0.015318548218277096,-0.0035356214941563552,-0.011740331821922708,0.031191348824857197,0.04361654521107389,0.018872211307625113,-0.01958705408983185,-0.05092236638737526,-0.04048045974247224
0.622,-0.01685591790075961,-0.00897406018540724,0.007852154495619228,0.015462448997140632,-0.013712635757940442,-0.00230572780140443,0.02286318574890668,0.029902969548946706,0.002421578385016644,-0.0285979271237857,-0.062035088758585,-0.05158172291449771
0.624,-0.02481794745275076,-0.013398639001618386,0.011486058130150804,0.02074413054950023,-0.020465740229129368,-0.0021394087341255813,0.012437066798328919,0.007973651690133338,-0.010898117576897026,-0.026159295478709127,-0.05846808217723317,-0.059510211318109366
0.626,-0.026546604293558023,-0.0236807150233032,0.0027655977842286775,0.025481834343951563,-0.016732520512912505,-0.011677759856576353,0.012321921397792408,0.0028021007383061303,-0.007528964128513662,-0.015101147609639595,-0.04517926816687778,-0.05731713757883955
0.628,-0.025664244142021144,-0.02825711410160291,-0.002757102439807429,0.027070747886545732,-0.012583590964865167,-0.016982958921375354,0.02217441612313788,0.018444126428066532,0.0043403224269944396,-0.009225945152428666,-0.0370753129717708,-0.051396919282333885
0.63,-0.030596337776509597,-0.023891664905070196,0.006665768010925201,0.02824750570873498,-0.01950778949643041,-0.010012989565167387,0.02858984509644876,0.032256872161483374,0.006793031633542058,-0.015793446546670427,-0.041446630104379364,-0.051766557636146585
0.632,-0.041034102581365306,-0.01953637123768343,0.021419254762335683,0.03206641304866134,-0.032921643280682096,-0.0001501893334500078,0.02333127162076383,0.02639960256352673,-0.002384832163214465,-0.025731798752779495,-0.05002058347524879,-0.05793801339190735
0.634,-0.04591861290386392,-0.022738178904311544,0.02280422977345332,0.03592699115765947,-0.03672590936340648,-0.000840083191429592,0.01494595785326974,0.013065369673403177,-0.006815450945564257,-0.026063921317202417,-0.05043349023616612,-0.05940105023492213
0.636,-0.03809211569855915,-0.028164561006197412,0.009415995263511494,0.034061536850236454,-0.02565699132647602,-0.01003379406247964,0.01663138023846274,0.016454433041649532,0.00424616041464027,-0.01767246254153936,-0.04271477234355128,-0.050101929197172566
0.638,-0.025170991194800003,-0.02483750038728769,0.00014602004162887945,0.025657852021836233,-0.01356887525750924,-0.01259259224616602,0.027115170388395716,0.03707721133663868,0.018737158618192952,-0.013681925609876418,-0.039219716808864165,-0.03806136710258771
0.64,-0.018430365173865173,-0.011913409584366007,0.006803052406322384,0.01621562055321113,-0.013152454899196593,-0.0023988641643056616,0.03190449123872013,0.04887426165628805,0.016752519590089058,-0.021078300666565266,-0.04704609291586891,-0.03647513162923828
0.642,-0.017873043856356123,-0.001039022759137242,0.017229538318749286,0.011246548955517386,-0.018451956539567677,0.008089265070660105,0.023835276517793366,0.03390383188240075,-0.001563149055183753,-0.031081748495778078,-0.05665584691521188,-0.0462429093077299
0.644,-0.017254198655263172,-0.002593520034277811,0.014773915118567684,0.012308408258309561,-0.017149930931784203,0.005121316151541746,0.01367269641326595,0.007821399996914537,-0.014696480450511777,-0.03113373526821597,-0.05395639458121534,-0.05435884686629284
0.646,-0.016698991479271265,-0.01445304714504389,0.002119897947994703,0.017894216238122783,-0.010096884709185374,-0.00817585645134572,0.014898033749633445,0.00025475625271518317,-0.008718620054990871,-0.02177574197669651,-0.03997601062753063,-0.05234530244314129
0.648,-0.021223815152680865,-0.025749711013399207,-0.004531774258106487,0.024909448462799178,-0.008391395580500054,-0.017142870208574017,0.024225472024285422,0.015088140967266303,0.0037076560156705145,-0.01637977329930857,-0.030777414965316007,-0.048356427875016664
0.65,-0.030138390140266685,-0.02885993241167361,0.0016178168963969792,0.029871037644023383,-0.01599302831365273,-0.014546494362199585,0.026285459632591643,0.0256113033327012,0.0012336423446872972,-0.023774957943333074,-0.03681587758487551,-0.05445232910882425
0.652,-0.03526318169000205,-0.026416661035799816,0.009327249328156791,0.031009122501222036,-0.02350102168460367,-0.00860327604655033,0.015785584459089695,0.01311458249732792,-0.015994939946448676,-0.03592327947705168,-0.04947313407576574,-0.06773156616182621
0.654,-0.03130611594226935,-0.026018621608863247,0.005465639434669162,0.029487825787392126,-0.020973689022335335,-0.010498665872145983,0.004899904907095329,-0.00551593314817027,-0.02580496973266446,-0.038309302951995174,-0.053265978938405054,-0.07321477127528467
0.656,-0.02359612885954975,-0.02876538357959157,-0.005419292255785457,0.027532058226456702,-0.012090734138145664,-0.01783965228394022,0.0068487177080738745,-0.0012319981254717838,-0.013810552256990375,-0.029307197802077453,-0.045681024494997204,-0.06306431930143083
0.658,-0.02146328380680489,-0.027603503426426867,-0.006412132405910431,0.02575924064984146,-0.009525252502692982,-0.017810169857396103,0.019138443574569685,0.025635038546823717,0.007024250956074493,-0.021485505624521697,-0.03775148004729171,-0.04587816304717588
0.66,-0.025749567952324647,-0.01845168640845338,0.007402366262023837,0.023174405788883797,-0.01721357363522259,-0.006159889215116907,0.02655402227313552,0.0434522691054961,0.012741094157273803,-0.024064854246715575,-0.03778037243887112,-0.037017126543785556
0.662,-0.028054989508543796,-0.007672552257860655,0.020705017385835963,0.019454668574466344,-0.02465978198741172,0.005693965776749759,0.0201171654702852,0.030530736002573763,-0.0012120435921656614,-0.031319139979462625,-0.04155357674783109,-0.041650415987063
0.664,-0.0235739116242123,-0.005337003984478616,0.018289989516842218,0.0168348101757389,-0.021932262697771283,0.005166933316592524,0.00883393612300327,0.0036256500016968876,-0.015677114005883754,-0.03205194838704628,-0.040542478888430086,-0.04972426099227361
0.666,-0.01915853936097554,-0.013470097356797429,0.005274983186338946,0.01869770922126111,-0.014029932230548414,-0.0057719772705260115,0.007524094083122906,-0.005236650208911979,-0.014427089325609307,-0.025609196210299043,-0.03514312085579385,-0.050311509489087206
0.668,-0.024191327902474774,-0.0238669902388216,-0.00024419036710678934,0.025337425995859936,-0.013898819239057744,-0.013739337926990553,0.016352458624139428,0.008875150827178626,-0.005010026868414377,-0.022181934884754402,-0.03458628828087677,-0.0461574743369584
0.67,-0.03644728872973549,-0.02824858536952912,0.00791729298188604,0.032509256901125425,-0.023509796581561826,-0.011646919877635801,0.020901711590235197,0.019690696312201994,-0.006318838649194511,-0.02809534060889282,-0.04375153452654654,-0.04774870456541034
0.672,-0.04290114347968923,-0.0277836903691409,0.01518794383774616,0.03537327625927901,-0.029783185585174374,-0.007725283323264525,0.01340359804943794,0.00834721403500057,-0.020878852927122677,-0.03665745943159061,-0.05501341108782526,-0.05636358044457789
0.674,-0.03593602335749405,-0.02899725017314131,0.006999487707489198,0.03310089397295962,-0.022333893456494454,-0.012506020803773513,0.004202879423808834,-0.009904842380986233,-0.030723856306188572,-0.03728746021169447,-0.057448444214236095,-0.061284344502661674
0.676,-0.02373276171521375,-0.0325250040138955,-0.009070644285616629,0.029139222361026427,-0.008881436340865167,-0.02198785033205302,0.006535519738722687,-0.007706331848101499,-0.02216700872072204,-0.03007884081878705,-0.05132552872308855,-0.05441661786571359
0.678,-0.02022780442402244,-0.03172458386443787,-0.011975565738140157,0.0270867691281644,-0.006231279499917816,-0.022191066865504604,0.017781766522951645,0.01602333180026214,-0.0044539237502830556,-0.025193947429972715,-0.04723437710849294,-0.0413550078469282
0.68,-0.027494213370993312,-0.022914496561288335,0.004391529940251189,0.02660028208507619,-0.017992433995540232,-0.008922745655206975,0.02315345207087324,0.03313052812893167,0.001983597640502014,-0.02862392826111568,-0.051590924240976305,-0.03505959303275877
0.682,-0.033563193225389414,-0.012045546771943465,0.021860486142931807,0.024548362388854845,-0.02896013814762267,0.005012693054283891,0.015274892682726157,0.02260749493525754,-0.008526253968531908,-0.0343530678825711,-0.05922310520616796,-0.040118705167077336
0.684,-0.028529297990819127,-0.008701505663114388,0.020305214553865157,0.020450117614363703,-0.024532389614175903,0.004835214439418409,0.0038056229099588624,-0.0012315973461307856,-0.020356869662886995,-0.0331436745534554,-0.061518397693151115,-0.04755528132799439
0.686,-0.017405716942734316,-0.014712640195550637,0.002697301318595773,0.017747664392435174,-0.009524605155688747,-0.007927412675519108,0.0029374224036820768,-0.007909712281726818,-0.018180569305622948,-0.02563667833627472,-0.05751689167912516,-0.04791098081692819
0.688,-0.012538022721156264,-0.02108006532100239,-0.009074228423519334,0.01831413126333059,-0.001422644651908254,-0.016971602710750554,0.012808452085888265,0.008181602298456353,-0.007972705939049703,-0.022182075077109027,-0.05419600209194206,-0.04385577412149746
0.69,-0.017155689113218922,-0.01978134666891247,-0.0032512594167780095,0.020033605503041414,-0.007363673041579581,-0.012706532856137634,0.019117323895557987,0.0214856575657337,-0.00854179105134656,-0.02941127810564941,-0.05657556967643136,-0.04460570074957591
0.692,-0.022337477371337268,-0.01583787216152831,0.006002840465872315,0.021003340178730658,-0.015266802911828997,-0.00574504457840262,0.012512681898019379,0.011854669666420004,-0.024048477386712223,-0.040729530134555644,-0.06065846353274438,-0.051842759550662344
0.694,-0.01917394096032989,-0.019183640672093202,-0.0005294306630919581,0.021218180063989227,-0.010710382335906045,-0.011084365255216118,0.0017333891431042811,-0.007344813654284045,-0.03619199181689172,-0.043866978836820836,-0.059028673576858544,-0.05672076604332623
0.696,-0.010424102515821187,-0.02770182781171318,-0.017817647594793994,0.020507921643629558,0.0024416826050973313,-0.024564432509298646,0.001441535191165031,-0.008188214060886097,-0.028659988227420993,-0.03639588139601799,-0.05137724759154006,-0.050945695893254754
0.698,-0.008313852173482853,-0.02909394315399393,-0.02106596642634167,0.019196395056835243,0.005348852289336057,-0.026913325953191944,0.01212952587921074,0.013106239702483627,-0.009389494356951385,-0.028302683026230607,-0.04527472503336458,-0.038016163828283114
0.7,-0.01895496139759266,-0.018840489169529226,0.00018402962600368698,0.019051104218792553,-0.0106011329950124,-0.010749303851787162,0.020024294024036233,0.030357640618333216,3.4766532697589285e-05,-0.028209823532438207,-0.04677526436074771,-0.03045324167002863
0.702,-0.03214449671322557,-0.00738241288036976,0.0249306579352416,0.02068762831685675,-0.029818151840656643,0.007645839659714923,0.01599247389487361,0.022394550470691825,-0.007795827893485399,-0.032343596965923066,-0.05300347742074061,-0.03443651373215276
0.704,-0.03312225642442345,-0.006935042790393537,0.02611959340971102,0.022213742793998417,-0.031313829628013164,0.00856405739051441,0.0075601453221255275,0.001859794428231057,-0.01865689618142768,-0.0313720434159775,-0.055604958330089736,-0.041976482388468114
0.706,-0.02197800023964907,-0.016396772517800945,0.005183609372126023,0.021898239576936696,-0.015781232898708395,-0.006588564899111018,0.00815216068832461,-0.0026663333328647734,-0.01804277844225695,-0.02519415216357898,-0.0516074519537712,-0.043099376433408686
0.708,-0.012727601642821672,-0.023322707611224625,-0.011086256179663518,0.019944994895619985,-0.0032127478565253578,-0.018335938167430902,0.01825239474928037,0.013382752422944679,-0.010584976016609291,-0.023873002190121322,-0.04785441750982766,-0.0398649403767164
0.71,-0.013738533441279286,-0.02003128920298141,-0.0065651972222503605,0.017548992240969626,-0.005366217777621009,-0.014797734386973956,0.024248917883363707,0.024994699901916183,-0.011793247012354346,-0.0327099911791902,-0.05169195805711719,-0.04147991404392759
0.712,-0.01870945032855568,-0.013487991113798097,0.005133537930785669,0.016378411491943544,-0.0126799809938397,-0.006037327768947084,0.01738319404874468,0.013901411295778605,-0.024835773553991726,-0.04354314101316447,-0.060216722529793376,-0.049591308508462925
0.714,-0.019048265722823948,-0.014936646146969714,0.00381489117587795,0.017799371074703,-0.011802763994564362,-0.007556437314236738,0.006501571251393679,-0.00508997968291854,-0.034367951338917006,-0.04564516347446499,-0.06379317422422029,-0.05537957352627812
0.716,-0.016843774041859803,-0.023368162283655878,-0.007225072534203697,0.021206965551246695,-0.005650737015306687,-0.017056916668267027,0.005575244639099145,-0.005038802679303161,-0.026621494198910085,-0.040109501018984965,-0.05920272970696873,-0.05110822989763253
0.718,-0.020543275145428395,-0.026645253689675175,-0.006841721420738192,0.024267278386110036,-0.008153542825924974,-0.018020761570833425,0.014138386841177568,0.015021332835160174,-0.009239109486989555,-0.03711262122215535,-0.05358266192700701,-0.04045086634262445
0.72,-0.031080844548117537,-0.018591125518427377,0.01220361696510727,0.02516482467584563,-0.022745093457273068,-0.0041089558637413745,0.018678469994446414,0.02777648445786554,-0.003218637902285438,-0.0413422962270018,-0.05378265916347425,-0.03480418423357037
0.722,-0.03858534017666514,-0.008512063594889204,0.030229173055316926,0.024455654206526182,-0.035120932792121064,0.010008397939599303,0.011418608724896428,0.013709944265239091,-0.016144654784266067,-0.04650711639347014,-0.05715832287233984,-0.039500951573680394
0.724,-0.034412118320194,-0.009292636197004525,0.025208817474486105,0.023987606500632717,-0.030884792413754445,0.0070661203801757186,3.9275602314634386e-05,-0.012983145268101527,-0.03252899001375654,-0.04531278382072579,-0.05691373749769703,-0.04769575697748677
0.726,-0.02221720366442367,-0.019721275221198972,0.0020668419165377197,0.02397679565205301,-0.01433209696704035,-0.009581309286327902,-0.0029602781148003426,-0.022514204567598756,-0.03470436333572045,-0.04033104922721125,-0.0531361430930421,-0.05037072850737578
0.728,-0.014192091438974236,-0.026165145953324063,-0.01283793215865294,0.023183129464565702,-0.003711763183431411,-0.019880309289355844,0.0038176725804756825,-0.007688358389811881,-0.025789032957252024,-0.04084143241623078,-0.0527576563146111,-0.04789672460922008
0.73,-0.01701760467530961,-0.021035125979549305,-0.004745033404391249,0.021529922267229933,-0.009064053320530494,-0.012855158067152782,0.009549868903000166,0.007903200691836892,-0.02366065682500594,-0.04926667611553963,-0.058338487877414136,-0.047408977395694246
0.732,-0.0250114705182666,-0.012195587749410644,0.012745412317341172,0.020516295578019348,-0.02108942551350539,0.0004544774133398586,0.006646979581966611,0.0032372789600458645,-0.03425907528073082,-0.05610534655438067,-0.06248262936404373,-0.05093919899448191
0.734,-0.029331760716528002,-0.011159087157179276,0.018723734989463888,0.021343361016338616,-0.025612572424883878,0.003578441061955024,0.001774317368035871,-0.01130764514163886,-0.04219786668869956,-0.052085326353328396,-0.05701408950228813,-0.051559679837725976
0.736,-0.02949315921108757,-0.017064820634434163,0.013069568148888877,0.023384613255969605,-0.022605230078106803,-0.0029625315252394158,0.00574712209714935,-0.010749496366158701,-0.03326638268423488,-0.04096478749134907,-0.04489708950382097,-0.043233313446766126
0.738,-0.031332058761866344,-0.018597867686199712,0.012982962813152515,0.02461502538343476,-0.023249403638833415,-0.004255335837017957,0.016673577678412536,0.007112157723875319,-0.016358408029551286,-0.03521681250640443,-0.038294560643826726,-0.031098139335572945
0.74,-0.03608088446598733,-0.010493595073656076,0.025464374337175383,0.023463282905232773,-0.031364638393978156,0.0062418980305109055,0.021197868065942555,0.017465804903976097,-0.012455505893641089,-0.04057779909147701,-0.0436014858870036,-0.02731086865958929
0.742,-0.03734690989331115,-0.0014258624964690624,0.03585305940487929,0.02038942502260823,-0.03687509282641383,0.016435955148350383,0.012561308145148511,0.0031454282851509415,-0.026149277771035515,-0.049001568530392114,-0.052988670307983265,-0.035661187181177736
0.744,-0.030959231691812094,-0.0025235630144863274,0.028760754902510618,0.017862494102814423,-0.03049430015895804,0.012461685914294265,0.0004744728263364499,-0.020537631724536008,-0.04009890888475279,-0.04918621463325358,-0.05514621278145484,-0.045817778828049736
0.746,-0.02287054978826426,-0.012052872068720435,0.011465376790825335,0.018004807393095276,-0.018250646443993476,-0.0010954572845211902,-0.0007568219413712399,-0.0255807433586553,-0.039199552896742346,-0.04175312635130106,-0.050317506383871814,-0.046914914235673635
0.748,-0.022529230841217232,-0.017349345072954082,0.005842727085040243,0.0201525377425746,-0.014951108540196123,-0.006619567597765425,0.009265294949704397,-0.008768963917000305,-0.030679505581434535,-0.0386202969785088,-0.04894408959077274,-0.04183487885805923
0.75,-0.03003796535544754,-0.011776656856016804,0.018788407568664768,0.021592289911634095,-0.024520359090306754,0.0024289757520153405,0.015803054905366425,0.003949381271869113,-0.0335874697878352,-0.04657477373765545,-0.057298910552511136,-0.04211474275606276
0.752,-0.03497321447366986,-0.003159256392487726,0.03233994610532623,0.020562424258108173,-0.03386158915834713,0.012810996484389546,0.008648144840581866,-0.006652043545428044,-0.05101403756818082,-0.05773750399485935,-0.06947623746124348,-0.05067571414294212
0.754,-0.029884191996556727,-0.002081932300197541,0.02845569991670353,0.017834096411274664,-0.030316593530141562,0.010594920482503403,-0.0031335572782803965,-0.025568538798550967,-0.0633274997376505,-0.06049824510525456,-0.07523384642762072,-0.05719733648811009
0.756,-0.020278790350114265,-0.006887678036848432,0.013989084241737998,0.015019835822577939,-0.01923933639928344,0.0007004721797709028,-0.003480590691396813,-0.024181573646172808,-0.05438488231114577,-0.054763990458089884,-0.07279116094522521,-0.052680417311298154
0.758,-0.01727730087596079,-0.006292065561753512,0.011221808037290086,0.012417475101207888,-0.016808109843073092,-0.0001081496211864831,0.008441374497872156,-0.0008938085148430192,-0.03438883658460639,-0.05060842228312787,-0.06963482531272588,-0.04202641603910813
0.76,-0.02324035326710796,0.004200236037069477,0.027291282869041006,0.00969599646273703,-0.02785823873724083,0.013426240190403144,0.017172507805310735,0.015043849788934568,-0.026928054848825416,-0.05433906974255548,-0.07129460730917149,-0.03815690038739752
0.762,-0.029300125339893658,0.014931250828380916,0.04390849240223353,0.007656164548378599,-0.03900078860933905,0.027271237413662344,0.011750007878951283,0.0022072012199149164,-0.03881025193114818,-0.06098161544981403,-0.07435974515377103,-0.04574651885132299
0.764,-0.027625314252850725,0.01397908407091936,0.04124454716404304,0.00801204357479507,-0.03635537846795889,0.02608177560274233,-1.9020731238560443e-05,-0.02448413259576453,-0.0536043013175518,-0.06194737869290237,-0.07244514557622111,-0.055426983764679215
0.766,-0.021615823639807664,0.002574796215244271,0.02385384476925203,0.011200789492111465,-0.02380207045915564,0.012641360133104254,-0.002952196505580799,-0.03399626447643891,-0.05527894174214695,-0.057698421938297995,-0.06557643588741215,-0.056444809150378805
0.768,-0.02061555563805435,-0.0060649046338370665,0.01435407457611184,0.015017058078643937,-0.017606938963255058,0.003975146149807065,0.004333082054293344,-0.020202406101240408,-0.04848462704845694,-0.05763803021811371,-0.06054025029711672,-0.05038524669296552
0.77,-0.026905401602337755,-0.0033785849031644534,0.02353433398361441,0.016444356506747478,-0.02490437594875333,0.009552962050164121,0.008218349743881557,-0.008247434800465601,-0.04931869874995977,-0.0659126685554341,-0.06252167948415188,-0.04748291306608596
0.772,-0.031899984442266875,0.004709353787903052,0.036714431391868745,0.01431641247534055,-0.03437750302044841,0.01979056644604659,0.0007875746943932461,-0.01759875037266784,-0.06082986436723224,-0.07431540688554375,-0.06874921434264328,-0.05157235450980292
0.774,-0.02698755303787492,0.007981547846300754,0.03500082693740881,0.009650037323613194,-0.031913241066677596,0.020494162267542228,-0.008296886146764373,-0.03379513919120713,-0.06783770684163554,-0.07387754087058833,-0.07183973030933706,-0.05498597796799551
0.776,-0.015478642094674977,0.006274178199444793,0.02159300103885822,0.0044354178097915815,-0.02000639859417495,0.01293399950756147,-0.006391529341177671,-0.02985820921121575,-0.0582445338601618,-0.06710253807523539,-0.06853245368144203,-0.050201004875930065
0.778,-0.009022888924258447,0.007885808096757782,0.016538484113492274,0.00038078701489280894,-0.01411130937629948,0.011130772680042842,0.0040738395939487,-0.005975561536069966,-0.04073887876470336,-0.06328900271890611,-0.06265984412250974,-0.040815015313687524
0.78,-0.013067148964461536,0.015700441135674474,0.02833971332681281,-0.0014027243755623934,-0.021639158239973387,0.020761736635456916,0.009780357414851396,0.009187729960940836,-0.034752386821790944,-0.0654702443790421,-0.05875341735288118,-0.03672909876480194
0.782,-0.02081116667081972,0.02111800329128831,0.04169431537798205,-7.321344268948463e-05,-0.03233298689955571,0.029781806865235842,0.004789490969640101,-0.003394824508360479,-0.04593379204552299,-0.0672135665976892,-0.0561103068393058,-0.04130703752271268
0.784,-0.022552735521650342,0.01508778645721192,0.037700890623462616,0.004237902940730245,-0.03201214730649924,0.024395942327991544,-0.0025046805801755795,-0.02833677883141214,-0.05935693828396183,-0.06276904154745355,-0.052898796857110665,-0.04816696532012306
0.786,-0.018109896019042424,0.0008550820034645708,0.019236913019757856,0.009965480361832363,-0.0211792008024451,0.008085875110139928,-0.0016843549961158635,-0.03727967201431526,-0.05966140859165913,-0.05623688803880997,-0.053389268963000995,-0.0509539105182866
0.788,-0.016787611109450387,-0.009651777413412325,0.007538980894453496,0.015345890488010865,-0.014375175767765529,-0.0026494476821246997,0.005647488746512054,-0.02553458849033691,-0.05088777804504115,-0.05671096710909929,-0.06393810322623146,-0.05144028566257237
0.79,-0.024407909135743464,-0.01085283984155761,0.014083122383529675,0.019638839780488613,-0.02054693891284544,0.0002516547645603992,0.008447718868143973,-0.015294367204290532,-0.049134996658205275,-0.06551439839967031,-0.08109087798072985,-0.055162286960245305
0.792,-0.03392618856440019,-0.009314167400579004,0.02527422075618743,0.022593605762863046,-0.030102548874268206,0.00664720353257798,0.0016279774493025301,-0.023851015837308427,-0.05889400622472262,-0.07294554467073894,-0.09121948327516383,-0.061573905665767314
0.794,-0.03299036328519384,-0.011806328629010553,0.02190921370271503,0.022595544804701523,-0.02755984172911245,0.003779294339252154,-0.0061685532982602665,-0.03965824206939873,-0.06639585510746716,-0.06978927462758422,-0.08536472499690867,-0.06235727274304566
0.796,-0.0207938886099796,-0.014119737827045573,0.007235164006953942,0.017992822525605228,-0.014028611453845109,-0.004592313809046245,-0.0032912030526260896,-0.03796616518983138,-0.05905656808145958,-0.059075516202055506,-0.06970720575869509,-0.051477314545039954
0.798,-0.011515918690956646,-0.008535845440501243,0.003159961933550965,0.011526036458995253,-0.007417698106201483,-0.003720446423493605,0.009209429833751896,-0.016199847077690333,-0.044217266249251,-0.05272261302945735,-0.05848637358583782,-0.03504235427718374
0.8,-0.01612099468459116,0.0026789012523633048,0.018665254827448984,0.008808656144213682,-0.017744546255943978,0.009867488831507513,0.01759890262961689,-0.0007832785378149465,-0.040950242722058806,-0.05692472670349466,-0.058408469242601284,-0.02613594562448481
0.802,-0.027079695683466083,0.008349961225135396,0.0352654032953501,0.011254031715283046,-0.03204334756581632,0.021428243104646326,0.012302147030017738,-0.012834495226213665,-0.054370991492265756,-0.06521459012003779,-0.06246081005156844,-0.029256701613346463
0.804,-0.029135146842141198,0.0017827591711838395,0.030924427408930942,0.014849584801264698,-0.031442678646762014,0.01621459312671218,0.0003512770388138107,-0.03883117740332995,-0.06813744364609213,-0.06821091842712776,-0.060446332720187554,-0.035983386186584254
0.806,-0.020440999073720427,-0.010802947861576331,0.009826496048926827,0.01619852902665511,-0.016890956803620093,-0.0009583456483234201,-0.0035920300011981986,-0.04836474524571233,-0.06680863764453143,-0.06604519822961598,-0.05312064335789969,-0.03772589139670858
0.808,-0.01338058354435153,-0.0167885091109032,-0.003165365925475101,0.01585836206552858,-0.007022887689641712,-0.01091110106522376,0.0030778052092813556,-0.0347048518313641,-0.056706221128076335,-0.0670580923473882,-0.05106734640482387,-0.0369869922042316
0.81,-0.015834740236108556,-0.011825560698100054,0.00410586453131897,0.015603394159795062,-0.011740115121713635,-0.004836704884291073,0.007581388871921299,-0.021698518968601033,-0.056114396969735955,-0.07505597659598318,-0.05927074628613305,-0.04197917364802784
0.812,-0.02276154535393276,-0.005175066542917595,0.017537699934113065,0.016622287036555605,-0.02128393334136379,0.005135337933468976,0.0013196592309416522,-0.027744193427652136,-0.06801843091082452,-0.08166346330702816,-0.06843808915089074,-0.05218560775197252
0.814,-0.027301439157102068,-0.007075540354355076,0.020397854665850784,0.019674031952500254,-0.024287009123702817,0.0049662062662997435,-0.006267555523029783,-0.039028356534735756,-0.07420070608871056,-0.07609273546603013,-0.06607974368195486,-0.05620932956498782
0.816,-0.029428554574448196,-0.014629089630322901,0.015445767036626663,0.023332595481085443,-0.022901337278553296,-0.0018712651651278335,-0.0017329651138501129,-0.031184764160711233,-0.061219928126653986,-0.061527501147012324,-0.05307551999500086,-0.04721889007623057
0.818,-0.031643062250978606,-0.016844598696624382,0.015570054685574135,0.024274000296853896,-0.024778665155936946,-0.002526130936316176,0.011776737326296128,-0.007187475438224786,-0.041343694867324726,-0.0535302896817931,-0.043191051744977796,-0.033872802706777096
0.82,-0.03263359481624348,-0.010346778958401326,0.022622268672451026,0.021034215186187654,-0.029315081901135253,0.005233974295571135,0.018268217972873597,0.004071349442490753,-0.037016774001357194,-0.059341722694844445,-0.04572596503193256,-0.02973473765509787
0.822,-0.0284475266425231,-0.0032122534205690652,0.025066367816540137,0.015729208786171196,-0.02836478232060724,0.010458871538593257,0.010632245399781437,-0.012895557089531651,-0.05073190077457461,-0.06761511187440156,-0.054507191223809974,-0.03616500589248407
0.824,-0.019618661178648567,-0.0039740990145199296,0.015379655604125577,0.012397947590724644,-0.0189435275702419,0.004825348734477345,-0.00027272501632946775,-0.038141329794741566,-0.06284133504004943,-0.06460316586892301,-0.057852246056019026,-0.04244108762381619
0.826,-0.014278856435185798,-0.01086590512012025,0.0033675316048580573,0.013866219117392541,-0.01035918228879904,-0.0051454149507921595,0.00026226214513429583,-0.04143183667558639,-0.05838559339940701,-0.05268724198661617,-0.05439668661645082,-0.040698511794209434
0.828,-0.020235018893887877,-0.014576364764294412,0.005778022911163728,0.019094118753728642,-0.014437805358652063,-0.005790007517773816,0.012277461485868751,-0.020560475485259695,-0.04587171697557368,-0.04614228672263866,-0.053695665868888943,-0.03566360553708761
0.83,-0.033086366036882635,-0.011416129902655238,0.02173035170486991,0.02381483391735363,-0.028379318659908483,0.0042349560374422505,0.020523494037185924,-0.003873699434030947,-0.04528606222525152,-0.052592644684870966,-0.06274830344610155,-0.038341200545169894
0.832,-0.03816176146159843,-0.008831958628194334,0.029151148649662593,0.024801416781969184,-0.034547883045451915,0.009730438335616806,0.014221620675968556,-0.013104942113745976,-0.06102509452785739,-0.06355971533728194,-0.07545978302283933,-0.05039824052064489
0.834,-0.028594096269722234,-0.01422979145004355,0.01384881868744893,0.022885651276352174,-0.022649724920703725,-0.0005351596800189409,0.0022038427689043205,-0.034847409115705004,-0.07487495953332182,-0.06531040499138753,-0.07901263129466471,-0.05976701457755257
0.836,-0.014386341788874539,-0.022812845541993254,-0.009189790438687482,0.020418895037955864,-0.004248382138095677,-0.016688886142988565,0.0008130144458277728,-0.039571091650836325,-0.06978920483877547,-0.05665428275004685,-0.07022630835052783,-0.05551825945363192
0.838,-0.009448296368008412,-0.023104294441889318,-0.014287594955744594,0.018036059225531812,0.0012848615107207357,-0.019610367482310688,0.011550041188775527,-0.02128314098421585,-0.05255647431235747,-0.049340162111329695,-0.059263472679748144,-0.04168531688605938
0.84,-0.01597035962544913,-0.013069858423474932,0.002820935010875991,0.015955453936904403,-0.010248074465705184,-0.005846637728721489,0.019853630494686067,-0.004533241923650225,-0.044694597305986794,-0.05066346586545811,-0.0561142992560504,-0.03208919806199559
0.842,-0.023604998183310126,-0.00372094884669357,0.0203785778754245,0.015058140471424074,-0.02347692024815768,0.007738060492906346,0.014906084561852193,-0.010945481246553772,-0.054264305732526115,-0.05380989894299219,-0.05938287492497983,-0.034106393685559934
0.844,-0.021597417518391893,-0.005058250656184378,0.01715834209918992,0.015115349747688115,-0.021543698488172874,0.00506777297977396,0.0035453302931229636,-0.030442031843706568,-0.06651021737059161,-0.049499342585039297,-0.06102540560883294,-0.04144043322931416
0.846,-0.010902587199265375,-0.013752027781347076,-0.002580377250979267,0.01460122812431789,-0.005893360985207414,-0.009829877582133701,0.0006383227093250807,-0.03584140597668664,-0.06553285833155754,-0.04128658213765988,-0.05890300253451883,-0.04382655793760201
0.848,-0.0025142715266373524,-0.019049182883283045,-0.016679984627927552,0.01310687758370703,0.00662041531015529,-0.019846380853576782,0.008866451242325107,-0.020450371357005274,-0.05612181947005497,-0.04160345749431411,-0.059553748321399896,-0.04072570798884565
0.85,-0.004758800931695505,-0.018342068515218954,-0.013914584660593652,0.01333053138007766,0.004787842502575081,-0.01761654929135112,0.01583963901016102,-0.006767866046990644,-0.05482413663368924,-0.05339830297024118,-0.0667100368813858,-0.04059031796682473
0.852,-0.016033511851902337,-0.01954076829568163,-0.0038711336069139745,0.019069300654862398,-0.006483516299940572,-0.012374964849574408,0.013026406671930505,-0.013662840202428599,-0.06393145846521557,-0.06413730104660989,-0.0726005939589452,-0.04579997311674615
0.854,-0.028696320334846055,-0.027332436527058714,0.0010296171271057552,0.029581097018397253,-0.016198357325610653,-0.01384165957005202,0.008110305151077574,-0.02868290697999483,-0.06759819746620417,-0.06224457550818141,-0.06753155297451305,-0.04685413878157448
0.856,-0.03615086615956016,-0.03551358089552526,0.00046567789080888337,0.03821671311638401,-0.019656767502446718,-0.01935204797805397,0.012294235503280166,-0.026452026255197617,-0.055723442777924695,-0.05299048897682395,-0.055059154027458444,-0.037193048135838985
0.858,-0.03682188838321946,-0.035776387704858414,0.0011843055842845856,0.03908106783949488,-0.019500540766542493,-0.020240795238584595,0.02261615538984533,-0.006354208322688365,-0.039928254074956225,-0.051431014909654,-0.04952302556030497,-0.025020004189965216
0.86,-0.033448966857901344,-0.02874331930262688,0.005114563908876465,0.03330335480798012,-0.01904819291800445,-0.014702415874751993,0.024900329854542227,0.0047481492517186695,-0.0392147551594433,-0.062292058412385144,-0.05831096656704059,-0.023247959929140173
0.862,-0.028877564630438123,-0.023097827125367024,0.006101994725777752,0.026916947059231727,-0.017272952215332354,-0.010242818368043576,0.013087190808699117,-0.010996396718798755,-0.054485848093516434,-0.073133263690312,-0.07192402608032461,-0.03263704578041339
0.864,-0.023720830294985826,-0.02487086055540062,-0.001403121129084262,0.023988091250611358,-0.01157006541918546,-0.013775880786847921,-0.0008637864674227386,-0.036687690886601836,-0.06603494129919332,-0.06991350942793473,-0.07465327450273922,-0.040918219412986026
0.866,-0.018814059002293992,-0.03049255780379283,-0.012605692350196195,0.023796102053636903,-0.004248354422375821,-0.022056307473019426,-0.0008663741259597759,-0.04195595581426508,-0.059369686219381795,-0.055687765082041644,-0.06385290680400722,-0.0382562160903047
0.868,-0.01687154233296405,-0.031987236593072337,-0.01616292821720963,0.02385394610027663,-0.0019724290728456457,-0.025216501559411738,0.01262280615075543,-0.02303130480468154,-0.045031058556159534,-0.04691434075949178,-0.05323761901736625,-0.029500902877381573
0.87,-0.019003659473709196,-0.027682902404656158,-0.009200438443598314,0.023611187469719387,-0.0068236114392571994,-0.019980554811644548,0.022852709018081646,-0.007085200294574801,-0.04414325005640822,-0.0512446212382303,-0.054493918108518294,-0.02790592158122096
0.872,-0.02184159214989732,-0.024775020503439247,-0.0029949261924090767,0.024592114103745805,-0.011714878638350901,-0.014916961862185288,0.018909188153033267,-0.014885925461239414,-0.05881064144287112,-0.058161585144511176,-0.062426744703383545,-0.03718593468425738
0.874,-0.021179465879929752,-0.029474745334166087,-0.008503728860381563,0.027341531131890914,-0.008937950661228393,-0.01900894857615921,0.00974296380770271,-0.03281895047983419,-0.0685809951256695,-0.054966324391255164,-0.06448236698164375,-0.045898780769261474
0.876,-0.01795793854415973,-0.03782619385544074,-0.020416307044697938,0.0298924667959509,-0.001377031102114147,-0.028784574502605898,0.010229622847259246,-0.032531785649322464,-0.058276771969754254,-0.04359888925973313,-0.05898789423044336,-0.043338194716460485
0.878,-0.01804316686438041,-0.04027967525224222,-0.022682774533693984,0.03033253168737839,-6.244145528195682e-05,-0.03208383486738163,0.020088645637188228,-0.010977168866401453,-0.038706095376118216,-0.0361980595325003,-0.055255449122944306,-0.03412940014829061
0.88,-0.024227488838313386,-0.03413158236566032,-0.009911600581963546,0.029342087257721913,-0.009175684871266803,-0.02403819855064088,0.02502485047419581,0.0035512191605350453,-0.03251319550882096,-0.03856984278192811,-0.058544426183709565,-0.031072744832019234
0.882,-0.030546984163923444,-0.02736855160569587,0.003416367628976176,0.028869939937830522,-0.018413755285026204,-0.01451713835886179,0.016403860888670765,-0.01155121364538532,-0.04484628343213337,-0.04329969220576917,-0.06359678492111243,-0.037808351015492646
0.884,-0.02858973658989686,-0.028190633144631685,0.0005050758059119899,0.029045347329846354,-0.015432316465914009,-0.015837874382984212,0.0029804030685154177,-0.04183290488244463,-0.057930263038448115,-0.03993790202319096,-0.06353275679059403,-0.04490492779948705
0.886,-0.018989194948875146,-0.03393232048838356,-0.015117644418942653,0.02809038998600205,-0.0028896069832933962,-0.025832503927257937,-2.7118340045105213e-06,-0.0533914130165513,-0.056043193390953434,-0.0294617780980826,-0.05940528908214772,-0.043286915626853
0.888,-0.01220338572509786,-0.03478110194605809,-0.0228748375298026,0.02557295024854504,0.003782914150898416,-0.02989211816747637,0.009433465956388044,-0.03710052602401195,-0.046323918692138,-0.024222752691735593,-0.05817371965661351,-0.03663277970270391
0.89,-0.015890958345640513,-0.02762542009562333,-0.011842858996087483,0.02369274511689791,-0.0038398307444328,-0.02087604806464141,0.01768337110510881,-0.019101012863483324,-0.046960225338224804,-0.03185277584905919,-0.06251468699786264,-0.03602397443723977
0.892,-0.024950136451131248,-0.021140749628673572,0.0040251029478865,0.024380639177466704,-0.015961323548691703,-0.009891096369568579,0.014759146341198712,-0.02290995419148811,-0.05972468868736395,-0.04405550129235536,-0.06659230316707951,-0.0435279320990101
0.894,-0.02761169781723308,-0.023744319723193193,0.004179048748900338,0.02622243473036863,-0.01718000933913871,-0.011413419883314107,0.008306066662133866,-0.03719524892438888,-0.06622188539581322,-0.04641291362159892,-0.06423676899882257,-0.04821630041943003
0.896,-0.020148023179297484,-0.030839670748400116,-0.010561562906500087,0.02572522019728473,-0.0063921336182220494,-0.02277275445258977,0.01199027356248125,-0.03429919503193028,-0.05344625051743241,-0.0367540778814965,-0.05784752759695971,-0.04151678055794105
0.898,-0.011789557173390038,-0.0310500365696749,-0.019212139665350132,0.02219874799853909,0.001882956535125493,-0.02764128657806941,0.02490055754561814,-0.011476648759843127,-0.033029439124764234,-0.027980742601536723,-0.05549539564921598,-0.029950798534897405
0.9,-0.012771845274015571,-0.02290019509499225,-0.009805032401211429,0.019383388694500597,-0.003079029485423261,-0.018981121185403776,0.03162923076927767,0.003297598933500535,-0.027790554746223415,-0.031344494192214356,-0.059950341894577076,-0.02703650621330464
0.902,-0.020688941580108894,-0.01759244888358332,0.0037151264830259734,0.020773422304379917,-0.01328605616350545,-0.009144433213678449,0.02294566429845636,-0.011052946190297092,-0.042701318281039166,-0.04134292772078625,-0.06405293538725905,-0.03580408595986199
0.904,-0.0242640524391733,-0.02392133099617025,0.0007548387446435921,0.025134108430315976,-0.013016544111814576,-0.013040743197684617,0.008261781675756839,-0.03927589154582068,-0.058535652783569286,-0.04286508757683771,-0.059780162159310236,-0.04536521369777472
0.906,-0.019524136618751884,-0.03607350579649401,-0.01671250679555495,0.028363085438695975,-0.0016869246269986629,-0.02743911542137659,0.0036094516581410335,-0.04856738094998636,-0.05673463200144415,-0.03218671466188103,-0.04964605372503009,-0.0450156581586572
0.908,-0.015105224914543346,-0.040961023505713796,-0.02630202435520169,0.028744570003203174,0.004598842332636272,-0.034917203483311815,0.011561721948521226,-0.030563524976017848,-0.04247182047770573,-0.022585621277784663,-0.04389775703095715,-0.03729576513563075
0.91,-0.01877539017873564,-0.03521845830586721,-0.016673657211533317,0.02813265526729914,-0.0034460086928784833,-0.0275618276517739,0.018747345272911657,-0.011382035493509574,-0.03599946353727448,-0.025452426076658964,-0.04628755010379402,-0.03359370035580275
0.912,-0.025652485585497833,-0.028732203748963958,-0.003083938690784725,0.02826574854427843,-0.014358828614636231,-0.01728295351702503,0.014529316194771824,-0.01569721968571442,-0.04440506730164878,-0.03445415106338552,-0.04876179269964265,-0.03759344290060393
0.914,-0.025717867823098935,-0.03020966542367559,-0.004640418731849799,0.028303810790071056,-0.012594554480056563,-0.018085761286510148,0.006097593909145907,-0.033283664104792554,-0.05267370964078843,-0.0363592791913563,-0.04334203170363152,-0.0397806056297819
0.916,-0.01808871265212889,-0.03513756736567469,-0.017451903852461897,0.02643347329635716,-0.0005074066933524349,-0.02649486896925346,0.008278637627906399,-0.03493979732001828,-0.04608326265880867,-0.03064716859306011,-0.03407858541990306,-0.0320672977010124
0.918,-0.011500410703031073,-0.03290230407046901,-0.021745014900381436,0.022702690912002305,0.005774896085199299,-0.027835845608783154,0.02178493314905449,-0.015011879955001462,-0.031723482522162456,-0.02895707510378642,-0.03206132302339555,-0.020916180047621746
0.92,-0.012091587576383825,-0.022827825581786056,-0.010763303619828926,0.019502785052229785,-0.0008540673342399733,-0.01803773598928698,0.030809686028261514,-0.00041096105239782485,-0.02936111964175355,-0.037558615794011686,-0.040482510908272915,-0.01911537906143695
0.922,-0.0159933242866503,-0.016196135716216063,-3.4578107477606086e-05,0.01914800966884575,-0.009481954324299775,-0.009682604149639347,0.024003133269630206,-0.01362055802539809,-0.04466760495105932,-0.04854377063651862,-0.05031904277433288,-0.028335226232651882
0.924,-0.01624909845430893,-0.021061805138738763,-0.004731960696657774,0.021471423428060136,-0.007791436021855252,-0.014028833673965449,0.009834318783524774,-0.04141940125285632,-0.06151828243220164,-0.051543066705505916,-0.05232868416729823,-0.03750242147091347
0.926,-0.01344463271042317,-0.031051583662692728,-0.017755836302866573,0.024250879259912053,0.00027209230553043855,-0.02480196901018832,0.005104281870433922,-0.052297567019882786,-0.06301304613203632,-0.04843200315050535,-0.048190781914863375,-0.03788168143443927
0.928,-0.014651923672859989,-0.034118449453363106,-0.0197374167925291,0.02600049565471465,0.0009517147502529066,-0.027173870683831376,0.012296866923085892,-0.03823405653545046,-0.05277410504221645,-0.04966383289400695,-0.046972635875220596,-0.03362282913728828
0.93,-0.022215443082403044,-0.02923525573493789,-0.007151485699388749,0.027542259732772717,-0.008642843024069646,-0.019191576522214204,0.016741569873128487,-0.02444832154714473,-0.049412618105338,-0.05835168602014517,-0.05374841073892173,-0.03517377886934349
0.932,-0.028850316189638233,-0.02698475051786893,0.0019350279587505275,0.02981459296291588,-0.015818462483605487,-0.014356735209284715,0.008302561909996575,-0.03361060552750859,-0.06067461764550803,-0.06506865548142986,-0.06398050165214149,-0.04424929398775594
0.934,-0.026938308919693465,-0.03327200937349617,-0.0063778055137395625,0.03129633884446049,-0.010430147264320833,-0.02167566783349558,-0.002995004665515346,-0.05339790506359712,-0.07133208014994316,-0.06013280921942354,-0.06879221451252653,-0.05000913755667531
0.936,-0.018694719148746153,-0.04024566656854534,-0.021991642171913243,0.029549837937954647,0.0008301159251406177,-0.0325632278658318,-0.0006122485813105582,-0.05317950130143163,-0.06356964365013378,-0.046625263120033456,-0.06449836400023459,-0.04307453807138499
0.938,-0.013161121747522,-0.03703810832047454,-0.024558933554750733,0.02489631684489643,0.003641288594780642,-0.03222577526878687,0.014987823820467892,-0.027485045670075373,-0.04310923481184328,-0.03724289604809395,-0.05602548244982191,-0.029091771436150066
0.94,-0.01568397708626355,-0.0249936069590028,-0.009819980058213985,0.021252179396364545,-0.005842009710899819,-0.018971096850357215,0.025978187272978688,-0.006130991899664309,-0.03346795016607463,-0.03861864237599996,-0.0510109476330073,-0.022533520272188835
0.942,-0.02307437160656192,-0.0169032107488404,0.006058135417577342,0.022476434045285234,-0.017324680363324848,-0.006813585716937672,0.020405628042444595,-0.015172092597142802,-0.04446582146356595,-0.04289329519828148,-0.05072887961870995,-0.028336193430870158
0.944,-0.028192117850386906,-0.021350160188360733,0.006990673263817829,0.027970082678946087,-0.019398771497514726,-0.00850274485215722,0.007389712851726029,-0.04149275108087341,-0.05930516325778738,-0.03840871506999632,-0.04930137350648951,-0.03677340589554554
0.946,-0.028302524221054354,-0.032705201648201974,-0.004272407508490837,0.03336483286532278,-0.012990719176726614,-0.020117359726721896,0.003890765911115445,-0.05090044618118255,-0.0589141312098591,-0.02609363258593221,-0.043834680149009805,-0.037807891512741894
0.948,-0.027782874144402565,-0.03892469838748319,-0.011152909345508546,0.03566994429447554,-0.009455407768644359,-0.02666711268510556,0.01189425714523402,-0.034805819082306455,-0.0483781338941571,-0.01939041054172528,-0.04063019921058906,-0.0339725592501994
0.95,-0.03130932583199059,-0.036586328270449844,-0.005350514888440086,0.03616869689309415,-0.015135092975497687,-0.021799795996873348,0.017147049526549874,-0.020376704275666287,-0.048067121389442344,-0.026974177629078635,-0.046388355006953576,-0.035346969852208865
0.952,-0.03638285171159199,-0.034111312881542906,0.002264365774528536,0.037657860290015596,-0.02236515576310653,-0.01575344972252053,0.010611723553989113,-0.02999350182375785,-0.06250937891690003,-0.04051491606343281,-0.057394637948895114,-0.04424159894608797
0.954,-0.03658561344238445,-0.039089731259749357,-0.002346986502736986,0.04008921326912728,-0.02025622907774338,-0.020335807401827992,0.0021281509146255295,-0.048791203100301266,-0.07219525623036256,-0.044520018590087335,-0.06393800405699233,-0.050713952636324486
0.956,-0.03183995216070294,-0.04713241656676833,-0.01493695973145263,0.04092218297663067,-0.010975830095373885,-0.03144260129792121,0.006521285623105259,-0.04700604740491136,-0.06102026171747485,-0.03607373850775262,-0.06306382086875906,-0.04588797293088834
0.958,-0.02962577698189975,-0.04727894496148494,-0.017231230557848875,0.03904344119351795,-0.00789438950258559,-0.03354798288513294,0.022257967886754677,-0.022601270067694645,-0.0399293405572887,-0.02728646492012788,-0.06063498933288001,-0.03434049470258609
0.96,-0.03381368136617001,-0.03627829274983661,-0.002224697589047744,0.035734452912211966,-0.017080290731423912,-0.020611974414877342,0.03241951504484597,-0.004371525950086621,-0.03304151170542831,-0.027112761404266997,-0.06134013664864593,-0.02831202109672668
0.962,-0.037880638068970636,-0.02301764571102493,0.014830225067946002,0.03198053400245833,-0.027946843163910412,-0.0050315391727005655,0.026272917413909764,-0.013867352708441034,-0.04619181834190136,-0.029529747173443602,-0.06214271211322878,-0.03190154874038043
0.964,-0.03340312446193272,-0.017667302507510436,0.015595164503747948,0.027290503406758135,-0.02656375506050481,-0.001929773477186113,0.012920731642697494,-0.03759656424571814,-0.061034157352323704,-0.024842720427723123,-0.05772761144737642,-0.03638211642975798
0.966,-0.02256319592130362,-0.02060692176787673,0.0019213231564537416,0.02241267961212432,-0.014083521410825894,-0.010475442842646163,0.00876628482318636,-0.04615107243070977,-0.06096177654825426,-0.016030581404992954,-0.049815421182138477,-0.03299825337256586
0.968,-0.016665388222916848,-0.024793078569884077,-0.007950028277435916,0.020631354885546318,-0.005420222320134428,-0.017336546417000352,0.015357918660508505,-0.03476360505084723,-0.052812969583517486,-0.016825198394359184,-0.04711568924433954,-0.026240287576080892
0.97,-0.02103091150094124,-0.025996305173047997,-0.004584904657775898,0.0236205165926607,-0.009066466094616333,-0.01583356483314917,0.018246713571709126,-0.028933456419405926,-0.055740832004605896,-0.034112815846610606,-0.05419127239493077,-0.028419261369117592
0.972,-0.028111544436487647,-0.027231329125963634,0.0013032642595234851,0.02878186262699651,-0.016221180644920626,-0.01366500356027961,0.008560110509930004,-0.04593480960264966,-0.07273246826143893,-0.056840867153867436,-0.06421885637627192,-0.04119647509234095
0.974,-0.029800586205250085,-0.032214569982543156,-0.002208981564122534,0.032929681377657456,-0.015748153775540782,-0.018738638626440554,-0.0033966797624773127,-0.06771286130133494,-0.08441822416606481,-0.06725369677401044,-0.06655670439991383,-0.05040130389279143
0.976,-0.02986109476832701,-0.037205149760286695,-0.007514944399069451,0.035591878365268066,-0.012498305247788544,-0.024383135888735405,-0.0013273857671247929,-0.06476942136256669,-0.07459821501475779,-0.06182773986225556,-0.05828790543893367,-0.04327357284421596
0.978,-0.036602867587369525,-0.033908448200932674,0.002230152480157929,0.03691440798770625,-0.019828670588227744,-0.017258048500864105,0.01529920697815695,-0.03686700588422304,-0.0525374037136847,-0.05366993635198686,-0.04633562204143277,-0.02532265575566755
0.98,-0.04694084704039038,-0.021107494782595798,0.025359384531748037,0.03526132609283151,-0.03651936914693376,0.0017411510620293257,0.029447324615665404,-0.014969272618947559,-0.041706152556432466,-0.05271685611294083,-0.03971514176827727,-0.013906813857854092
0.982,-0.048414694126222756,-0.009363245130596925,0.038820876865414536,0.030030253707397477,-0.04472597433645724,0.014343780440221695,0.02765785556789735,-0.02226703015980653,-0.05051211075304538,-0.05246806069986857,-0.03931787315277522,-0.01670426845276151
0.984,-0.036909460007358015,-0.009911269321449687,0.026942870779314447,0.02453164402707562,-0.033690661035369086,0.0067335965612192305,0.016946979914766378,-0.045445603779423506,-0.06397253722453923,-0.042470409829971044,-0.037862031777476414,-0.024472732324244226
0.986,-0.022337031033039786,-0.02070015656354508,0.0014760166358873952,0.022486947349916683,-0.013840489712568634,-0.012915625472833875,0.014102806483620256,-0.053437834985582446,-0.06525907737565861,-0.026406349837935713,-0.032091453126174764,-0.026424849112304326
0.988,-0.015958457591317466,-0.028961806542647836,-0.013259295342181237,0.023456183089466676,-0.0031352435326136904,-0.024770441939822623,0.021979891146043543,-0.03861178471449409,-0.056986285146078425,-0.018389242362936858,-0.028380870575399234,-0.02435673442853551
0.99,-0.01838503627473905,-0.02704708902243395,-0.008670913876567727,0.024051058349285448,-0.006381832310680669,-0.020784924858438164,0.026756676703194208,-0.025565390919803272,-0.05508226108715218,-0.024043191804541193,-0.03150670193396656,-0.02695081124112567
0.992,-0.02168784486736171,-0.020651230168358122,0.0012843597310506908,0.022709711625511074,-0.012580952728486482,-0.011675432028285934,0.019761202678805902,-0.034872595771363216,-0.06457497502587886,-0.03346460594533394,-0.03516272886222359,-0.03440485150273559
0.994,-0.020486076989066588,-0.019331577235984075,0.0011062142949582975,0.02123886512788289,-0.01127973497434593,-0.010510547446703303,0.011016614207819488,-0.05295986039507336,-0.07171738078975344,-0.03445708360386008,-0.03052456544532575,-0.03634210501321135
0.996,-0.017129168987282416,-0.022087004118984666,-0.005662254155656902,0.020778079292774098,-0.0059400616703457745,-0.014939503818306558,0.014999404419685176,-0.05244788816031451,-0.06461900246637658,-0.02739950453563852,-0.019868448206658153,-0.02693655531004918
0.998,-0.016277366397891638,-0.01865645046717023,-0.003393055086175846,0.019098724569212036,-0.007260166921788509,-0.011680948861425207,0.029911173216982494,-0.03249482797146156,-0.05182245980114463,-0.02338746259863699,-0.01490883565390318,-0.014950051121498569
1.0,-0.01875869963873072,-0.0054007214128907275,0.012537857452231458,0.014496499985530202,-0.017542067824521886,0.0035306474326084114,0.039692229650483905,-0.0198198466866202,-0.050354273098540646,-0.028581218390302435,-0.02111035218130673,-0.01281853371839816
1.002,-0.0221355969843719,0.008555612575918664,0.03012390837123995,0.009373657393527678,-0.028378388726146793,0.01979460415739032,0.03655987265010653,-0.03014342541031122,-0.060265575026834425,-0.034567775354630556,-0.028951225321306458,-0.019854673996222334
1.004,-0.024174006626649494,0.013874853554359025,0.037513833741672706,0.00689925311945642,-0.03221588448423733,0.026127274858406983,0.032876025501674906,-0.04591274126497628,-0.06324013868598086,-0.029695838807881653,-0.025904715141994186,-0.023763876747974123
1.006,-0.02421662700502847,0.012208283831815832,0.03577739327218939,0.006756449738429336,-0.030175053753640026,0.02396791851138237,0.04466479134213919,-0.04035327050430371,-0.04792603513495865,-0.017028670980766717,-0.01377227828038122,-0.017414897824642922
1.008,-0.02395096430755367,0.01142749881756192,0.034661317196423125,0.00710008819081249,-0.029240775781931957,0.022386856695707193,0.06938846295877706,-0.014028630689115449,-0.026767578696504455,-0.011333354914071881,-0.007178547743477071,-0.007430058039424503
1.01,-0.026808319869152292,0.014469922917302766,0.0407202260045352,0.008236369165996843,-0.03454094830442574,0.026264981669696607,0.0888511637685641,0.004743016588952275,-0.02077641542372793,-0.018332628010235965,-0.014840039529479649,-0.005049295782394934
1.012,-0.032825790943310486,0.016491878458010575,0.0491375088733634,0.011158079332518025,-0.042783348593315444,0.03106068222100768,0.0925000566860352,-0.002671232340203622,-0.031865643888453414,-0.026709933868552947,-0.027950573031450012,-0.011154693657776374
1.014,-0.035778206443278344,0.012722361239033963,0.04861147622514973,0.013928703519327543,-0.044314033139841065,0.02903318073347012,0.08836950758691414,-0.02013292623910795,-0.040915303113768065,-0.02390025932414727,-0.031187133836568997,-0.014625930255109781
1.016,-0.030297239314873096,0.006944248006106222,0.03729529296451239,0.012676791486900235,-0.03520700821600203,0.02083367155318086,0.08885323272602277,-0.019673857135536994,-0.03424656289636337,-0.012416558702088226,-0.021830090407805754,-0.007831183729050352
1.018,-0.02009856660516317,0.00842760977884049,0.028345833633711272,0.006350818348301751,-0.02436591641368681,0.017010488790121212,0.09430316766316228,-0.0003551626787259072,-0.020942004102394482,-0.005047250519495209,-0.011842658308159407,0.001817526102935819
1.02,-0.013368080530837257,0.019354242793649425,0.032548820821068476,-0.001744123754470575,-0.022309556498616295,0.024146198727437593,0.09544521353085957,0.010854750353353529,-0.018717189226873304,-0.007141224171304122,-0.01180525038791177,0.0013295116718364957
1.022,-0.01124069447410826,0.030198238324643082,0.04155973107671713,-0.007609441838993576,-0.026170044563906262,0.03422776663320915,0.08789141225672532,-0.0032373697463688026,-0.029446636763206305,-0.00982789778049236,-0.01777707063017906,-0.009773956166642062
1.024,-0.008342392671708157,0.030954440324669312,0.039598173741692,-0.009644008486852365,-0.025153634795405628,0.034605378891956126,0.07921345826854938,-0.02589131763432595,-0.037251967878123175,-0.003239071891998389,-0.017185860031613466,-0.017854307371142335
1.026,-0.00434064669962766,0.023463314553883622,0.0279807396177274,-0.008375197688935857,-0.018726113184150333,0.025726037973364597,0.07943961784878603,-0.029075444391553996,-0.030716087632012716,0.008210039223812018,-0.0064906189075787935,-0.012786937918475984
1.028,-0.005817850741396648,0.018469040341627344,0.02431930038509982,-0.0054841559152186675,-0.018052299761700696,0.02076502733995453,0.08580957706602904,-0.011885478422980563,-0.019162589047280323,0.010597208507214998,0.003466967374679479,-0.0010900071868968444
1.03,-0.0144896024230805,0.0210403423449797,0.03560046340816805,-0.002670329055920803,-0.027563704610182375,0.026393911101092033,0.08278371566279068,-0.0021975586385957037,-0.021206961908822066,-0.00031606565829788054,0.002526946190108916,0.0026200472863971355
1.032,-0.021225232600082772,0.024177279574208583,0.04547659609183616,-0.0008562348616330632,-0.0353745782615884,0.03233741325313981,0.06195056622428034,-0.017938251530352067,-0.038791810205756075,-0.012036854922706373,-0.005303956651872225,-0.004797758607249042
1.034,-0.016341141470326566,0.020033834431991075,0.03626586436186516,-0.0010753909767308868,-0.028305244156593478,0.026060366126755767,0.0359357081281174,-0.041320025381834505,-0.05203610602567631,-0.010491522400032649,-0.008452307137791838,-0.010319106078266636
1.036,-0.0019453035953901302,0.012254331252168146,0.013957853178429912,-0.004581593198184535,-0.010060564684236896,0.011535835670067138,0.023604405711667508,-0.04335007691919047,-0.04552981999964256,0.0020636621258338086,-0.0029743175633616167,-0.0031895884067285355
1.038,0.010193886256855238,0.0114027160999831,0.0010760635693621884,-0.010802904236857926,0.0026990811354870633,0.004864293185256109,0.025220512845857065,-0.023730860522150645,-0.030024937204997524,0.008961198612606153,0.0038871150688905304,0.008917823197115933
1.04,0.011551228911598418,0.01983910027966598,0.008342915200036069,-0.016076707012674413,0.0002065254305239127,0.012835459248366436,0.022386384469105604,-0.011133146346183983,-0.028218106979706305,4.220388020227508e-05,0.004188774043728428,0.010004902157936903
1.042,0.004803357021254487,0.027239186241437712,0.022538909413473106,-0.01608555489894838,-0.010036079247618448,0.023985276872978294,0.003517093240932512,-0.02529381541195702,-0.04487962211929798,-0.013768243194558594,-3.715508587141526e-05,-0.0020373269967697283
1.044,-0.000680756310921792,0.02406156063564392,0.024764633342789773,-0.01089046955577123,-0.013951865980046333,0.024090801676300483,-0.019827752468116387,-0.05125658929407852,-0.06168991693105512,-0.014222391401181096,0.0001444580293933025,-0.012235427924613497
1.046,0.00048233453093774587,0.014313860071014926,0.013808371535397265,-0.005832102712845528,-0.008036797198749555,0.014229892621834377,-0.028127482969049558,-0.05858556213606171,-0.06161968079760406,-0.0017376151643980651,0.007364669708993964,-0.00800151901464831
1.048,0.00533509826011178,0.00943017688583922,0.004192441106820596,-0.005504130768967861,-0.0010540565163290223,0.007121230520716372,-0.019650488472870004,-0.04133771132483952,-0.0504366022521541,0.0036461387704479114,0.013810078559444031,0.0049749452743398734
1.05,0.008837237388084044,0.012484751423425863,0.003983175746953215,-0.008706812105434513,0.00032165941259578064,0.008391626801296173,-0.011924148103558492,-0.026617473427436283,-0.048825308953947696,-0.011053046187075906,0.012466160789399655,0.010390406661351277
1.052,0.010607445227976091,0.015165802744062953,0.004981468238596826,-0.011024558416257674,0.00022475408273042572,0.009798627941340865,-0.017032569494905732,-0.03770312322095938,-0.06486688259374468,-0.034200582671679323,0.006906767867750919,0.0029806445285639233
1.054,0.013279647015505597,0.01092222558625517,-0.0022269618066991584,-0.010785837947106741,0.005063937195805872,0.003252581225006542,-0.02488760332774109,-0.06119436888215678,-0.08230916937357839,-0.044068889828729425,0.006401942115378313,-0.004091165083327834
1.056,0.016990008077098804,0.004075821237069106,-0.013276543240807022,-0.00994913794386985,0.012710239489152767,-0.006469174194959179,-0.018660612525531365,-0.06553565507248724,-0.08170691629170278,-0.035280948260831856,0.013696411670673559,0.002251415113379224
1.058,0.019138824994135096,0.0026741972496139967,-0.01706279569445074,-0.010331746511007496,0.015946530091856908,-0.008912296060956464,-0.0007014824016795822,-0.04537744626806224,-0.06708732269378606,-0.02360207938538691,0.02043682886951448,0.015579482721769214
1.06,0.01972454100647338,0.007483418814198791,-0.012689877790991726,-0.012306733803286174,0.014243089041979646,-0.00320687004500596,0.008879098895519721,-0.029513658058597445,-0.060729378412668365,-0.024273708420029096,0.01720119624995633,0.018384041176338687
1.062,0.02230535590549275,0.011553512056313862,-0.011002559887868978,-0.0154743818054284,0.015119094610049736,0.000574851168662578,-0.00013937127052914867,-0.04141452539324149,-0.07197657431429037,-0.032757513131770576,0.007584027488068,0.006933156559826731
1.064,0.027402382441948307,0.009296999188704858,-0.018324151708849233,-0.017897633491203307,0.021957389145603714,-0.004592729957371016,-0.013623679357730905,-0.06729695753620117,-0.084786898474881,-0.033616019273767526,0.005043149554748093,-0.0038351597519728415
1.066,0.0289532197173192,0.003291542506360494,-0.025853740176511833,-0.01659522828158431,0.02680076791113019,-0.01275605994157742,-0.01240309325065624,-0.07579095021012675,-0.08184449843582996,-0.023577983156536465,0.013410575399280573,-0.0015144135784568408
1.068,0.02107662379809942,0.00048412837865654114,-0.020644349875530002,-0.010889110550304887,0.020190417647376675,-0.012554453716808233,0.002081811285756725,-0.06122773861995681,-0.06938291935979911,-0.015045180001814084,0.02052049913399893,0.007770205872621975
1.07,0.007351212957679836,0.0033932063780378902,-0.003883766327488599,-0.004508677250433707,0.005013616485269025,-0.0022609867008280844,0.010956476154023148,-0.05017613579842254,-0.06743655738850649,-0.017586399799273556,0.016137483240489216,0.009389264227114827
1.072,-0.0019508622517592344,0.006970031332020787,0.008991833217493138,-0.0015061088582260644,-0.005892355905739357,0.007232443576481772,0.0048310076230739865,-0.06216919016209926,-0.07995923888409026,-0.026189265137813823,0.006414925702180137,0.0007262035604049707
1.074,-0.002970435000852829,0.004695817697894813,0.007662704536809993,-0.0006443978599648806,-0.00594874705271254,0.0059536544978375915,-0.003353645900427877,-0.08110230976529342,-0.08844624553381157,-0.03021740884918475,0.0036814590769620927,-0.006288244267171856
1.076,-0.002485373385854548,-0.0020732874975254324,0.0003717895251465921,0.0018685490470238318,-0.002629830483580782,-0.0016981725394702302,0.0025444607034251286,-0.07867771622519334,-0.0793557691777713,-0.027165106379613415,0.009163865856798329,-0.002840021126028732
1.078,-0.00821749897179693,-0.004514109181723286,0.0036857112393972125,0.006104765794056782,-0.00750024323507954,-0.0020439236091591107,0.018511834568361463,-0.055650534602804655,-0.06516104430117801,-0.02427694405064508,0.013270859274264083,0.005063162905602136
1.08,-0.019446947740542612,0.001062226146574657,0.020544516400227503,0.009548073711000488,-0.02144461006786148,0.009008878728060155,0.02524213497615166,-0.04227670227921651,-0.06803549017453922,-0.028871676405713847,0.009650221117946021,0.005788931393985307
1.082,-0.02793659266537423,0.006501834296934856,0.03458578987325329,0.011698902803025601,-0.03245682916529467,0.018955019542583725,0.01341007317537619,-0.05796405960695246,-0.08963523347313637,-0.039310714559911475,0.0025307707230299023,-0.0023592859903688503
1.084,-0.027404576671944004,0.0027046043865825075,0.030436968687845588,0.013784579307108554,-0.029872825258021176,0.015074021166695446,-0.0044713910165799465,-0.08573219116488925,-0.10867704388418746,-0.04722101261565663,-0.0002311135838872772,-0.00971027659284867
1.086,-0.02195760150678108,-0.0076047573205075165,0.01476687469382891,0.01638797027129099,-0.018975902020561677,0.0021445271345378347,-0.009632189781218676,-0.09414996008710845,-0.10806917109088203,-0.04842489698665363,0.002625941221796189,-0.00845864022655387
1.088,-0.02271528734123519,-0.014036727936606456,0.008929803148276228,0.019941009079249453,-0.01625716324552116,-0.003635101444845578,0.00018963937314392542,-0.07729331021990717,-0.09600232358007132,-0.04857881307564873,0.004402750134261049,-0.0034257890732563275
1.09,-0.03366727866110665,-0.012870060100724877,0.02077417120388286,0.024912742664491117,-0.02818017315956997,0.0035233093407918566,0.009265961145485587,-0.06221980999660547,-0.09419034720104495,-0.05501241807201976,-0.0007847175034023363,-0.006460496808655689
1.092,-0.04486445638497683,-0.011150410374599493,0.03357184841072944,0.030001754722991974,-0.04121234189548945,0.011314427523908188,0.006639833758362231,-0.07180435706074088,-0.10724761519108537,-0.06419603322421738,-0.009038183541823048,-0.019505434948127547
1.094,-0.04478566311552783,-0.015835303968035144,0.02888742940320884,0.03268533199299883,-0.03934876351443017,0.006463562034916073,0.001749767531264884,-0.09135884487171698,-0.11574263869368173,-0.06436150043273016,-0.01057426883672547,-0.02954592102779251
1.096,-0.03569549434151957,-0.023489853179173844,0.012249943655378613,0.03203851128470338,-0.02598714736300419,-0.006480373871663695,0.009436758489109081,-0.0890564533062633,-0.10474771535481829,-0.054179884657009986,-0.003894128842526213,-0.02610557415068555
1.098,-0.030810211058232458,-0.024800753986858583,0.006064846469797423,0.02980250605348078,-0.01963186527714856,-0.010605884590282316,0.026902798631504216,-0.06325816688330517,-0.08658301128440941,-0.04945399535049375,-0.00018532074273268226,-0.01659647000860885
1.1,-0.037317304653431596,-0.017752011150591458,0.01956796043952931,0.028756322315491138,-0.029393742467747196,0.00043077430212017976,0.036008995143956064,-0.047299940073879734,-0.0852613012446628,-0.06100258142463064,-0.008475108515060607,-0.015607488516179682
1.102,-0.04752262853228256,-0.01082839162861143,0.03666543420143094,0.029960613763117944,-0.0434865426671104,0.013581874867907018,0.027068283238096617,-0.06361702934749744,-0.1051818341131573,-0.07456138601038899,-0.021326091419584976,-0.02411810343415431
1.104,-0.04992461990757881,-0.01235623173751937,0.037531237737510624,0.03217217887408222,-0.04553655316761505,0.013498021045997849,0.011894412809661017,-0.0930283895691647,-0.12632075110809327,-0.06904952833954674,-0.02401383558234066,-0.02974008412265732
1.106,-0.0451760149805712,-0.021222018927465176,0.023831114275062328,0.0346610404334787,-0.03596579823981393,0.0012359745171809985,0.008541969536601232,-0.10154353824204872,-0.13040712539930954,-0.04967031940075974,-0.01590996473979439,-0.026377167220153274
1.108,-0.04450367684810772,-0.0296647084995707,0.014545811468238851,0.03858759266458842,-0.030253261067116767,-0.009150761667251187,0.017961834333558482,-0.085875923944247,-0.12335103721193219,-0.044013260341661836,-0.012622203807344448,-0.023512357623730225
1.11,-0.05318114187904464,-0.033372568857958064,0.019518566926663695,0.04447127835107606,-0.037119839155470666,-0.009669347147191422,0.024316091436040153,-0.07590333635269031,-0.12550912808782566,-0.0643578909885844,-0.024108251007153355,-0.0321123600049994
1.112,-0.06281266005212778,-0.036237926247052736,0.026640501400419684,0.05046500166187825,-0.04636205405603222,-0.007826524416883498,0.018293774538060577,-0.09110485595041731,-0.14152957488046625,-0.0902119254108241,-0.03953297814342234,-0.04703257094323589
1.114,-0.06239229059689623,-0.04268029490555738,0.02015665547304566,0.05355170448330973,-0.04336139951673315,-0.013882793496623268,0.009639957051124196,-0.11254908852589525,-0.15194185122696982,-0.09488097119938,-0.04121004907289923,-0.05139460719372413
1.116,-0.05211091842960445,-0.048060210000054934,0.004453651917656998,0.05141419135105174,-0.029867410345303297,-0.023900209987625834,0.011792582272183043,-0.1109136132482602,-0.1413311097213963,-0.07807680740350276,-0.027616646268014865,-0.03868857152744936
1.118,-0.04261575006033639,-0.04305052712439406,-0.0003944927289614152,0.04449761090631636,-0.022017363365152042,-0.023490350705312767,0.022485655016228494,-0.0887079448355121,-0.1223061509741463,-0.06255159973705363,-0.013505353113968778,-0.022199649805311982
1.12,-0.04226871584316685,-0.027737651279247044,0.014339571246664773,0.036956057697629455,-0.029043980924068572,-0.00818082041786893,0.026677581277688215,-0.07742683641394613,-0.11980188405115892,-0.06398465830373941,-0.010036846971117182,-0.018998533523350715
1.122,-0.04812446340556644,-0.014622679917186314,0.033380859961357624,0.03351394908978193,-0.04160081263166867,0.008155321764339684,0.01716203602022069,-0.09520593869723783,-0.13815697086296932,-0.07587994343879823,-0.013583086540665151,-0.03007685253071553
1.124,-0.0509340129950635,-0.014590381785773217,0.03636480802685526,0.03495710611848252,-0.04444491698337143,0.009646746128972422,0.00594068377362885,-0.1214999114773165,-0.15580911682878448,-0.0850892732104327,-0.014558516331344869,-0.04097809460598758
1.126,-0.048015526994279314,-0.024598761654939984,0.023393709903948387,0.038549532457489336,-0.03636999008532553,-0.0021076592383647876,0.009147352351444125,-0.12311732319988487,-0.15337117764698968,-0.08947425909916684,-0.010496133319981808,-0.040484310554917836
1.128,-0.04701118454817161,-0.0328037107539628,0.014029456836678398,0.042286407531971895,-0.031161494522964992,-0.011185856815119126,0.024478436804116745,-0.098618646776299,-0.13784070181143385,-0.0940463997649772,-0.007140185811283082,-0.033722213664131646
1.13,-0.05499867930601024,-0.03427942312134474,0.020607710963103605,0.04705496520324365,-0.038392330125060374,-0.008873557009107821,0.03377977705844567,-0.08095975788130759,-0.13229646550079066,-0.09916578491595011,-0.008830198569792766,-0.03377536537073218
1.132,-0.06839679505070301,-0.03659963975103026,0.0320893207615661,0.054480902986228964,-0.05069545757482124,-0.004339899075802092,0.027936366088609572,-0.0925822568381082,-0.1444601717665788,-0.09979398774165482,-0.011577089788907122,-0.04264552007910733
1.134,-0.07718836264461168,-0.046197372727033344,0.031738372390796174,0.06269036612978235,-0.055000787913016234,-0.009047518830884607,0.018561009378786766,-0.1149759225487863,-0.1565335602375061,-0.09426522009428136,-0.008951687084059886,-0.04769216322122507
1.136,-0.0770430065826155,-0.055710502863023724,0.022221558564022467,0.0663533511651998,-0.05076266740913035,-0.018305577391084477,0.020800698830105713,-0.11633197267792965,-0.15170926954310068,-0.0901417053366537,-0.0032439288382331726,-0.04029560603399519
1.138,-0.0731638287500943,-0.05302980691829136,0.020734561138702645,0.06268145032305138,-0.048939611910997896,-0.01794061253528416,0.03222195986517951,-0.09655267899675837,-0.13902265421015228,-0.09702394608426274,-0.00364504310441806,-0.030011815094331498
1.14,-0.07095384197610514,-0.03888663733603999,0.03217978492877408,0.05482468619486982,-0.05406113273451034,-0.005705992424734374,0.03645204190257686,-0.08564654267474635,-0.13929708168430074,-0.11205705648540012,-0.012027842133826483,-0.03199556221272722
1.142,-0.06870961833380475,-0.02745382990358701,0.04106752252141003,0.048524848399897576,-0.05715026191000595,0.004329454003693357,0.026249171106043696,-0.10057726374612268,-0.15383361323768405,-0.11952491618964692,-0.018343654701264717,-0.0455826723907136
1.144,-0.06395407602716967,-0.029403071420153647,0.03439747491718687,0.0475333087845343,-0.05072157301256707,0.0007654055116316747,0.01448919806048508,-0.12223081462282359,-0.16245361292076613,-0.10979146877216729,-0.013323665575463349,-0.055041367761168164
1.146,-0.06091990195876357,-0.03981173982696832,0.021126979840386726,0.05168499361938867,-0.0421742152290267,-0.009911843513261772,0.017176905905293506,-0.1223754913360226,-0.15206573287698336,-0.09233032313497676,-0.0006395458684811691,-0.050542410788610985
1.148,-0.06529698349965592,-0.045294270828249474,0.020092280576544098,0.057333371657084256,-0.04428042230289451,-0.012465670385687059,0.0313161847504715,-0.1016070283833084,-0.1346003675650148,-0.08370200131922013,0.006992688379798256,-0.04027547389293933
1.15,-0.07448418908185538,-0.04045002162402843,0.03406697457079447,0.060181458200747974,-0.05651740103433848,-0.003318718698628282,0.038917809810685045,-0.08769553613795152,-0.13098024975903305,-0.0871471624860852,0.0021846194791418764,-0.0386814515464613
1.152,-0.07928517838227117,-0.03346520951181197,0.04578728566200994,0.05913037629353873,-0.06473866785733878,0.005003841173354444,0.03177564622905248,-0.09764706566077665,-0.14338757996169896,-0.09193827041693178,-0.009663256772838238,-0.04732479356893531
1.154,-0.074915457582509,-0.03381933970602884,0.041062749116514155,0.05624088769013826,-0.05954226351658805,0.001494760430921796,0.021708834669717247,-0.11487144781548381,-0.15298408592579885,-0.09070482753050983,-0.01778015554678078,-0.05403359527437397
1.156,-0.06600136085490121,-0.03915508976236639,0.02684815101628026,0.053203411093138205,-0.04750038689244236,-0.008454394075318884,0.02299272727232977,-0.11301003637935936,-0.14613155245891213,-0.08821164965852969,-0.018558253741937054,-0.050726845294879974
1.158,-0.061259454970527025,-0.04010443168382489,0.021174106280210978,0.05082958578533985,-0.042316094708908965,-0.011353953690742002,0.03296368654702448,-0.09352595973339786,-0.1330588197359411,-0.09216659314184132,-0.017922348610251947,-0.04442398525799711
1.16,-0.06512420192929304,-0.034398681242251546,0.030733603354735753,0.05059088734059297,-0.0491349015602616,-0.00340893966531218,0.036729150192249864,-0.08427480462603935,-0.1328905878141753,-0.10149220763387347,-0.02082450049677594,-0.04646968342385597
1.162,-0.07299348715599692,-0.029466513055804937,0.043520421788850294,0.05290023973404149,-0.05933351640019247,0.005528591978630898,0.02842437082602976,-0.10040994311361807,-0.14596191054210572,-0.1064960676392869,-0.023506011877488117,-0.05620773048925051
1.164,-0.0748646328868353,-0.03136697061621332,0.04346818320237314,0.05479612805118174,-0.060263915057704474,0.004679050901803514,0.019731910862921875,-0.12227143085848484,-0.15328858210847152,-0.1008450873331783,-0.02117240933326536,-0.06225746905151866
1.166,-0.06666455095207598,-0.03603417662521361,0.030520972965525996,0.052468417583098045,-0.05004568280738729,-0.0037759226171676136,0.02400340123316767,-0.12136023876825351,-0.1441089777955502,-0.09108207424644593,-0.018230269696621122,-0.05830200455286254
1.168,-0.05659939560090016,-0.03497652770738153,0.021408927330459838,0.04647813402059188,-0.04052782502224024,-0.007206506494215724,0.03759427685783488,-0.0990850976177605,-0.1316439763168853,-0.08966185365523086,-0.02261029082256358,-0.05096778748576647
1.17,-0.05499806080546269,-0.02731656718737392,0.027435025288070885,0.04177990609345708,-0.04229001769660727,0.00025428921363147144,0.043840766431766647,-0.0855599702816097,-0.1342187030559865,-0.09858019625569911,-0.03204681640529886,-0.05045075665478623
1.172,-0.060395378672520206,-0.021128716262274673,0.03897369588242427,0.041571093858327496,-0.05045585558368825,0.00930101846648122,0.03544375606669651,-0.09814866066754242,-0.14852028100239514,-0.1055535886579848,-0.03392862292681464,-0.056967254169625156
1.174,-0.06319791984724679,-0.022594492241373956,0.04015486109786595,0.04379674017152344,-0.05271906886515976,0.008579622286185154,0.024777728220366804,-0.11680374998906291,-0.15397826157626587,-0.09982453467822935,-0.020665882054989797,-0.06068827200861993
1.176,-0.0604308651599653,-0.027516794088012574,0.03248726139653868,0.04457877845695033,-0.04805012726172824,0.0011083920630231931,0.026687258086393016,-0.11277234580889028,-0.1417380140486502,-0.0872181745200448,-0.0011024321170547832,-0.05535446286983256
1.178,-0.05859504875408096,-0.026404509960827945,0.03220638622902023,0.042788135068756755,-0.04730068554698618,0.0004991644235153383,0.037956659175621,-0.08961881039013869,-0.1266088800265555,-0.08285269341903828,0.008053691628276561,-0.0475416976647283
1.18,-0.061810491557962734,-0.017294943210983252,0.04500075270176811,0.03999538731923485,-0.05493503086443736,0.01145928423811339,0.04239465084476121,-0.07847106029628889,-0.12737301265048387,-0.09103326184438,0.0022414235845597194,-0.04894851117891473
1.182,-0.06424005974056213,-0.009294270430625948,0.055399802321885246,0.03750404816318187,-0.06034611480261964,0.021792866717987133,0.03389193798603496,-0.09567230002134149,-0.1429721334627825,-0.10039664098440558,-0.005790811060556263,-0.06069795095171798
1.184,-0.0589420333884831,-0.011428144228299278,0.04753723983211412,0.03591831070701174,-0.052903444506045644,0.01793919536171474,0.0255208192836845,-0.12082857510425167,-0.1537455298032323,-0.09988010822120193,-0.0030223966454574753,-0.07051777695048086
1.186,-0.050006545810965655,-0.021184885723803202,0.028495662189322424,0.03645938994271817,-0.038958609383633935,0.003535911591042722,0.03264013710468961,-0.12210539994638817,-0.14449274051841793,-0.09208913177622081,0.008104531108837689,-0.06830421757179933
1.188,-0.04850187737800251,-0.027287580218516603,0.020882297286217346,0.039290612085756044,-0.03516990873849649,-0.00409201660936224,0.05262439254281068,-0.09475161730445729,-0.12209908833437622,-0.08737710343329834,0.013579300534946735,-0.06019700918428378
1.19,-0.05684095922890236,-0.023435773015479357,0.033359548154308145,0.04162498009612278,-0.04612354516482004,0.003853590738906546,0.06814541940532574,-0.06537377627693429,-0.10700611865323484,-0.08972165762887385,0.00433049905620584,-0.0613657546941745
1.192,-0.06456460242260055,-0.015559988299483319,0.04924728873401355,0.04064758814230847,-0.05786185796129056,0.016284991243067065,0.0704145662222635,-0.056129382311627785,-0.1065156797910556,-0.0930055144374146,-0.012575926259306714,-0.07517994202664052
1.194,-0.06240967844233598,-0.012870052432803925,0.04973141588237656,0.03733008724443147,-0.05709585261476511,0.018178139130139038,0.07036013790825629,-0.05671270320180027,-0.10579117251129533,-0.09080371066282751,-0.021818948324683472,-0.08808081241356676
1.196,-0.055153666956469366,-0.015415890867523046,0.03961826643700709,0.03527727138612462,-0.049164512276873636,0.011341716258867242,0.08206617880725166,-0.04423878021759006,-0.09230177796119754,-0.08631739133632751,-0.019505906403907303,-0.08886473355730881
1.198,-0.056333302520246153,-0.015474963977443523,0.040648900971643614,0.03708677568076654,-0.051096629021245725,0.011115308939451644,0.10312208256055509,-0.02001544999770555,-0.07722223948580306,-0.08905499861142567,-0.018362686661864476,-0.08381314276646569
1.2,-0.07215735871863603,-0.00933641106859239,0.06288727461190911,0.04290330988096721,-0.07030444102869825,0.02532592912642579,0.11871117170384993,-0.008164325633524929,-0.07997582436780348,-0.10304977133953605,-0.030411572950278232,-0.08723842510621829
1.202,-0.09410607813626878,-0.001440539211702372,0.09295785160743052,0.05027639530967321,-0.0960201346220864,0.04517382917132604,0.12237681800729402,-0.018182123656181912,-0.09686675837535672,-0.12094894469887528,-0.05055179186049581,-0.10234585495544446
1.204,-0.10814243902694545,0.0034821280556680627,0.11178252547957837,0.054741366425688935,-0.1122584999247145,0.05779418827723645,0.12389322467348596,-0.025968077221211756,-0.09927540378113696,-0.12870416255901446,-0.06174150846731937,-0.11619279571570826
1.206,-0.10814441239342301,0.006700524610828251,0.11465377242824996,0.05277684447568983,-0.11375488878371308,0.06061724095491093,0.1311385788674268,-0.006082859201311192,-0.06995079350133351,-0.11661682108364689,-0.05343399527379767,-0.11416578901575451
1.208,-0.09761321401376966,0.012710836093191416,0.1098656716988382,0.04412999455981547,-0.10614059140891373,0.06050752955026504,0.13171909099154458,0.023790923371088922,-0.03311089405120833,-0.08655104664987778,-0.02959111678072205,-0.09660147190278918
1.21,-0.0807425741834237,0.02242796447261703,0.10269299724515846,0.03059588502508247,-0.09381352683925467,0.061686530522355426,0.10452713927705068,0.011827847498220932,-0.03333885970904407,-0.04632068540971664,0.0010993552151189702,-0.07611433646985691
1.212,-0.056410781672011905,0.030115764765881806,0.08617294402962322,0.014219129781768487,-0.0725900159686051,0.057951931680315295,0.04772129549185849,-0.06732622343185656,-0.08326329674185773,0.0002832120074917812,0.036875280992970064,-0.05905512405697519
1.214,-0.021742476825991792,0.030423046878446873,0.051777062030298054,-0.0038540608415299406,-0.03717228936325105,0.04145742634783374,-0.017920193543083607,-0.18197240149360872,-0.15024702904949602,0.05452927560881946,0.08249829493901013,-0.037209981858426514
1.216,0.021361838860876153,0.029937616115723226,0.007962879881665946,-0.025339236782964167,0.006472320670296737,0.019139495089493197,-0.0766437969857591,-0.28763814199257737,-0.19908199691596873,0.12036825417901346,0.14188600053002687,0.000321838421530407
1.218,0.06715883527074984,0.04483006135665428,-0.022994102177418315,-0.05495657012343109,0.04414698499828334,0.010452312843570132,-0.13699801407735177,-0.3810702227374547,-0.2246210942895112,0.20651003367675574,0.2151818524555729,0.053647244552934494
1.22,0.11438084289992717,0.08139958279285552,-0.03339744667502223,-0.09593317252416002,0.07210274018176568,0.022728699846274167,-0.21696859784206532,-0.4905894929199,-0.23506547432001854,0.3243268099045902,0.3009569194714529,0.11276812998666215
1.222,0.16837104508260017,0.12484365981256292,-0.043728467575994245,-0.1447232337752031,0.10392056617763604,0.038472234279769035,-0.3160094920779574,-0.6215663689116097,-0.22794965650335494,0.4741327740285377,0.3960390834117066,0.16838902083410306
1.224,0.2317227281294643,0.15445651155917273,-0.07747173859250131,-0.19216372070509516,0.15268282183850415,0.035900143502841736,-0.41011484220155875,-0.7316324364912831,-0.1978817489419369,0.6324161028453927,0.49130334360120903,0.2190880896811159
1.226,0.2979438675150348,0.16702431307886267,-0.13110773442768683,-0.23210419954131034,0.21322404617692597,0.01559308848649171,-0.4776619345385165,-0.7747408915169554,-0.15376285955430474,0.7617978464577339,0.5725791876629877,0.2677117257297208
1.228,0.3590900404484284,0.1795822873197813,-0.17946612378136756,-0.268474839533408,0.2687425947530385,-0.0014595851312216683,-0.5243136987398784,-0.7642539647975435,-0.11662158983471135,0.8416613896790812,0.6324747621602141,0.31537808879704204
1.23,0.4182178743025035,0.2086361829289793,-0.20930945528692824,-0.311735843884235,0.31369545586597586,-0.001289040125980271,-0.5760985674005564,-0.7716562296686152,-0.10855250354634675,0.8867602712923749,0.6812286380582154,0.36311394997595825
1.232,0.4893070559205006,0.2505626460019905,-0.2385688323930513,-0.3680000835468848,0.36362834763809304,0.0046148243841715765,-0.6523271228682906,-0.8542727181079104,-0.14045246064137967,0.9327192814700904,0.7403634288393781,0.41660249113975745
1.234,0.5808808163450411,0.28717952426823246,-0.29386841846192613,-0.4327457697060963,0.43605399262806843,-0.0057220058537264164,-0.7506928266000201,-0.9942082267935991,-0.19275361546713515,1.0056536751633578,0.8229348458742478,0.48359275981324756
1.236,0.682781238995846,0.31032439872548584,-0.3727818257026192,-0.4962694432703168,0.525253556064126,-0.03420651005226756,-0.857282140064465,-1.1249042077972766,-0.2173338973666807,1.1066524015653794,0.9231394646587857,0.565765978896814
1.238,0.7748477825545024,0.3353284656600277,-0.4396606753332332,-0.5552272311766148,0.6043517232238105,-0.05487548848028279,-0.9670840462037795,-1.2199077567024013,-0.18516966752864966,1.2208782229796638,1.0274666920862663,0.6566498504483489
1.24,0.8447787269233662,0.3852391197354757,-0.45944342629183244,-0.6146281035998089,0.6500187991548475,-0.038788387690258025,-1.0855492876287915,-1.3309408840563928,-0.12965511963960774,1.3335717433134298,1.129991644287718,0.7486508679696187
1.242,0.8897331315662179,0.4624715798709723,-0.4271560642531187,-0.6748352709855893,0.6574438118646623,0.017239398696312157,-1.2052799964025118,-1.5228585309555704,-0.12330866509404775,1.4330145669901393,1.2292293043568299,0.8382920682524385
1.244,0.9056801000724425,0.5395015750334368,-0.36632025958661657,-0.7208405835202161,0.6353626800511606,0.08694639396123863,-1.2943952540358838,-1.790506661018563,-0.21201130473839147,1.4994491790820637,1.309503478649959,0.9181224909439658
1.246,0.8860020638260675,0.5747458791475688,-0.31177844890140216,-0.7286205829186498,0.5979107752722224,0.13157259200829716,-1.3187528894513203,-2.053705882308308,-0.37992370552611204,1.4938153995783454,1.3306213434730305,0.9631231021896688
1.248,0.8302530667439908,0.5359275927672302,-0.29511236668165125,-0.6815135583416356,0.5613179653545843,0.11932131173755532,-1.271075589101561,-2.2241778888603587,-0.5749181532229708,1.3663228580068163,1.2459540202412083,0.9359971984025621
1.25,0.7499690783516668,0.4197359396391744,-0.3308943747275715,-0.583698868398769,0.5390046673666843,0.04222214504117348,-1.1750476544546313,-2.2716353771693036,-0.7572103757240225,1.0937053689938452,1.0416434164207542,0.8180526857100601
1.252,0.664222521810763,0.2589800361332754,-0.40544417729360377,-0.46116290140478927,0.5335050260640971,-0.07549132902433672,-1.0625297270280951,-2.226326429292028,-0.9134153703179144,0.716648199444488,0.7596872685384533,0.6361529004618142
1.254,0.5869255141584967,0.1035200408649698,-0.4832517008128579,-0.3452609123696374,0.5338005355144212,-0.19131976914375776,-0.9482666656727469,-2.129582562363659,-1.038698577435684,0.3273394028246107,0.47526709880853907,0.45019956516754867
1.256,0.5186316664328445,-0.014374667806760166,-0.5329419805767676,-0.25188594950016324,0.5246436486430013,-0.2744850643372609,-0.8292397385556188,-2.005172160112382,-1.1367325662530814,0.0046479402006410625,0.2469367093709343,0.30766549563085716
1.258,0.4518490796119275,-0.09481296309966726,-0.5469591237566412,-0.17756873390519612,0.4987123874373339,-0.32174817535342265,-0.7047745617215517,-1.8739302465061587,-1.2289444626290724,-0.2354137596468953,0.0884394910822208,0.2119900710374047
1.26,0.3823486268402395,-0.15497693091022194,-0.5377162640962413,-0.11253252176037606,0.4596702722218566,-0.3475490487548367,-0.5849214951386551,-1.7593921201370402,-1.3305724247191244,-0.42249357142569677,-0.018101077449573868,0.1357798594088276
1.262,0.3147961070177752,-0.2088059666438133,-0.5235825384404164,-0.052438944226256105,0.4183589364930666,-0.3677758115040483,-0.4774864665733433,-1.6641870408578003,-1.4196012400617204,-0.5801896152350425,-0.09374973210688313,0.05925301209510998
1.264,0.25868415354735047,-0.25849794014615435,-0.5167051004393194,-0.00010952611407439141,0.3857690443770394,-0.3896834722384549,-0.38274256059841544,-1.5627136240419697,-1.4499606536600378,-0.6999699168808258,-0.14839243175329359,-0.010716831460499716
1.266,0.21877337264548682,-0.294364937931847,-0.5126948457846466,0.038118338557721426,0.36308862018643595,-0.4059987932381011,-0.3050696102179576,-1.4332869037903013,-1.3965038291335683,-0.7577907722385864,-0.18291445298501832,-0.05740469613950056
1.268,0.1900218842428387,-0.30288820851636655,-0.49286808184472136,0.05786257486527468,0.33910881030508644,-0.400185501258833,-0.2527119312218184,-1.2879132708095409,-1.2798692100551246,-0.7467415418893304,-0.1969046633919998,-0.07889676210685624
1.27,0.16327222759317575,-0.2816715937556333,-0.4451565776903133,0.06146744307502242,0.30273610747474705,-0.36524172863044196,-0.22108996671000206,-1.1561603700575689,-1.1437423483999631,-0.6871227004989756,-0.19325423547540058,-0.08912951397982266
1.272,0.13362443223398146,-0.2445122416735071,-0.37824674961657484,0.05746119600026033,0.25474096037546273,-0.3130557496340273,-0.1901538645719306,-1.0426171940203248,-1.0100222737139268,-0.6057750201788829,-0.17712792757007167,-0.09859677694559953
1.274,0.10003377811046496,-0.2084824795246159,-0.3083355207227253,0.05528769037824753,0.20234703019587455,-0.2601937643483828,-0.14221924821731954,-0.9187582423180114,-0.8681912675624992,-0.5170052535556909,-0.15359314535318935,-0.10359488605646795
1.276,0.06094928099103971,-0.1800684183306049,-0.24059489624891953,0.06007670204338906,0.14836847205181466,-0.2117470134272133,-0.0757191486132391,-0.7644192959849533,-0.7112158113542707,-0.42816952411352033,-0.12861264947377654,-0.09805535860351763
1.278,0.016749158913210275,-0.1556206889176982,-0.17195020769691297,0.07023203448806375,0.09240523761191193,-0.16417567128437938,-0.004255111551700103,-0.601863657168161,-0.5630510655414352,-0.3521153372808854,-0.11041276538095787,-0.0887368508114358
1.28,-0.02469993826349763,-0.13133729474636757,-0.10655595201094938,0.07927959901297953,0.0399801719960543,-0.11846560869911651,0.05180793755661027,-0.4748937697585662,-0.45652525984262005,-0.3008839622843246,-0.10422235832386063,-0.0902438123081332
1.282,-0.05073941849954565,-0.10947884960781422,-0.059123322586062774,0.08120703106931221,0.0036020256376435786,-0.08396800054051762,0.07830624463722584,-0.39943301651594215,-0.3937599612136872,-0.2697439628685963,-0.10459304825284273,-0.1051471950967308
1.284,-0.05592151579790544,-0.09438771469134587,-0.03902596271599576,0.07538022636080906,-0.009641911872242514,-0.06745297817753379,0.07821182559045428,-0.3481538832860177,-0.34564567156008963,-0.2418312435052912,-0.09977543682512809,-0.11773980584320322
1.286,-0.0497110573278512,-0.08429868814157807,-0.03490740091075876,0.06645278590955186,-0.009321924065052122,-0.06126109571425028,0.06767809252165131,-0.2868766955373577,-0.2901246548636686,-0.21103266759302142,-0.0864484539352991,-0.11363546615384391
1.288,-0.0473480363157222,-0.07107602843463015,-0.023782223367946564,0.05890585605796887,-0.01363268886825714,-0.04887970446732212,0.06020493085999393,-0.21465523786410692,-0.236121916627942,-0.18810472997140434,-0.07413742004661177,-0.09952264893279425
1.29,-0.05305545225015373,-0.05138565482279537,0.0015356970245562383,0.05319275956082445,-0.028411704246734174,-0.025607954081588606,0.05754585419793125,-0.15769049597298704,-0.2038308378274175,-0.18139784877154996,-0.07248672130531746,-0.09459460621035665
1.292,-0.057859330051368014,-0.03394778115689426,0.02354718949739366,0.04807450862815359,-0.04131941056325655,-0.0060017899867652776,0.05646814961613311,-0.1291120394212184,-0.19184475174756396,-0.18228829193673698,-0.07900797723675827,-0.10507478562142065
1.294,-0.05467636519870524,-0.029173340890391225,0.02515125702828987,0.044214615788510075,-0.04081527346846385,-0.003880445266806115,0.05891115631609301,-0.11080096544510584,-0.17729105329784467,-0.17558909799853334,-0.08338273954214324,-0.11753981578522352
1.296,-0.048798952866181564,-0.03478271198978175,0.01386538499830334,0.04348807785816733,-0.03308523556029393,-0.012782255048262548,0.06964368993200303,-0.07967944317085979,-0.14753849440394198,-0.15972370401513697,-0.08190131779094463,-0.11866400281444278
1.298,-0.049825510231284016,-0.0380461377854803,0.011737124207475278,0.04532316696101911,-0.03330135864174715,-0.014652418526187358,0.08597170249557766,-0.038858155434328925,-0.11661697783188076,-0.1494938523099265,-0.08172942714295763,-0.11218027578937145
1.3,-0.05817410860724937,-0.03194129770322364,0.026219239476502662,0.04663278882440074,-0.04484452812944753,-0.003548688629805341,0.09711764020998043,-0.01227163814109402,-0.1036024269856021,-0.15638004495732585,-0.08844706036145396,-0.1113638761097534
1.302,-0.0649637187726966,-0.023933133139991916,0.04103507245861695,0.0463365184417166,-0.05508757788910286,0.007623966753501016,0.09724660135444746,-0.011920588882724271,-0.10552623568316719,-0.17152617200527778,-0.09556466661209023,-0.11977008568559959
1.304,-0.06374771127270185,-0.02476515273723885,0.03886504301944636,0.04628339560966372,-0.052572468196556206,0.005587153003422341,0.09440454053931695,-0.020493978971689843,-0.1019903776412477,-0.1752419092169642,-0.09300216071479006,-0.12712627376815827
1.306,-0.05863167650951333,-0.03252451852265674,0.025787294803639987,0.04747156575209577,-0.04280035558932312,-0.004789433571040308,0.0998169461406609,-0.012185174253111622,-0.08283755200648886,-0.16151929650717006,-0.08250162951743636,-0.12474125913482811
1.308,-0.05900469360370298,-0.03487494036190268,0.023844034201325803,0.048674050570823385,-0.04161058772140419,-0.0067657810751151175,0.11097120535179804,0.01449643664286037,-0.06146235582851304,-0.14518204956300704,-0.07700295954596474,-0.11728626482034968
1.31,-0.06675622565471118,-0.02625776789047573,0.04057013408722246,0.04829015924066347,-0.05378847498524972,0.005741033013079908,0.11458514800056287,0.035413145694999065,-0.05693133935073348,-0.14186091274006607,-0.08427384720078189,-0.11514904804491094
1.312,-0.07347245985509064,-0.015770228553268893,0.058160032070264954,0.04643460128276484,-0.06641790217393265,0.019842517706283622,0.10648880975825183,0.03495215142108085,-0.06750462271152365,-0.14820830427196113,-0.09715982037043469,-0.12030418247883323
1.314,-0.07256032153372,-0.014651217179224366,0.05843362543104879,0.04520233539625051,-0.067140138110637,0.021046713833370582,0.09855799542740376,0.02909897098725901,-0.07125162624280153,-0.14963926158074847,-0.10330374906176379,-0.12570057835579357
1.316,-0.06856522366607833,-0.021509283277939526,0.04729248483478288,0.04629446452364268,-0.060586968336628994,0.012075171958867342,0.10248743737118982,0.042833387908884524,-0.05494252619683922,-0.14195527712980022,-0.10065914676633524,-0.126192989836397
1.318,-0.07032595763716118,-0.02552103303798448,0.044714821247548414,0.04900690131243803,-0.06025181884332796,0.007875323992396516,0.11377194346092467,0.07315902032531757,-0.031783158839763966,-0.13464076545054124,-0.0984821388130008,-0.12455551351106463
1.32,-0.07801132001095584,-0.021106026587229605,0.056760661880190265,0.05089030801359184,-0.06917703158097686,0.015373955622617673,0.11758051483934051,0.09095880893999492,-0.02333430324846991,-0.13463872877569166,-0.10344605003130572,-0.12658308248021577
1.322,-0.08208587205941421,-0.014078820020563399,0.06810022728652755,0.049874719253197176,-0.07593745723868434,0.025166490556770837,0.10892264435155109,0.07982665270863461,-0.0310962379791554,-0.1372775443796278,-0.11032366929363932,-0.1324567343028716
1.324,-0.07586898043657567,-0.012777770494558445,0.06348806414381411,0.04619739283517885,-0.0703015788628947,0.024904515220068903,0.09996806308725714,0.05866356661881732,-0.036149858176146146,-0.13540085229864962,-0.11034032961459636,-0.13520424689377106
1.326,-0.06521293869118013,-0.016725503716558666,0.04896392420066159,0.04257542824427345,-0.05795649150442099,0.01626669278740663,0.10367707998396382,0.057600184329752786,-0.025215467798451532,-0.12962340111972487,-0.10372671289126867,-0.12965198819110152
1.328,-0.06163895284454743,-0.01761903526494902,0.04426369813011459,0.041248695732934125,-0.0540159813004196,0.012778148963836933,0.11605276066707798,0.0795829583545126,-0.007624634480419834,-0.125489031872515,-0.09740994212827538,-0.12056918327881472
1.33,-0.0666918212967012,-0.010934599140067619,0.055718616258993506,0.04064625839433661,-0.062201198317046145,0.02085981271185713,0.12193915056761331,0.09861174572789713,-0.001934880238417259,-0.12426809470870383,-0.09418188743461105,-0.1171290548357191
1.332,-0.0703668838174833,-0.0029845377046019525,0.06737956732639473,0.038148714036524686,-0.06970771470730006,0.030338714465600967,0.1161531535982576,0.09662885815416307,-0.010098833295048943,-0.12095092540094997,-0.0908337529651208,-0.12009057717970543
1.334,-0.0669141853471252,-0.0036367613377433754,0.06370900407400659,0.03590372761245473,-0.06624267849412381,0.028433845316454546,0.10953635519464132,0.08745683418134563,-0.014452246282871945,-0.1122786655466409,-0.08480471941863027,-0.1215231966104832
1.336,-0.06325966065518661,-0.013223570588612383,0.050975885151917165,0.03852090713139242,-0.058211793644307896,0.01764533251249797,0.1125534885082402,0.0948123456226299,-0.002483202138094694,-0.10359594993090973,-0.07823625937139152,-0.11769417563166884
1.338,-0.06791987539626229,-0.02136157322815899,0.04764040596850733,0.04522519232263213,-0.058493181313892986,0.012362634648739762,0.12130395682968081,0.11737545875792134,0.015533873960855942,-0.10382944542859207,-0.07564239748318616,-0.11416990253568894
1.34,-0.0777637669000724,-0.020007523819208933,0.058556537957261796,0.04956342586795628,-0.06804259209825765,0.019080629343244535,0.12371475712621416,0.1296644827785175,0.02092016146955597,-0.11346871572667784,-0.07781886023521038,-0.11658634247371738
1.342,-0.08108246918417276,-0.01350020731414638,0.06807088755998618,0.04755434495240199,-0.07399629929370324,0.027433688890294603,0.11589426978496864,0.1163552548119509,0.012249780038328101,-0.12145205749007465,-0.07915807038931566,-0.12232994047921399
1.344,-0.0728530997125765,-0.012269943997560461,0.060976685637759674,0.04263670044343018,-0.06665478565229224,0.02419985684831892,0.10782438334453973,0.09347550611007578,0.006214680218586662,-0.11755396276405328,-0.07461755154966442,-0.12394827639449882
1.346,-0.06190446946961453,-0.018269026047606197,0.043966240546140574,0.04070807282526244,-0.053460999057803715,0.011837419736322729,0.11099191259807958,0.08851894679351101,0.014014774816339436,-0.10526071473752,-0.06824925364889269,-0.1188183571874802
1.348,-0.06035836464267099,-0.022118920597684485,0.038447733470592216,0.04263322589102838,-0.050717098096172294,0.006433302258451457,0.12294941117955809,0.10552036779198812,0.02668414993200117,-0.0974237588033961,-0.06938489549262598,-0.11311118035828166
1.35,-0.06858280739396676,-0.016902282254606806,0.051933626347120586,0.04434176478878879,-0.0620130059705776,0.015915933643815612,0.1295350941202532,0.12128155620794068,0.028158085519149483,-0.10015652506959866,-0.0797634330124272,-0.1140332887070469
1.352,-0.07495822426780344,-0.00870487905331916,0.06678436585946176,0.04294203634210997,-0.0725882426719017,0.028174033060281694,0.12345027205763691,0.1187366178748158,0.018204478490660325,-0.1064962094203293,-0.09012436098789203,-0.11949959143367106
1.354,-0.07119083216697118,-0.00809433715966045,0.06379434799712047,0.04025329781050556,-0.06910651035434119,0.027415358322236474,0.11379205304515412,0.11035271230115923,0.013554132835080137,-0.10758653057329615,-0.09250639744923676,-0.12149358251721225
1.356,-0.06274097884148377,-0.015293871754863407,0.0479153403540144,0.03994000568241854,-0.05726509222978922,0.015849721812156537,0.11309759537382086,0.11784077423289546,0.024430355535997827,-0.10493368591387588,-0.09065960360312283,-0.11851937987820507
1.358,-0.06071248731575585,-0.02010938080509459,0.04071781592106249,0.04241828406555551,-0.05312565322991403,0.009932565830285615,0.12009928030684094,0.13886968052502793,0.039319259557018434,-0.10726441649700735,-0.09366047813553095,-0.11734729966914602
1.36,-0.0668455769361354,-0.016046213468180835,0.0509331169327416,0.04430132520890865,-0.06127866070850793,0.017239042278084624,0.12127100735186108,0.1482903843373035,0.04015732597611406,-0.11704751564223959,-0.10257949419025901,-0.12288200463007118
1.362,-0.07180484609222136,-0.009079055735062298,0.06325009464455064,0.04302776077322351,-0.06938406025133169,0.026503153781319542,0.1099812633629105,0.1322240890984078,0.02736074690150845,-0.12487830206911146,-0.10881222812371648,-0.1310198767035837
1.364,-0.06881335190285215,-0.009462192223582754,0.060110616156689535,0.04046233604156924,-0.06577371333974592,0.023996573356719026,0.09731812117649499,0.10823006567013368,0.01941409087854702,-0.1208739421002468,-0.10555305111775522,-0.1330001104617051
1.366,-0.0634263573974193,-0.017781863396565224,0.04614580740411105,0.040610602692783354,-0.0557153933993348,0.012739910654392403,0.09780552559265816,0.1034197871715479,0.027905231666382778,-0.1089536966125457,-0.09651133751421717,-0.12586074480604928
1.368,-0.06542434579287193,-0.023639834126272654,0.04188144145953969,0.044007644133306,-0.05426363305910867,0.008347567820493592,0.1097587318257989,0.12007507399349239,0.04287084459060885,-0.10274312787950562,-0.09121741963459544,-0.11645150896700276
1.37,-0.07398492892531632,-0.019114945198730374,0.05495526704943665,0.04627236262134517,-0.0649439499200967,0.017585565467295602,0.1176131071444211,0.13456017466996406,0.04680993826909376,-0.10767997154313397,-0.09385438032786175,-0.11350730677329783
1.372,-0.07768427096480549,-0.009280578777733145,0.06883759042418026,0.04354919595856112,-0.07381696325363686,0.029193341990424136,0.11298647065241332,0.13157338107637404,0.03879851199085556,-0.1144326451043143,-0.09900803443550782,-0.11602703275842112
1.374,-0.07057801293066873,-0.004922970870912619,0.06634082945358293,0.03784332421992325,-0.06923078651056676,0.02982213296927204,0.10640681634417777,0.12699358394000418,0.03719242242562014,-0.11131955242078327,-0.09846655356614342,-0.11384059697363459
1.376,-0.06091382868989697,-0.007791096563393253,0.05373281978929428,0.03449458466273398,-0.058599962866706996,0.022168587849182568,0.11239347063319469,0.14448206226770235,0.05466462836171317,-0.09854496248372827,-0.09079955662427085,-0.10256632605126796
1.378,-0.05927276284150949,-0.009326539964550616,0.05028009065950954,0.03493755043343192,-0.05670272648706878,0.0199464014620942,0.1273515958456436,0.17755094281364972,0.07843893208787757,-0.0873596708120147,-0.0826463848814493,-0.0921488273410516
1.38,-0.0644456707882546,-0.004333451318958955,0.06019637733614096,0.035661927913919346,-0.06443499965752623,0.027601672075920767,0.13276309174161585,0.1930358235517432,0.0851634832259881,-0.08501636803225174,-0.07981312177533824,-0.09477718275148418
1.382,-0.06714164294912886,0.0002927426918634663,0.06746623352531263,0.034815307698180344,-0.06919721669006133,0.03342524338381177,0.12092590232468509,0.1738436983631279,0.0712631598565682,-0.08515962493306403,-0.07970408549238087,-0.10794714874455723
1.384,-0.06367263430727832,-0.004646646177456987,0.0591540063697835,0.035071187471102216,-0.06342175492917701,0.026178814169842295,0.10628954686113784,0.1428234751611377,0.05725582828965144,-0.07839350884652108,-0.07610285142228383,-0.11699409717980196
1.386,-0.05992061949183179,-0.01601010330862939,0.044007913394112766,0.03842496441089603,-0.05452647138143183,0.012207702491677115,0.10544872352542435,0.13457122842014144,0.06111397286815645,-0.06706431763887269,-0.06898533908990193,-0.11433943851020915
1.388,-0.06184908728682251,-0.0207427764600082,0.040974620027287724,0.04184559134947482,-0.054253895624678763,0.00821081670802429,0.11474497148260221,0.15242671603986185,0.07579979123685546,-0.061912523615032085,-0.06489244339048753,-0.10803095107661591
1.39,-0.06623830144532175,-0.013086057279900686,0.052886745472027194,0.04050560984059379,-0.06194887034299416,0.018598260717578488,0.11713271970574758,0.16824800370903192,0.0799575859848448,-0.06784555857226336,-0.06824471033934386,-0.10832607289431832
1.392,-0.06482123570141075,-0.0022866476998337285,0.0624030505854727,0.034369437616373004,-0.06519041377024648,0.02962501550778352,0.10721320684020931,0.16447396472957101,0.06878238021270837,-0.07892468614811687,-0.07526711258805527,-0.11300901962066802
1.394,-0.05639031025629554,0.0005840183176657348,0.057043012446032576,0.028715029622210616,-0.057935498042354275,0.029050830671370754,0.0985245340855338,0.1582772635155269,0.06185901387316239,-0.08523067067344642,-0.07842028451021761,-0.11156578249673235
1.396,-0.04938844625042944,-0.002980219725707771,0.04649521960973844,0.027600931948554844,-0.049436402913625103,0.022046876579602363,0.10424207950588237,0.17394496400291506,0.07475725602714589,-0.08273388046871014,-0.07657780299624785,-0.10075209425575923
1.398,-0.050914709567349066,-0.0034967273450321685,0.047304323068305495,0.029497365909539053,-0.05086868268004852,0.02155173707605393,0.11895130810419145,0.2051704930068948,0.09595662866858069,-0.07791497480785908,-0.07596061086591033,-0.09057525990848425
1.4,-0.05706454184415676,0.0015444778143309586,0.0582310822817243,0.03038485287246087,-0.05934499570736887,0.028967400530432664,0.12529828044800023,0.2209457433201751,0.10287624363746835,-0.07994141672517437,-0.07904822036761244,-0.09285596756424108
1.402,-0.0580986434703827,0.003794691822733011,0.06143672835385348,0.029431789040692616,-0.061557750317989976,0.03204447508560801,0.11634155717387736,0.20604473051471908,0.0926798909213807,-0.08697695769127686,-0.07975566923836999,-0.10578811061415913
1.404,-0.05150560402117255,-0.0034952142828029915,0.04778796915237945,0.029298876014466613,-0.05194147413433329,0.022489836904595568,0.10398117438235664,0.1810746285944885,0.08518403679123214,-0.08691222987577378,-0.07305982276333706,-0.11501137539798954
1.406,-0.04538380672738357,-0.014634273878309692,0.03093039712893154,0.03153195414547888,-0.04089605875499716,0.008729578898604338,0.10208626416173337,0.17580093844702296,0.09591275474596218,-0.0745738656844034,-0.0630429910940676,-0.11148724734970687
1.408,-0.0481602505664338,-0.018317130829164942,0.030321649906328286,0.034622860374962615,-0.041763559104156356,0.00553701255270994,0.10814624869131649,0.19096590782811296,0.11468921161313064,-0.06107884808034253,-0.058520063843556056,-0.1021252505040293
1.41,-0.057445953932020885,-0.012243173022597814,0.04567811803802242,0.036216505906852055,-0.05312912027715332,0.01469383497420896,0.10874396014134226,0.19980830960459015,0.11840261204496003,-0.060110274472084994,-0.06349120486199647,-0.0987255152267681
1.412,-0.06260000682301496,-0.005591240253657177,0.05721027028673576,0.035533794660100315,-0.06052891303792159,0.023044577248083325,0.09978195334845452,0.18848702675755244,0.10390065290632232,-0.06961396617680422,-0.07255037132348391,-0.10203224625047129
1.414,-0.058625157413261436,-0.0067545614468402255,0.05181238762556953,0.034034192479283236,-0.05590281348127782,0.02035000230594513,0.09289181800848181,0.17771500301318366,0.09469305910412963,-0.07563960815426547,-0.07636487486039326,-0.10297873804027773
1.416,-0.052460573886166394,-0.0128451234747806,0.039604051639766574,0.03384781950287405,-0.0476065639885415,0.012378848251437962,0.10031201052956981,0.19320251152373982,0.10912829290871363,-0.07208001260303358,-0.07260250990542502,-0.09640752258957444
1.418,-0.053156445788243994,-0.014653397787209364,0.038798300776928286,0.03515724923600437,-0.047890013484336934,0.011778513487863499,0.11800292662956592,0.22761077693299722,0.13561921074481104,-0.06635400815661191,-0.06851591065216735,-0.08770890294763689
1.42,-0.059486889219735814,-0.009649777550654309,0.05031899343844497,0.035704631898472124,-0.055960665373111014,0.0200453110350877,0.12808479113446974,0.24722597901919613,0.1489194484349609,-0.06467132436799629,-0.07065052295655624,-0.0857384445008414
1.422,-0.06184856826844299,-0.005107482718958276,0.05704239851628028,0.03384912083212053,-0.05960306217756541,0.02543113263407244,0.12002208448994943,0.23406511335052593,0.1418958147091155,-0.06270240580004635,-0.07605491211768096,-0.09108731988719006
1.424,-0.055936266410536256,-0.007404176416580348,0.04849632499391571,0.031119919792518876,-0.05280171881871363,0.019669136734551274,0.10435258274397745,0.2080269197428158,0.13072489447901578,-0.056154727716187736,-0.0777447292029866,-0.09488911834382817
1.426,-0.048683748941734065,-0.012683270999748933,0.03580309309205743,0.030082185559721076,-0.04429567451841753,0.010250190584597472,0.09836021760096349,0.20111198690609336,0.13170059100057735,-0.050360201314198036,-0.07538331394068896,-0.09167097767310542
1.428,-0.04874054215122272,-0.011946849894044095,0.03656856797601429,0.030844823082857766,-0.04570592404342369,0.010939082348704153,0.1028013814433019,0.21795582694357424,0.1417312749019035,-0.051376297126517124,-0.07519019053923187,-0.08777514970956389
1.43,-0.055577836409592275,-0.003247588201476158,0.05192967089817131,0.03132605992457895,-0.05651811095664135,0.023543624034715757,0.10336153658718909,0.23323960626235557,0.1454143349486356,-0.056568243716716114,-0.08044725324021727,-0.0914328694956905
1.432,-0.06101884910095072,0.005506463858725873,0.0658421674286984,0.030280905538091558,-0.06517385244197554,0.03533822595860348,0.09363687658450177,0.22876719116481894,0.1383793326188365,-0.06071912339818681,-0.08620199581747062,-0.09952879760291776
1.434,-0.059912658489042946,0.006396080724070045,0.06563118729057875,0.028722912093454088,-0.06379712233645934,0.035121358223859325,0.08516643988449468,0.21970651031777008,0.1349684163093178,-0.06288790588073509,-0.08476566262953371,-0.10097436796974629
1.436,-0.056077605693675314,0.0013090185687690342,0.05712069510905163,0.028185369388889374,-0.05780435226759202,0.02712140191501078,0.09114557627030015,0.23262567321328428,0.14825541766501799,-0.06423632872378589,-0.07549390020198514,-0.09092737573034898
1.438,-0.056386256282138655,-0.0006105347317804347,0.055907705355000004,0.02861455935618385,-0.05816280719925482,0.02502690971344076,0.10733046679791877,0.2654219084163847,0.17032084253901617,-0.06644353032790067,-0.06676102831248688,-0.07760240217143022
1.44,-0.060896000527763165,0.0049922194357957285,0.06597719630663475,0.02853210895696055,-0.06596351446127698,0.0334500874064393,0.11603768777456541,0.28649274289902465,0.181897620855994,-0.06995605794574504,-0.06583076962373126,-0.07373755978666084
1.442,-0.06253486255926319,0.011732775786136197,0.07397226161823571,0.026889658376301553,-0.07046797102841745,0.0414478674790664,0.10899191050992671,0.27641536831097396,0.1785440029106642,-0.06898337869605195,-0.06909560110706384,-0.08070989137818323
1.444,-0.056868391219840816,0.011216289803924232,0.0675605160203088,0.024265194202196996,-0.06390830860048019,0.037648799899234454,0.09807579205257679,0.25398347427735923,0.17545091191849038,-0.056007260877872764,-0.06723892059174617,-0.08612195422325113
1.446,-0.04784359230433389,0.005147467138890214,0.052647310610791434,0.02165734908767076,-0.05201562145254178,0.026332679083368477,0.09838058954227703,0.2508547840813454,0.18477159519244157,-0.03421621412632377,-0.0573617608127267,-0.08059034776606658
1.448,-0.04254253623048616,0.00371476005970421,0.04615294719658946,0.018938770328658334,-0.04648774532258888,0.022219068859307384,0.10755892685733431,0.2711226303855275,0.19913124926707648,-0.016829818248729235,-0.04510950716751512,-0.06999058259152742
1.45,-0.043129212655770806,0.011495977255417,0.05435936018668241,0.01599284190959263,-0.050662719886022216,0.030982867345541964,0.11000769423539472,0.28889310998252415,0.20316036399061102,-0.012806977962337663,-0.037725734362334236,-0.06631539890854303
1.452,-0.04537309684781997,0.020540817317189493,0.06523694490891244,0.01421349173894502,-0.05645455986727612,0.0417828854000592,0.09953439673446025,0.28573009875716315,0.1962635600193087,-0.018348514964587125,-0.03740509370355596,-0.07103658495873323
1.454,-0.04491674435600138,0.020345002209015667,0.06451648800469359,0.015328966533521445,-0.055452860879050096,0.041497183685878285,0.0891223553823231,0.27735813362176476,0.19539640589648086,-0.02264899426620078,-0.03985528557526395,-0.07343479029194246
1.456,-0.043325279018985745,0.01104034124275383,0.05404200987457197,0.019182353750213522,-0.049690438645173925,0.03134231378059842,0.09395010749602355,0.29093976607085686,0.21218392146779683,-0.020284470178091596,-0.0402118774426329,-0.06593779834731611
1.458,-0.04524726045522813,0.003359947098619826,0.04864930170226848,0.023038058859203688,-0.04825714139298186,0.024766801195888442,0.11046745086969138,0.3235911626952205,0.23508747814158773,-0.01593960146939359,-0.03972332513345905,-0.05569579596267564
1.46,-0.05013660696175069,0.00550560054419092,0.055563760278618333,0.023570454648733623,-0.053886135480737174,0.02948790927336495,0.12006562144852978,0.34288181871119616,0.24329728012504484,-0.014873612925878809,-0.04220715786616655,-0.055371578403337327
1.462,-0.05100784053490797,0.013383210837299424,0.0640035575305878,0.020017489870106462,-0.0580106938190808,0.03734373014204148,0.11313906282284412,0.3311661817559432,0.23501624241708957,-0.013544079984262986,-0.0455405951329706,-0.06479044756285536
1.464,-0.04385061760507025,0.017537294334850947,0.06101664504891306,0.014878112445775492,-0.052938724146060774,0.03696556110718249,0.101158840654437,0.31059671519550824,0.23020060872827586,-0.006858676651821757,-0.044340570656125775,-0.07052229123862708
1.466,-0.034426180738912,0.016743457495316,0.05112060765645721,0.011032364478334262,-0.043977808839953114,0.03105407219694102,0.10024231383348241,0.31288901553070764,0.2429134679490648,0.0001664567145959538,-0.0402716728705053,-0.0645914739753217
1.468,-0.03115695180399463,0.018912583727763763,0.050242266315617234,0.008336509210658406,-0.042816501977439594,0.032421804814169015,0.10922622989891666,0.3373448645850383,0.26222101600565,-0.0017423569710282242,-0.04085076664691109,-0.0545314980560152
1.47,-0.03441635919452273,0.028500073197433633,0.06303312710225735,0.004769172847672677,-0.05155446945991824,0.045032338865091594,0.11223653432818886,0.35471264880663017,0.2683025075282255,-0.011198665495360841,-0.047649184311789106,-0.05182199365264548
1.472,-0.037537124105776254,0.038467590761584895,0.07596944697873857,0.0010601395043581257,-0.059869390859635704,0.05737307240421323,0.10151738747894003,0.349513746188887,0.2609336176297403,-0.016122811053144163,-0.05315067365689518,-0.05645575136139266
1.474,-0.036373987192122544,0.038893996673652564,0.07518759478862724,0.0006464351936476091,-0.05850737857878191,0.05700718989349104,0.08860974805227405,0.34155163511140857,0.2606315954849667,-0.00849178013558215,-0.05041936788563291,-0.058083916002754275
1.476,-0.034144117829222526,0.030538348125648613,0.06466293427080642,0.004484112387247682,-0.0510239928832866,0.04653974492259927,0.0886125432846925,0.35706937760868723,0.2807352656812299,0.005945360181087236,-0.041925081741361815,-0.05109950534924282
1.478,-0.036189928291237114,0.024151236704723023,0.06037555412683734,0.009027618250542088,-0.0486529317962698,0.040073413161952384,0.099443288772129,0.39029335719503694,0.30828286744069794,0.01373125601088746,-0.03737225221054948,-0.04263560727420007
1.48,-0.04203104262658706,0.026146986296493233,0.06820511037823822,0.010418214575366515,-0.05510438554331127,0.044608785992870714,0.10448604275112862,0.40888418155098954,0.3197565995272109,0.008845663379320771,-0.04176210079772828,-0.042738818843187414
1.482,-0.045118993363520474,0.03097268506511622,0.07608586556180663,0.008631241846315767,-0.06156282101188365,0.05162004117493663,0.09548353068095657,0.3964912117356441,0.3118208652411079,0.0011236021692767025,-0.04707851387753479,-0.050230369642940205
1.484,-0.039966177063769724,0.03135043042744132,0.0712990588897025,0.005414328458087221,-0.058143561207904,0.05057884657065362,0.08418336612723824,0.3749592118265795,0.30603767015732514,0.005685585231548208,-0.041492035199566665,-0.053412609510951885
1.486,-0.029059278320765786,0.029507082808364272,0.05856115118021696,0.0010984340832929903,-0.04707601422622219,0.043959297533839016,0.08600498488979155,0.37651885851556866,0.3201298430513239,0.02259167915945919,-0.02587401450441268,-0.04486714733015857
1.488,-0.022251803194821555,0.03207480767645927,0.05433369809559101,-0.003338209826993911,-0.041054652187515216,0.04257920230083754,0.09872720390833678,0.40375517376265646,0.3448086740586929,0.035065139689444226,-0.013403440628300674,-0.03076046169436793
1.49,-0.025762468576991042,0.038774427569783436,0.06454312426865284,-0.005083772549083665,-0.047004990413345486,0.04971646185241097,0.10596100923498449,0.4294493975345383,0.35821561205065844,0.032557979571277054,-0.012418868861803342,-0.02294787865743531
1.492,-0.033385567320794445,0.04250442255790091,0.0758890971144261,-0.003374301675189371,-0.0562251088445271,0.05660778184134382,0.09979330764231069,0.43467522665061026,0.35654975008524176,0.025084694542669952,-0.01683584094462341,-0.024341724184442547
1.494,-0.03420319216114756,0.039869203158467925,0.07406857009875199,-0.0014799868165414187,-0.05607693660341712,0.05510250260535536,0.09079628215270553,0.43322420832749803,0.3573023752255584,0.027432141331437145,-0.015930420462963422,-0.026028762141230954
1.496,-0.026942578137223228,0.036778088412567946,0.06374126625204206,-0.0030438384516200978,-0.04736028516057893,0.04959101262241611,0.09256391740633635,0.44922138903508513,0.373165437969906,0.03871953323967658,-0.008692698544630147,-0.019719054042562568
1.498,-0.02081237893080781,0.04132408149290941,0.06226922368225197,-0.008148038030550794,-0.04297743377965694,0.05167034193854698,0.10276604021137517,0.4799297263635981,0.39463157182527187,0.04561362462254565,-0.003701591249886271,-0.009267692259922213
1.5,-0.02222849208375716,0.05294123480005719,0.07549856856837353,-0.013655246756628879,-0.04953307670036616,0.06376490614820751,0.10597472426574733,0.49711321794057634,0.4035722515963611,0.041478327343544015,-0.005638454077033606,-0.005303866350721374
1.502,-0.026607984253014142,0.06085664799202393,0.08788712705348106,-0.01589372909832564,-0.05745213329225975,0.07308896208491364,0.09486896536284234,0.48602046788645337,0.39855642088542714,0.03567108284026463,-0.007786973853126836,-0.009646753439327978
1.504,-0.02597356686967555,0.056231615006005854,0.08245989345080164,-0.013854842679563105,-0.054305301659843354,0.06737743077680781,0.08104458661097658,0.4669780704520301,0.39736967868312784,0.04111578421482747,-0.0017279688961000436,-0.012384276133546777
1.506,-0.019948574410443978,0.04578608673093609,0.06570865191174731,-0.011441346729804985,-0.0429919503491224,0.05373619569378143,0.07893434209211724,0.46924648730626184,0.41257752407807147,0.05659061416707497,0.009829846468273982,-0.006133376515432663
1.508,-0.014559628141817363,0.04655485570837664,0.060968979318795996,-0.014649920612296639,-0.038199844903072815,0.0519780995485167,0.08534657380713373,0.49341256609878864,0.43423332889212246,0.06888854593439339,0.01618500287632107,0.004201248625326665
1.51,-0.011768441690195716,0.06449247930855224,0.07619802803692217,-0.025220641627887293,-0.04488664812934351,0.06834355560920494,0.08482261168426357,0.5129896737410385,0.44401057398167243,0.07127118388469103,0.012871701422429728,0.009082917202946458
1.512,-0.00681472499537384,0.08544527188054954,0.09230612156609817,-0.037974059732176456,-0.05067436216010488,0.0863675484560958,0.07251507158786329,0.5123596198648234,0.44065600987848297,0.07076815671802013,0.006417865958085158,0.007025605009134082
1.514,0.0021646879226558426,0.09222209640599303,0.0901136481764086,-0.045460752416215354,-0.04462861350914464,0.08872104744481626,0.0612607193935274,0.5083230743025702,0.441622419163036,0.07661731616170046,0.00496297869842055,0.006254068357708058
1.516,0.008907378665216693,0.08541927206752499,0.07649203245090005,-0.045631711361298566,-0.03372033421429388,0.0795010118596829,0.06450914165521551,0.5250225196708317,0.45947167172037784,0.08821481956901929,0.009055088206369162,0.014360336373609459
1.518,0.007044771811679269,0.08031082821867631,0.07310519292698046,-0.043065562176743385,-0.03271195247604965,0.07645214785654489,0.07845517227720356,0.557213993639937,0.48481701282163076,0.0950513145949596,0.01201161459628474,0.027253097459412887
1.52,-0.0007105073145528421,0.08502614833613256,0.08539399095203096,-0.04218385590181278,-0.043057544143271766,0.08524669223509992,0.08505985044442882,0.5735733445177124,0.4976522694842362,0.08875511171762064,0.008095816255415896,0.03182857567744182
1.522,-0.004985086224017068,0.09051419235554971,0.09510743690661741,-0.04242369428155549,-0.0504270076791192,0.09205380207597938,0.07396934444459223,0.5579525878830913,0.49298189955947275,0.07774391276056988,0.0012512121394385803,0.023311890653426974
1.524,-0.0007088371867933597,0.08580064330089504,0.08639778340092678,-0.04149555455822329,-0.0440899674911924,0.08436565128992755,0.05701227507264735,0.5326674438882594,0.48775832236130584,0.08144257623010377,0.0020849266778459148,0.013658163417772567
1.526,0.007477209070992525,0.07582112167152098,0.0686981737238034,-0.04040370231576621,-0.03125485074541396,0.0700424511163452,0.05348090040344498,0.5303055895386328,0.49862906416016134,0.1034109454045488,0.01315176519540088,0.015981358708532907
1.528,0.011774999448694597,0.07518851031432118,0.06397563506770665,-0.04225838188515415,-0.026794329877606913,0.06725043795918709,0.06386887034685246,0.5520440745770293,0.5191384182968071,0.12324316613882007,0.024337430004948257,0.027506250098855628
1.53,0.011372166510399913,0.08750026454843358,0.07642127884161937,-0.047913264097095246,-0.03297630750364522,0.07975643600768888,0.06966645184481778,0.5691000281803756,0.5285029019869405,0.12395066521207732,0.028033750757112494,0.03595234078873424
1.532,0.013707292417690638,0.10081698573727214,0.08690826327570085,-0.05542184635748655,-0.0367169092085982,0.09206023344026266,0.060458672669216215,0.5644395667231603,0.5215635297527993,0.114581065715897,0.030987863688161556,0.03817284254580955
1.534,0.02432947896584209,0.10405478850110443,0.07919846653620342,-0.06241895273149527,-0.02776158385019193,0.09012777133720296,0.04852899456430363,0.556199507661814,0.5171994638652192,0.11553838845348968,0.04395273701863574,0.04335164310815631
1.536,0.03801392995468479,0.10030762053211134,0.06180611984580139,-0.0675875172756597,-0.013185964839945925,0.0794453291989804,0.05067007540951543,0.5706313403243334,0.5321316060535952,0.12995579869025498,0.0646030602581597,0.05797560326544681
1.538,0.04357461085339758,0.10043474917896017,0.05665706712652377,-0.07035333085778477,-0.00871386169651783,0.07678826056026396,0.06426161490945628,0.602939018190469,0.5567962097636886,0.14041226332771428,0.07732753359522275,0.07452078185914476
1.54,0.03746072561450609,0.10664152770472562,0.06914603835437585,-0.07017499917973061,-0.017789191391296467,0.08632951310441271,0.06996411155286628,0.6197585757247249,0.5668449894268481,0.133816067996206,0.07074754618389711,0.07895733769199847
1.542,0.029385984135459307,0.10911087487801871,0.079536922632216,-0.0675124743358069,-0.026053959712103752,0.09303067304376234,0.05713445684069912,0.6015227655952039,0.5550194806361146,0.1203857522970755,0.052606895950543554,0.06900277249631365
1.544,0.031092421941407405,0.10102135955694028,0.069527994569048,-0.06475794949211083,-0.0199952169029859,0.0840964821176262,0.037565709379616154,0.5687015001038788,0.5398659999740028,0.11975397101695254,0.041932450401623064,0.0588211805747152
1.546,0.04132158776351983,0.09013532436304177,0.048495683029569664,-0.0644283009026736,-0.0054061584735519835,0.06843838425722377,0.029212984062106807,0.5555886719721924,0.5402171825903477,0.1344760910117084,0.04680479741660019,0.061484680541507485
1.548,0.048129262864532105,0.09009751527352475,0.041952339159472586,-0.0673440483281117,0.000254450782911663,0.0658637820941633,0.03352715901957562,0.5671110475707762,0.5514480784018077,0.14901124670435376,0.05740273875845233,0.07351356849579517
1.55,0.0457052309308023,0.10303589121342951,0.057490313532448885,-0.0726199257127106,-0.00861883573690733,0.08062944161491872,0.036222192954662495,0.5767990814345777,0.554234932126841,0.15093843877295882,0.06124764880489005,0.08205724616326036
1.552,0.04112646913471875,0.11649153568210185,0.07547938475706181,-0.07776048894391648,-0.019211193612255636,0.09601760470545691,0.02841196907123356,0.5666995170272968,0.542969795419049,0.1432800218705134,0.05788724046007042,0.08223606042626312
1.554,0.04279149867290133,0.11878065325477356,0.07608070693298141,-0.08002652263129018,-0.01839882068798609,0.0965461675699846,0.019040643997535543,0.5524802374412818,0.5349308778401944,0.13791702343447199,0.056151313191520794,0.0815976737086952
1.556,0.04895849835945834,0.11237403019901765,0.06367367783435864,-0.07929279420607226,-0.00920162610786187,0.08633815537087687,0.02171983856152634,0.5593295732405675,0.545535427044433,0.14149169583392196,0.06026963182377964,0.08818539258624129
1.558,0.05177122307345051,0.10879881739069273,0.057460370395541326,-0.0783439932792492,-0.0046309955933846805,0.0809396384150464,0.034320155535339444,0.5838963505375911,0.5639944125079652,0.14757830038205091,0.06331470496482888,0.09872148424515287
1.56,0.049420592088412874,0.11302408744868712,0.0640223835119545,-0.07958411488642946,-0.008899390506225409,0.08597649852906906,0.040087953920752595,0.5946255148950523,0.5657548346771436,0.1453850701946511,0.057750481087084124,0.10229782869024692
1.562,0.048814942896967826,0.11723527595910199,0.06872185835441287,-0.08223982908644367,-0.01157971593695921,0.09030509693652111,0.029982362510484292,0.571344733404099,0.5455792535971952,0.13662066269809145,0.04905222469194983,0.09552461920169801
1.564,0.05511773078002253,0.1121069894123948,0.057149603467750526,-0.08338939182490475,-0.0029487969228972587,0.08233556460342037,0.01512125800436244,0.5333412682644314,0.5253281577613689,0.13541520681832647,0.05111901392076586,0.08856752807641918
1.566,0.06350889750355458,0.10085180040622828,0.037323893275938144,-0.08174426989408443,0.010829098502065211,0.06763069395016558,0.01076061154973631,0.5159343129748662,0.5254591922642089,0.1483215555025433,0.0679602232851794,0.09203784915411461
1.568,0.0653688555748794,0.09631180304591674,0.03088674997391144,-0.07966190170969088,0.014831814488669668,0.06285392134781045,0.015348085401494242,0.5244776444651778,0.5385362922159819,0.1639653336806568,0.08762232627507403,0.10260564543372729
1.57,0.0598383492923626,0.10379804091236894,0.04419731686875879,-0.07992357302926723,0.005542046433365354,0.07335196736561168,0.014844490187100884,0.5303041284011561,0.5403571538431176,0.16828183298250854,0.09688324930151401,0.10851197908754306
1.572,0.05423461656736983,0.11320300699831047,0.05967427608702394,-0.0813661383596398,-0.004601969854807025,0.08548797707929423,0.004139602130781591,0.5140802369802175,0.5235705343624366,0.16175161318047726,0.0953429913574765,0.1066046164071653
1.574,0.053977740957474256,0.11273203209448839,0.059792983616433884,-0.0808270144955242,-0.004450921519512921,0.08525431502819761,-0.005605119085648632,0.49273043120845517,0.5075217721928088,0.15581908028021219,0.09154160379996537,0.10555401542980036
1.576,0.056603738548883606,0.10484344292827327,0.049331757729135374,-0.07843712676194639,0.002136513514190067,0.07652982075277569,-0.002551747076831517,0.49292098710852233,0.5107519574675571,0.15794288569128503,0.0905488801942575,0.1122615556394692
1.578,0.05690283893177673,0.10137659161195026,0.04535435580555572,-0.07744123119201245,0.004432065769255896,0.07316470202087058,0.00931909781747868,0.511709827429284,0.5246904876070085,0.16419296910521983,0.08912714652914223,0.12210772874188933
1.58,0.05521131614000328,0.10638658511679877,0.05163406153362232,-0.07951861395313621,0.0011407368375690161,0.07834056832026796,0.014254924739073225,0.5188311559947751,0.5254798840752197,0.1661073492006464,0.08201497500897144,0.1252596254074859
1.582,0.05697579887690997,0.11126123865545517,0.05421627220055813,-0.08278517552064696,0.0015646353931375507,0.08111808327715388,0.004325074441713922,0.49619018765151335,0.5066191510847668,0.16243588792144856,0.07114790116854539,0.11959851927689123
1.584,0.0643509546186027,0.1074046765615187,0.04257184724573588,-0.08440405966758041,0.011179829349307295,0.07308425898257659,-0.009968048615082986,0.4617454748914684,0.486078443229283,0.15895613777247997,0.0651295547305805,0.11333949160968629
1.586,0.07198479185078756,0.09845695515342603,0.025936989238514157,-0.08392384398467889,0.02240853545558706,0.06089955539553558,-0.01255279420807486,0.44586880103279386,0.48019031731182227,0.15798693425883886,0.06808097284001836,0.11431022143790473
1.588,0.0729561025982699,0.09578060619232422,0.022588952523925822,-0.0834425269820192,0.02356724047565147,0.058274213761300445,-0.0032158001061877465,0.4508434837678739,0.48179922235806544,0.15565661621547752,0.07340413996622065,0.12003235705642278
1.59,0.06757741948299341,0.10310692562434458,0.035601392489790294,-0.08470895544925307,0.01455242228007798,0.06803851595213449,0.001396069230922579,0.4487800224884245,0.4711336004298596,0.15001092372782535,0.07207652758915065,0.12143599899789681
1.592,0.06326176744458614,0.11083628367047496,0.04761106077062811,-0.08664531723944018,0.00766210987794537,0.07757379200824752,-0.008948896447305768,0.42231703755184197,0.4441322071712326,0.1449333001477499,0.06428756726960763,0.11573054995195614
1.594,0.06475673374465889,0.10866774799911766,0.043642617160007544,-0.08654742120700419,0.011197575193656691,0.07481384248250617,-0.023080814715064853,0.39064684438565495,0.4194148238755835,0.14349947481711514,0.0584695833106626,0.110883965275895
1.596,0.06789368390145828,0.09983714485327498,0.031603585741341096,-0.08367655087070161,0.018125415173759696,0.06454161296099901,-0.024022173953240425,0.38333226624294514,0.4138521792628562,0.1425972942493165,0.059404395905528914,0.11465344323380101
1.598,0.06570581089929114,0.09639889954193843,0.030820510866407407,-0.08033839042282091,0.016131900220828294,0.061761173459241425,-0.012169130076975938,0.39845436647303417,0.4199447568930445,0.13711499896125293,0.061631841216782335,0.12276609357293931
1.6,0.05885912473900998,0.10144426858185654,0.043241888395302824,-0.07872861525729243,0.006028751744693975,0.06955381392890123,-0.003392519650386346,0.4030865684977151,0.4158332214467955,0.12740476173685317,0.057372725274087856,0.12378206494347715
1.602,0.05546015259933854,0.10382814128007668,0.04889963837506971,-0.0777810681812997,0.002173865392448103,0.07322598707828826,-0.006974154672753502,0.37662457442166936,0.39471261126372337,0.12095501793608784,0.04881167793975584,0.11585164337371301
1.604,0.059949063779198036,0.09395951161640395,0.033890956124699535,-0.0750300604618906,0.012681558676914494,0.06115238769696131,-0.014964147359295419,0.33761727303601474,0.3725918631880046,0.12443560809734688,0.04644375771211005,0.11025744277264875
1.606,0.06674154669325041,0.0784419238828418,0.011212878439787284,-0.07087472670284777,0.027134485212646664,0.042828607522639395,-0.014982587659616749,0.31736560438769357,0.3637042481536798,0.13406540445776405,0.053658623409971906,0.11518276786892717
1.608,0.06692836093895024,0.07200900556004548,0.00485050204456363,-0.06802801771463571,0.02943732136522214,0.03740381588220298,-0.007339427724188832,0.3184674981532192,0.3598816192430704,0.13836099769003124,0.06026454196876982,0.12426305854633099
1.61,0.059548835707042724,0.07774858248841367,0.0184595605490441,-0.06741649905111206,0.018780710107083664,0.047901866579143734,-0.004464717535717195,0.31515350914571283,0.34373802182715296,0.13121880739469718,0.05622583358934305,0.12560946356115846
1.612,0.05330512083780407,0.08328335564085732,0.030486739707746926,-0.06720087793409824,0.010739448788240964,0.056757745789992084,-0.013193101551666857,0.2925487053990954,0.3159489479767325,0.11832272422182875,0.04567404672281182,0.11767660478205255
1.614,0.05506749251760762,0.0774272070233435,0.02270330472575398,-0.06526956865729149,0.016478864234316895,0.04911955704055109,-0.024250950113840333,0.26773260409124205,0.29587216280009376,0.11012810747613287,0.04106537266652007,0.11122726843210108
1.616,0.060089051622123864,0.0644174890588825,0.004292251728454865,-0.061525702601523444,0.027838843014505905,0.03257314994551614,-0.024937569066491097,0.2635975502416721,0.2946511430086611,0.11093561486065705,0.046890384542445124,0.1151261014478056
1.618,0.058220437116303106,0.057544857731484926,-0.0008589094670068103,-0.05747622725256865,0.028365319735534834,0.026800948047137684,-0.017441954473735664,0.27459166664734663,0.29964885782347495,0.11471579955967434,0.054442266859869276,0.12402290169290572
1.62,0.047822507634165665,0.06084880170737471,0.013069739239846797,-0.05377029137720488,0.015503102003327834,0.036591131384553575,-0.016716114943949034,0.2715885984597503,0.29073284661299925,0.11200177486464503,0.052815086264511375,0.12452344618632631
1.622,0.03843803391452059,0.06387329675613396,0.02569791697877846,-0.04988820481474319,0.004551263888068987,0.045252126988576065,-0.02936780541903254,0.23985165323374985,0.26654868256717357,0.1020946631742106,0.04189406752925866,0.11344031042741323
1.624,0.03873710325091922,0.05707337906684212,0.01851176793604062,-0.04630803589400877,0.008845456914005312,0.03802688169747678,-0.042347630964308894,0.20066280101431758,0.24644148251496975,0.09537683564698823,0.03153557837392232,0.10309878004837221
1.626,0.04584389712939815,0.04526296963019332,-0.0006270388170151254,-0.04444016498487353,0.022681533444817496,0.02166483862378038,-0.03960306778522209,0.1855467663064163,0.2445654129463858,0.10036849983784106,0.02902619287518088,0.1045083272935479
1.628,0.050064225676279425,0.04022586774960242,-0.009960111779543692,-0.044513942476096705,0.029863651764148878,0.013477670103869676,-0.02486448369967391,0.19495015701633267,0.25051357737362967,0.11111005859372869,0.031371399659004325,0.11186244452537358
1.63,0.04735603684237897,0.04405744641048947,-0.0033345578659157438,-0.04486375567314702,0.02496916584865969,0.017920168655995206,-0.01738311727510396,0.19818465847494082,0.2429286678272804,0.1127850687374927,0.031345013017623685,0.11078765138945039
1.632,0.04230684966179229,0.04644206175042101,0.004205916617060064,-0.043014012849965505,0.01811654418292247,0.022897073549483005,-0.025843367227838913,0.17677037850442062,0.2180657341235293,0.10070265241879588,0.027997117360940137,0.09887067648753907
1.634,0.04070332956105887,0.03952376872661789,-0.0010051067437424378,-0.03852351167706404,0.019522333333616457,0.017968169512815997,-0.037801787404009794,0.14969163804415747,0.19445855457963213,0.08673671621433494,0.0263628440031309,0.08896629642643535
1.636,0.04326324993046849,0.02965926190167466,-0.013282434364565568,-0.03479951165540811,0.02660506119411761,0.008381452137947117,-0.0381539740662537,0.144622655526036,0.18734398163690894,0.08221109701836145,0.026726454893317715,0.09073657025450457
1.638,0.045086804250907976,0.02865130615812691,-0.016039214884063263,-0.03486021425695194,0.02841514602382599,0.007090670924728965,-0.0284859550589578,0.15815160874757192,0.18839700449564728,0.08212165193246797,0.021488435373939702,0.09783404765720398
1.64,0.04046244079853219,0.03614694073015685,-0.004091281983671084,-0.03581459191916768,0.020053306753871833,0.016147963007805334,-0.022541403207080198,0.1593780850493248,0.178183037361567,0.07503524135944273,0.006828089438748852,0.09773724915950721
1.642,0.030523477063235202,0.03908552366774447,0.008392993862743031,-0.032356702465972664,0.009790034217163913,0.022790657704186475,-0.027217199614718232,0.13045085042876034,0.15361291707491245,0.062213238928260035,-0.009142611644735217,0.08865100084818384
1.644,0.023332048651830053,0.02960628537727341,0.005657602671547754,-0.02489664553133652,0.008976992132202922,0.01630989391639131,-0.03421505434552131,0.09129831688159123,0.13262512065240875,0.055497276914597306,-0.015734156930484116,0.08099754784902514
1.646,0.023438122271654233,0.015891478666053144,-0.008469950111354629,-0.019127359708917963,0.016705478694563482,0.0027776951089478136,-0.0323329523771825,0.07491140230579643,0.12955746155838158,0.05893868995684413,-0.013179738533545872,0.08294661717399998
1.648,0.02614364380856296,0.011900027479545884,-0.015055493702537564,-0.01852037430221629,0.020670896135152196,-0.002216896219710479,-0.023937797656442356,0.08446094931288556,0.13494237230537287,0.06327674127613056,-0.011146977064913114,0.08966845257588718
1.65,0.025313062840215905,0.020205034187213096,-0.005269632313784047,-0.021141369879222063,0.014054602001063034,0.006739267145164968,-0.02246780530770566,0.09091070499803233,0.12787036021393977,0.06027385040333412,-0.015200868288807635,0.09025159492808865
1.652,0.02236896529930215,0.029269959893738155,0.007439783010499878,-0.02322738841970046,0.005383854750484336,0.017750142943773216,-0.03283258760401432,0.07488897013918157,0.1050766824644453,0.05458338928944217,-0.020732082461532905,0.08334630686954013
1.654,0.023006545378059857,0.02801516661325831,0.005566657843790934,-0.02307507669883371,0.006843431271842205,0.01663663238960537,-0.04217952790734197,0.053591261914756834,0.08602926063910374,0.055246769373988557,-0.022004536902553273,0.07993602504198995
1.656,0.026342146771378885,0.01844310920542309,-0.00792229251377244,-0.02057034672980777,0.016009542582164214,0.005147319686852165,-0.03611088074780485,0.05443490901896109,0.08521589995971407,0.05961901143103067,-0.021829156532414205,0.08718845178391016
1.658,0.02437318751675632,0.011144086415060163,-0.013556534415503606,-0.015928240894940462,0.018197742219112824,-0.0019744911516030696,-0.019178433062710273,0.07372697607488495,0.0915376522424587,0.056309376372437644,-0.027126762399471933,0.09587612020794972
1.66,0.015119744290334509,0.011348419828789149,-0.0037199622789707344,-0.010877577507440648,0.008383064749285012,0.0023988925438034343,-0.010408125969049314,0.07952807065203141,0.08465856131070347,0.04380951696726372,-0.036827756524673703,0.09178401730260669
1.662,0.007458785977786113,0.012897606378258644,0.005984685852584709,-0.007519885800768258,-0.0007075195487416595,0.008026425191056556,-0.018543432889976175,0.05424800608369839,0.06293682426842245,0.03352512924941574,-0.04088295498301796,0.07590070207968826
1.664,0.008148406637526182,0.0076282604330738454,6.945053576137328e-05,-0.005331543832876312,0.002390934605379355,0.0028890394574765015,-0.030874018566604197,0.018281951505785658,0.04418888250804614,0.03350022505985685,-0.03329952358897138,0.06424636394181008
1.666,0.012201958868825559,-0.0018221943656018583,-0.013677482635131272,-0.002787704346431098,0.01135209098364394,-0.008482606975840551,-0.03065245829465451,0.004541209606783203,0.04209593222780621,0.03975901456556565,-0.021305654502557392,0.06817928703550384
1.668,0.01115769069756811,-0.004280186952106757,-0.015249575512219036,-0.0010757184517466002,0.01202534163246334,-0.010992218175030637,-0.018601692976293185,0.017917197727995153,0.04976959847021721,0.04253919803243889,-0.018408217508496357,0.0814402267730906
1.67,0.00598835338232689,0.004793073866457478,-0.001069954909246917,-0.0032019251068700393,0.0028777559436686077,-0.0003445919576169857,-0.010485006094726702,0.031176436883440385,0.049635955904159534,0.03633686919107656,-0.029666389861052148,0.08855150837976289
1.672,0.0054870234741922295,0.016369809115770448,0.01089743821285481,-0.009258309429673312,-0.003249311345248092,0.010806299074881039,-0.015205914424309937,0.022905935533559,0.03768687778476958,0.02642249151398303,-0.04600082087411206,0.08363495447567684
1.674,0.012932580550637502,0.018982205509668504,0.005873172580273801,-0.01494587247150257,0.002672437682615484,0.00990584625365831,-0.022611409008092515,0.00646715972468136,0.029227017834844462,0.02276469459454734,-0.05452921257103023,0.07663961261230294
1.676,0.020347705720321733,0.012199408475370804,-0.00852443350734987,-0.015744796409517352,0.01326965026019858,0.00023003107304016992,-0.01780765352603656,0.008759799770889946,0.03548297704562079,0.024996075184023078,-0.05340477142733299,0.07837561665702333
1.678,0.017262014771821106,0.004433944461948659,-0.013252394542459738,-0.010444695911940773,0.013749540547210233,-0.0053305666319195776,-0.0030559114017060314,0.029090923138549298,0.04482195394934338,0.022250011679079598,-0.05285767381256794,0.0847966512094589
1.68,0.003512045580028997,0.0006894016706223323,-0.003052530115689864,-0.0013851461309017513,0.0011736778570677897,-0.0020864330791206557,0.004117481258710259,0.03779100960771054,0.03831093241676567,0.01106656637831281,-0.06083364900959756,0.08342960494845074
1.682,-0.008751264386252339,-0.002057819965594141,0.006754617061430073,0.0066941531116821865,-0.010424175559561719,0.0011477915297244175,-0.0047448240182507515,0.016853925732501666,0.017467122885262972,0.0013554837544054992,-0.07274388685522333,0.07171562271288943
1.684,-0.008696694264858716,-0.007613143745549509,0.0013532829257341585,0.009988996140332279,-0.00776636396340573,-0.004295581642839172,-0.017026335754672352,-0.014596570218837628,0.0028842114072254984,0.0006914425552790553,-0.07924468516360166,0.0602035339569958
1.686,-0.0004891808628197263,-0.01315571647072481,-0.012286823336133153,0.009037392950738132,0.003548217110420773,-0.013349836255968636,-0.016568882434451787,-0.024902605220154028,0.006361924485480215,0.004845687414417359,-0.07935305373667852,0.058628782682090395
1.688,0.0019968194239319862,-0.012623143414792043,-0.014244695167290992,0.007503959694124043,0.006288478492900199,-0.013511140356315095,-0.005777777452800856,-0.011391804235307876,0.01599811215410247,0.006936271645624423,-0.08001907516834554,0.06453518661620991
1.69,-0.0062662277061246285,-0.006280215597837988,0.00019051175018989022,0.007725742276977357,-0.004682410090920096,-0.0032198391414641984,-0.0015951968788220372,-0.00246348974662195,0.012901660488344612,0.006196058683024725,-0.08502850900996871,0.06710395654840476
1.692,-0.015667041609207975,-0.002103816205783113,0.013538618366792248,0.009233471368595618,-0.016080395489541332,0.004659682337944492,-0.010599555460098282,-0.015596992844442653,-0.0030563831135951287,0.00521964653616446,-0.08964677722445019,0.06174582107876295
1.694,-0.016834219435680177,-0.0054907001519760665,0.011225936495799487,0.011040818382233817,-0.016028356973782912,0.0008709119552332593,-0.018380212057560893,-0.031133437591301594,-0.012307400230546441,0.004439263755001468,-0.08722397828693142,0.0567308792392516
1.696,-0.012534777542149295,-0.011004858497978621,0.0014576561572303302,0.012256961754273566,-0.009600167148856944,-0.006863061868425969,-0.009374850844286017,-0.02135511826416336,-0.0019233165263688422,0.001736260829136796,-0.0789109035562576,0.06098960910827645
1.698,-0.011163663783537989,-0.009373158808906667,0.001696099120768879,0.011687279289427395,-0.009124936584970891,-0.005165647069831252,0.010405563452060188,0.00791664101633046,0.015773263973470134,-0.00449734175250199,-0.07431419438458428,0.0699744247061913
1.7,-0.015253836226234567,-0.0018809085876336966,0.013068554420314994,0.010255393628257838,-0.016276246147585743,0.005105708959917059,0.020023447031217438,0.02312325630064673,0.018739451388371145,-0.012376979724780027,-0.0805464280485858,0.0713924718040397
1.702,-0.019702151949397124,-0.000427280768970887,0.01870074226528799,0.011221014540642636,-0.020558422945788857,0.008813442322550073,0.01075009903951904,0.007037311154614038,0.0041330905690996796,-0.01690383433646063,-0.09244176987277718,0.06295724547808687
1.704,-0.018746950963910016,-0.01059290756906958,0.007416195229674896,0.015096839201138579,-0.014285019644645479,-0.002666942737631975,-0.003635247447578187,-0.019739216431567615,-0.009236299834788127,-0.014929800344206963,-0.09842082830172244,0.055657789150525036
1.706,-0.013271227053508356,-0.02178714376727673,-0.009252470113524511,0.017608923605549744,-0.0038905300055964475,-0.017736460262645207,-0.005931532335019099,-0.0266072447055703,-0.006454057648069068,-0.00896159892076326,-0.09509236053285126,0.05873438108139349
1.708,-0.010076532663765231,-0.020098641462283684,-0.010547441338529103,0.015299732324776449,-0.0024111028141870165,-0.01813299953988529,0.003141027177293344,-0.011341537219623521,0.005288626936732562,-0.005529799726673357,-0.0901923383176843,0.06775291750422852
1.71,-0.012431062335011322,-0.007128312708554241,0.005146102113613552,0.010416242793170698,-0.011328354683944334,-0.0035341637645870273,0.00803313596001532,6.237216447359061e-06,0.00844730085840781,-0.009086999381552647,-0.09087024140457498,0.0707672210340966
1.712,-0.015135009742997429,0.001596675954609141,0.016857975162750095,0.00785531618460508,-0.01740753108085263,0.0074124942045038136,0.0005668135365994953,-0.008692934487378148,0.000962914763369416,-0.014995610089282572,-0.09491028545923481,0.06552136464288968
1.714,-0.013224501122275849,-0.0032002569296660163,0.010171833136191353,0.009398777244990058,-0.011826040471318843,0.0025000262447367003,-0.008196977899577525,-0.019344770760723395,-3.551299278993438e-05,-0.012609822522716994,-0.09666536400159935,0.06365840486448417
1.716,-0.010219092665850497,-0.013481405244731747,-0.0032722359893161126,0.012799053237002466,-0.0033065043600345482,-0.008583027925581502,-0.0031985513761675485,-0.005902059326637284,0.01589109834959523,-0.0008841775059237169,-0.09643609947488192,0.07276665385838373
1.718,-0.012190900970377366,-0.015346575229423749,-0.0033585903306603683,0.014831948146294677,-0.005242530015194809,-0.009045906367425149,0.012968233206831244,0.025354899426204898,0.03438221523411686,0.0057951865751958145,-0.09759877620256618,0.08302844146535927
1.72,-0.017803559691829278,-0.006338883834143617,0.011096223963760476,0.01391086538834631,-0.016664230708224995,0.0027287542691343328,0.02229708559229077,0.04078738367304527,0.03417304013581072,-0.003976145111383202,-0.09876548248229199,0.08052493502347846
1.722,-0.01874011628707753,0.0032063088764054375,0.02154277562127651,0.010162296931121908,-0.022991485130237837,0.012265755428978325,0.01494628409218945,0.024154759797655783,0.01704942014646914,-0.020956377011767394,-0.09652617653048139,0.06756324273588207
1.724,-0.010115629110612676,0.004207534883591227,0.014098923978911892,0.004719006086891598,-0.014469557428662275,0.008341774396779328,0.0023014980756271676,-0.0013421897608678214,0.0066208302377887005,-0.02686760250290893,-0.09304174878041918,0.05983192148212652
1.726,0.0004724050428946821,-0.001078283656375853,-0.0015203924780944039,0.0007074137464604566,-0.00023895275260502502,-0.0024425903566258613,0.001540879400700454,-0.004073879413310561,0.016263823223728935,-0.018742495686334536,-0.09375360701935699,0.06539833153309534
1.728,-0.0007862972475692056,-0.003389388342621515,-0.002494082763428037,0.0019393194782531679,0.00042567178731741826,-0.003673593397905081,0.01204332686818189,0.014882431066215016,0.03107266109968897,-0.010422831218326743,-0.09917021644911311,0.07509268384333116
1.73,-0.015217450102942252,0.001760371620298015,0.0169001128957325,0.007557075398336836,-0.016721210605689634,0.009315306990471738,0.016317053691879628,0.02575991852547525,0.028989566892833336,-0.012267730073397515,-0.10448510496246965,0.07554335210379759
1.732,-0.02695443421323776,0.008245908588371076,0.034830306448167196,0.011563860198135224,-0.03241697512052205,0.021883386811631267,0.005954033198464274,0.013772842917658608,0.012336912515533425,-0.01959183193126366,-0.10615922971825516,0.0671069764352665
1.734,-0.022850339731706214,0.007681668760500835,0.03003796570524721,0.010024002009285927,-0.02833231841788629,0.01911558360058979,-0.0046823358596037815,0.0015172871156062184,0.006109366123692672,-0.022109054516723573,-0.1051776793918825,0.06325999857936712
1.736,-0.00970901922664578,0.0017901119633403578,0.011089562332585803,0.00549608398831814,-0.011809024248103081,0.006506067432869402,0.0014817995215510144,0.01660679602011213,0.024181534737659056,-0.017862022872120586,-0.10500486006978171,0.07158334561206033
1.738,-0.004491756292287777,-2.2498127974064953e-05,0.004062689195181778,0.0030328413839784195,-0.005104622888434155,0.0019740637002685444,0.020025276319932905,0.05039826279434217,0.04936746546945039,-0.0143492097287474,-0.10875960535667063,0.08241483567120074
1.74,-0.01172455522789245,0.004474104824983352,0.015607506047294219,0.004476980394971829,-0.014553491270805661,0.009662122697667214,0.030920165746835857,0.06725474687640769,0.05479920689288708,-0.017045993550325433,-0.11694880095700295,0.08156419085069042
1.742,-0.019114139487050853,0.006225801543036168,0.024716816846951543,0.007752953303198765,-0.0233233718064189,0.014266472368547119,0.024498836545217624,0.05140953172887162,0.03826229229093495,-0.020978801209148166,-0.12517414057076456,0.06988675738864673
1.744,-0.015678969443662056,-0.0010862826337776695,0.014305648036571058,0.009876671615444959,-0.016456433310180044,0.004573330885523226,0.012911897515656153,0.027396147767424234,0.024110592797844492,-0.017750868039638733,-0.12553393989451594,0.06264471508412398
1.746,-0.006239996904000315,-0.010866975871079838,-0.004534669330142218,0.009888790977795969,-0.0014981588977425802,-0.009771386435492977,0.013190903140443288,0.027620975894407325,0.031038918541033154,-0.008263550088200466,-0.1150282254579054,0.06939116839939116
1.748,-0.0038128744578484037,-0.012239485048902609,-0.00834543372181247,0.009129359855398122,0.0026014789007933505,-0.01159619337450781,0.024118722224168734,0.05041408136412352,0.048557956661638986,-0.0027125404928735834,-0.10172167759462379,0.08164833643761531
1.75,-0.011837261335124312,-0.0037451377760730105,0.007814528386215679,0.008622483409481265,-0.009231313716967218,0.0015609311015467066,0.02834155870345919,0.06379153109572928,0.0526524965149903,-0.0068028308486471605,-0.09638116343970592,0.08476853614772989
1.752,-0.019693720973426393,0.005867059455482075,0.025049362851150003,0.00735174017683286,-0.02237915823061594,0.015180220411164062,0.01745765332970425,0.05009141600309421,0.03927988026326005,-0.012757187112501208,-0.09934728317978993,0.07776029822962204
1.754,-0.016928798623177258,0.009186078878174696,0.025789471281599266,0.004128466114214366,-0.02225454245185599,0.01654506232881061,0.004136573785175588,0.03051781125235647,0.029600528743699762,-0.009872480929194499,-0.10236070781706005,0.07402406506294144
1.756,-0.008281436196332613,0.008065287396832316,0.016386961760045622,0.0007623507814500058,-0.01361623145471174,0.010299852220544595,0.004706780410215376,0.03581085236018978,0.03962186087696685,-0.0018959074325629833,-0.10162919238794986,0.08213268530573484
1.758,-0.008518756372806371,0.008347598076832214,0.01705708210757137,0.0013481273040537158,-0.01379289973588406,0.010347565349920165,0.017639066207519566,0.06365669919891168,0.05755675532983185,-0.0039163943627622535,-0.1023279558217557,0.09325772663288232
1.76,-0.021268241931216632,0.010794607022384686,0.03213959343502935,0.006726369761219661,-0.02738738625756045,0.019367746064917965,0.02604675081063228,0.0809281190894106,0.06073912485549798,-0.01896552729328863,-0.10845236076813161,0.09306087061474576
1.762,-0.03240957292926472,0.010262499785707578,0.042607910313818644,0.012473273339873522,-0.03820269094855784,0.0248106115360964,0.020112306579071093,0.06804983084084908,0.047542170890967,-0.02957090086407464,-0.11335383824524793,0.08177226909684195
1.764,-0.029426215435522696,0.003457703022932494,0.03281151069860496,0.014340033009871467,-0.031996223593652263,0.017049303652729376,0.009960651347713484,0.04487029349544179,0.03944962164064443,-0.020286374133226998,-0.10751437969463534,0.07386670310167352
1.766,-0.018025368243404134,-0.004350687910916088,0.013674721588553837,0.01255766801556018,-0.017083098389394456,0.00408813837852393,0.011328022598139009,0.04297041371722404,0.05096032047325129,0.0008204351912381254,-0.09455058214561513,0.07870126974180412
1.768,-0.013047816074074564,-0.004575690777425806,0.008511507683389456,0.010064111330110755,-0.012440639151839484,0.0014461804449713632,0.02342886339118573,0.06334265661893793,0.06910106993593815,0.011642316811770045,-0.0898912332952235,0.08914344758250904
1.77,-0.01864393837586172,0.0023487036185450075,0.02103336763598208,0.009266470613876861,-0.021377683298131556,0.010595886120542197,0.02986546782445739,0.0767300298004754,0.07096093614040794,0.002836764198064577,-0.100699891788864,0.09138677575880877
1.772,-0.025189302410799076,0.006136951040082845,0.031445069416060296,0.010955054164088972,-0.028986716896595505,0.016893963248968386,0.02147166657226207,0.06537272272609206,0.05545474550523143,-0.01244680131180229,-0.11586136188834528,0.08286636102177651
1.774,-0.024468321606657652,0.00043008225320727723,0.025209607288757117,0.014296870414021097,-0.024678974422026566,0.01035331045999455,0.009147691020202199,0.04795663902051132,0.04488053338877434,-0.016442944771696097,-0.12026635170546376,0.07611110093877078
1.776,-0.019861033313559026,-0.008244440218229747,0.012038274233005916,0.0171008434112304,-0.015728398765228965,-0.0006701304830165614,0.008902850026618604,0.052487367534947815,0.05414199633946316,-0.008196492668626706,-0.11263447148675387,0.08236161521478391
1.778,-0.019980379289570516,-0.009116622808533275,0.011127704093763267,0.017761013595370665,-0.015982084696294516,-0.001099131739269417,0.019802926302063394,0.07550562611643437,0.07009495555665185,-0.0032872281397921628,-0.1057576059924997,0.09529536812960018
1.78,-0.026910650527143642,-0.0010047908338838007,0.025884705825026517,0.016884985770882485,-0.027804557487335152,0.011245059233078551,0.025380150427996795,0.08549649408355404,0.06896889436223956,-0.013028771437832926,-0.11072071915747284,0.09844988514722047
1.782,-0.033137671704268366,0.007247248119805264,0.04023669416744853,0.01545158214247308,-0.0389676365816105,0.0233267773832116,0.01692177710966227,0.06636885983670394,0.04917987550185492,-0.028228319054786115,-0.1222436841557745,0.08841244437745564
1.784,-0.030836584696858613,0.00869971722989632,0.03946945956686885,0.013118164087975616,-0.03758931921083945,0.023515678696996143,0.005588463406812956,0.04023757404453245,0.03458607842461264,-0.030479352692957908,-0.1244603146475047,0.08018100877316749
1.786,-0.022265329028221384,0.006434617280438909,0.028745669545749048,0.009750380021592259,-0.027056292893882387,0.015838994342726953,0.006275623308355223,0.03793592377378088,0.04257351798578104,-0.017043789109099733,-0.11231451179796058,0.08601883321680591
1.788,-0.01684192048390614,0.008026782987397082,0.02490496706551596,0.00660995700166531,-0.02113136250866312,0.013509936591787867,0.01685723324666287,0.05814005008961426,0.06093518714487958,-0.003275916687078339,-0.09830328240071451,0.09899509033694089
1.79,-0.018561406524725193,0.013511226322578038,0.03194455271688422,0.005385088712977474,-0.025029590223886847,0.019753925223969248,0.022448928351529538,0.07056711840409935,0.06516481675741886,-0.0005702508059464111,-0.094092353444883,0.10404488520873875
1.792,-0.021257179642286093,0.014007647655983625,0.034907341613679324,0.006727065541022788,-0.028678030161751474,0.022800526010822417,0.017986764285363065,0.05888086430505697,0.05205297379615824,-0.003409417440259711,-0.09463222625070919,0.09922172293417554
1.794,-0.017867213897126043,0.004663856355896726,0.022092340154932912,0.009364239572786478,-0.021726332014024827,0.013073539345925709,0.014968756186620935,0.043119296431265434,0.043140645420453726,-0.0008728985481305728,-0.08796478321892112,0.09676330140418159
1.796,-0.010637099529582349,-0.006839545726757865,0.00355070026100704,0.011042253495872217,-0.008959858807637451,-0.002048600584725661,0.022641735847165844,0.049770299944964284,0.05376588069964017,0.007458153094153957,-0.07484924671381321,0.10382468235158217
1.798,-0.008503224007250355,-0.009584334093690819,-0.0010205547029373187,0.01107579752614607,-0.004740286585796209,-0.007107230680954228,0.03299907094244076,0.07280544419982975,0.07120528413418058,0.011844434956896691,-0.06906977101199144,0.11144640516821795
1.8,-0.014945150620753316,-0.0038121231461026497,0.011411581081226268,0.011208215261600103,-0.013609732980589867,0.0009122917544426211,0.03126370146604889,0.08053552048000669,0.07171533286694852,0.006198003786263563,-0.07870777900989494,0.10698381422763935
1.802,-0.022520193582532596,-0.00016811660418811848,0.022736338157829446,0.01288297076862977,-0.023326993950904616,0.0086844455237302,0.016354564006525504,0.05880809880957487,0.05281100540443676,-0.0030359969196476367,-0.09532667546901603,0.09260462894889651
1.804,-0.02244503709135793,-0.004828249889070501,0.01798943191957125,0.0146991164563246,-0.021342007764653437,0.005078231535957425,0.003704483854720571,0.030811871343657326,0.036291534930405066,-0.005070703746548295,-0.10519539770576268,0.08414650116610715
1.806,-0.016410068130786507,-0.011330912831923664,0.005257986539842832,0.014265794396519047,-0.011985689189483653,-0.0037602445892286683,0.0067005200552093785,0.026246777602833993,0.038579666756647195,0.0007677542752511305,-0.10484025428073399,0.09109739381283558
1.808,-0.013271865805313768,-0.009831819851971322,0.003283773401488968,0.01138651226231108,-0.009109939193477976,-0.0038311984863399953,0.019921830718976446,0.04267309683735682,0.0499989509666717,0.004295122144750153,-0.10060279082126936,0.10482969685394047
1.81,-0.015938445228498976,-0.0007620099852007518,0.014733300336414953,0.008062396990655382,-0.015834777440987505,0.006378727639681464,0.025904218322713085,0.05068975695227538,0.04978882680907536,-0.0012486250118036646,-0.09761873158096979,0.11061763444605194
1.812,-0.018067678669034203,0.00563913287262256,0.02323496538230238,0.006143625343372462,-0.02120882491599279,0.013691241179761806,0.018028148634454084,0.03546834390354653,0.03515459778526169,-0.009194314100472783,-0.09402830822796496,0.10682809488931298
1.814,-0.013735435176024186,0.0031565889964002844,0.01667289156760208,0.005459112103361644,-0.01624165440042166,0.00879645551231315,0.008701345524849562,0.018280371950490197,0.02513063861466682,-0.008630089117735633,-0.08576696756643781,0.10540553526775479
1.816,-0.006159347880660248,-0.003026866792010779,0.0032023096960085004,0.005025947392179239,-0.0061400113194532225,-0.0015984398001512143,0.011501385577949464,0.02697546403205859,0.03368733566143412,-0.001137046107580193,-0.07574245434954238,0.11335285129602825
1.818,-0.004940032646541599,-0.004891090160544625,0.00021828767869935193,0.0058268559206577945,-0.004097340992751519,-0.00450696015579821,0.023075101828055354,0.055282029521911316,0.04859414195084525,-0.0008858340792554897,-0.07379443963217906,0.12160333516373792
1.82,-0.013975086787587509,-0.0026038613360200857,0.011542578761515822,0.009713631311404012,-0.014220329433869595,0.0023552052471357207,0.028323718002502957,0.06817976294081762,0.04631643909972156,-0.01558466997621466,-0.08330869041705899,0.11708143761713792
1.822,-0.024276237936601858,-0.002879334772621509,0.021666245126517183,0.015063888228921003,-0.024429656367386365,0.008120689986480772,0.02030502931345062,0.047648181813378515,0.024574002341012792,-0.03239639466375677,-0.09301135517339094,0.1012829932455111
1.824,-0.023733839273453926,-0.008181474946641317,0.015947414288544817,0.016900376281448717,-0.02106925529715668,0.0036948893081632933,0.009219773812953743,0.016603796945665595,0.007431257639348003,-0.030769182321348044,-0.08995483487596304,0.08977543105087572
1.826,-0.013637046956714681,-0.013322944342462341,0.0007086179574851488,0.013700661189204984,-0.007978821927906039,-0.00616564798113499,0.008678032123667271,0.008207317651011148,0.013485618487135096,-0.0104741387513685,-0.07818027893483484,0.09131315738041158
1.828,-0.007617241858306671,-0.013168371638116556,-0.005218866005138495,0.010271859777126715,-0.0019170211013593494,-0.009700680771239678,0.016924213873337854,0.02289627616076126,0.03057970993968862,0.004593742570420041,-0.0751860568465429,0.09152797902508089
1.83,-0.012042731326271736,-0.008794503293136002,0.0035354327167612977,0.010409314277523493,-0.00869868475613684,-0.0037704546451359684,0.01917305768255391,0.031592100821780926,0.03354334527686325,-0.001853201999555995,-0.0880442171511882,0.06643935976824267
1.832,-0.017663436470476288,-0.005596695486241798,0.012247396312264064,0.011845579718162677,-0.015727800055349565,0.002481977715794073,0.00922296480135875,0.01942483515096037,0.020064644451238272,-0.01595699892775415,-0.10183315208978096,0.016197422500286378
1.834,-0.014918004659229309,-0.007340437706440602,0.007586782836535515,0.011630055827154793,-0.011724121366099315,0.00013465413230621026,0.0002185439633641896,0.0071792159278780045,0.012707453762782074,-0.015384325092185541,-0.09829844880142198,-0.027938382814842948
1.836,-0.0077099800225522,-0.012093768549378568,-0.00447216763006416,0.011075402329116432,-0.0024349739473945122,-0.007888026890131954,0.007388597799094084,0.01960830536566544,0.025071676307168365,-0.0012706361544152884,-0.08028060077966709,-0.0403816200226744
1.838,-0.006516738029902785,-0.014328184155874083,-0.007843950496217025,0.01255616353237159,-0.0010492800735886476,-0.0112419223150212,0.025254384928767602,0.046966363889028515,0.041707512522796995,0.006616005237251046,-0.06818831476058579,-0.0316118940779801
1.84,-0.013708636766462777,-0.011981179454396999,0.0018559695596423113,0.015410943261342886,-0.009988644623216754,-0.006404002895413773,0.03276006041742255,0.05502787990443924,0.03924071338384292,-0.0017878095131718952,-0.07394058099788002,-0.030610642199113823
1.842,-0.021186139612142614,-0.010196234290668989,0.011202809018889315,0.01759491624386007,-0.018288276125886207,-0.0019947887505083715,0.02145774311239098,0.029936926915247783,0.0177152946180079,-0.01714756333548172,-0.08815267304177501,-0.047626841052369445
1.844,-0.021069591395028817,-0.014500215832363756,0.006563614987210491,0.018475631101047836,-0.01590900805774345,-0.0069825574825674985,0.006800077765416082,-0.003173767227693654,-0.0003123784785295662,-0.025465443676431863,-0.09428434381562899,-0.06668864802728479
1.846,-0.015405906243982831,-0.02146194141655243,-0.006436174142096521,0.018477763781863426,-0.006988751852289927,-0.01667216640683464,0.006157910632831311,-0.011984079706593317,0.0006188251724637562,-0.02330403269830204,-0.08851098707260209,-0.07092214202677588
1.848,-0.013440973151525792,-0.022300444603876517,-0.009248575812179695,0.018384700377058923,-0.004929623769722062,-0.01771124055503359,0.015128766447728339,0.003184476290667391,0.010009092370603935,-0.01930166495982444,-0.08321179037591206,-0.06397267285258292
1.85,-0.018660497817195986,-0.015856228695859453,0.0028543860096311036,0.018969062246831807,-0.013247163559091906,-0.007712426013442056,0.01566389491564496,0.013177790706021113,0.007172775043864772,-0.023210382827898914,-0.0912679513499506,-0.06208422810138165
1.852,-0.02329685866583443,-0.01077146271108756,0.012897634120350492,0.019782394223597993,-0.019481913211337687,-7.571969255318526e-05,0.004079641693438599,0.0021914098442833386,-0.008371516247444167,-0.03303664294639043,-0.10843761504612372,-0.07001243112965938
1.854,-0.019864939056146003,-0.01242538315406932,0.007693264306940544,0.01911085271320887,-0.013942717083572679,-0.004213913835567593,-0.0024211875915084507,-0.01016558448826639,-0.014773921756373364,-0.03680029658481918,-0.11757744003761463,-0.07476984254712936
1.856,-0.012713423894588953,-0.015185888592595231,-0.002416949565194019,0.016357471011454173,-0.004965237424231776,-0.011420113884984047,0.00937972753054407,0.001337380819888639,0.00010970336481921022,-0.029447574102397595,-0.1110637782805664,-0.06629838113566061
1.858,-0.012216407194909774,-0.012094641756628154,0.00028265113520580567,0.01388851417091618,-0.006967887281723535,-0.008385079714271408,0.028937595192829537,0.02884502803859223,0.018694321087057427,-0.020976785889398733,-0.09969003127237201,-0.05409964076437863
1.86,-0.01987048100390817,-0.005627234712733397,0.014624310835182439,0.014342372523053266,-0.01933228668030458,0.0032371786033635014,0.035476342373284495,0.0395513246882894,0.01646870151028942,-0.021754274758901248,-0.09610105025810371,-0.05422714690216399
1.862,-0.02523785046738726,-0.004165596307073473,0.021398184492519255,0.01654308192160903,-0.02590485277222689,0.008749140997238128,0.025479261373771492,0.019879474726743306,-0.004249380264885567,-0.026326711441207264,-0.09812980688969938,-0.06607417824077302
1.864,-0.019556079715873573,-0.0115121955458528,0.008074717338313685,0.017175329269594544,-0.015445397329510245,-0.0010469873085452756,0.015761478108990784,-0.006226997220591105,-0.01791994139463785,-0.021277466319348248,-0.09433038620295676,-0.0739054274610266
1.866,-0.007713447422503097,-0.02241638802943204,-0.014881939155663602,0.015832600460675028,0.003499514916441439,-0.01835788812088951,0.01941275960449663,-0.009895438192401584,-0.01074665428126824,-0.006404843219536382,-0.0816140917372385,-0.06948568767093599
1.868,-0.0025975989885951276,-0.02842915343373299,-0.02608421395613041,0.01565314189550997,0.01219718037331387,-0.02750412626295917,0.029202077416882386,0.00510046718387337,0.0023059993056399617,0.00238382128283986,-0.07111863618456364,-0.06203965130964963
1.87,-0.009345977703112076,-0.02808876014342627,-0.01916653787213794,0.01931173441447042,0.004317409388509561,-0.02403425634044076,0.02940949244297135,0.010492051782422537,-2.072768276037884e-08,-0.005180306047425932,-0.07362103585599022,-0.06304277334730751
1.872,-0.019397635558797817,-0.0279981143509398,-0.009279669508546636,0.025401226470121635,-0.007040874992314443,-0.019088296925733335,0.018049039750585714,-0.005324606279238038,-0.01531368235158715,-0.01803349223277365,-0.08315626838218083,-0.06907912016171835
1.874,-0.021128233008113458,-0.03200089410937103,-0.01153567642586488,0.028803072857908323,-0.006992586394045669,-0.022758270923841858,0.009371637775942316,-0.021283398089256975,-0.02165195567061576,-0.019645800756305593,-0.08479766814173204,-0.0676938631159588
1.876,-0.013235071477816971,-0.03423719295476345,-0.021263265750212163,0.025317497077132916,0.002512332462714217,-0.029796538513073206,0.014581904763403113,-0.014055948491705782,-0.008948478725254404,-0.012646752774260745,-0.07648664997756412,-0.05641626295396756
1.878,-0.005092955199226652,-0.027347603978276548,-0.022106372752551857,0.016565044396469008,0.007209628155795554,-0.02754489090758803,0.027374553400080163,0.009108204732688922,0.006531592308939216,-0.01329632467347661,-0.0698770274259821,-0.046925125526215694
1.88,-0.004603726049247265,-0.014778231796176893,-0.009959522304818936,0.009271607865499385,0.000922015823387878,-0.014915815775790512,0.03205020783929481,0.019208850479390138,0.004099241073756452,-0.024858414087777624,-0.07064360450069455,-0.050366751723551595
1.882,-0.008593038796100882,-0.008730930784922788,-0.00010530343259428185,0.008316273662016082,-0.005979705648274647,-0.005801517725391273,0.02338489473842257,0.003860761820549393,-0.013307707069368289,-0.03200207614179584,-0.07136838327835189,-0.0629244467222352
1.884,-0.00833805326847455,-0.015153427108357693,-0.006913775660054362,0.011850980594330143,-0.0016199612921065868,-0.011392096180156493,0.013461971437192714,-0.01580879872665086,-0.02282531359836487,-0.023540892702618128,-0.06511737678617283,-0.0690785380574098
1.886,-0.00296413958289147,-0.02626748604707109,-0.02336840467637896,0.01503818613400286,0.009953311988747124,-0.02517597042755808,0.015681875884318883,-0.013744154331006345,-0.01256930983766907,-0.0080654486522329,-0.055767008014291845,-0.06062925596017503
1.888,-0.0007377544291477762,-0.030364002176346157,-0.029626099793342853,0.01617641266594921,0.01409937291773948,-0.031148415109633745,0.02600302396380419,0.004844096288872204,0.002060138625739204,-0.0013543122460614098,-0.05188416715161622,-0.04804031273221437
1.89,-0.005533590273357633,-0.025492042508606337,-0.02004386704853919,0.016461368950272063,0.006442633345041138,-0.02466612229019958,0.027682667169859752,0.010520717548254342,-0.0009209448083455647,-0.005989188225371614,-0.05592766261121174,-0.0473421512203974
1.892,-0.009875753597595124,-0.02008247682024313,-0.010524254766757446,0.016241991962204314,-0.0010109613803462806,-0.01748090813418121,0.014765132277029412,-0.007842910460518038,-0.019643225531127795,-0.010488213728700055,-0.06229742969285468,-0.05861720409476347
1.894,-0.006782811630469717,-0.021583835318901665,-0.015243929647598577,0.01552256835374317,0.0023179193811646444,-0.02042619644255445,0.001375848779630466,-0.025875460318532197,-0.03023425971998521,-0.006697209231357883,-0.06487270691974412,-0.06633205673089218
1.896,-0.0018975459387861953,-0.028224952562344332,-0.02659803306954927,0.01638512333577416,0.010006652370750716,-0.02897984913193046,0.00296602289267994,-0.017777421696115424,-0.01979031242464469,-0.001469457307947117,-0.0647190755822658,-0.061530782930161364
1.898,-0.00516458437510795,-0.03167258402954472,-0.0264784543598525,0.019806582447806788,0.008409701592651354,-0.030335622930253638,0.015911410038500693,0.007530146696251857,-0.004496788935300957,-0.0071910907069389265,-0.0678669767396671,-0.0535788678119519
1.9,-0.014369691214014865,-0.026657160265562446,-0.012131591610539942,0.021868080033857144,-0.0025721501739966474,-0.020707563945139874,0.023070986394536818,0.01813872659071301,-0.007259320597891836,-0.0233789123519183,-0.07467585265340662,-0.05578078144631722
1.902,-0.01722761554388272,-0.018041180657619244,-0.0007476474976860762,0.018674436504041315,-0.008553182130462932,-0.01069069093594936,0.01682122851401535,0.0010837630786828898,-0.026257781091493924,-0.03440345600066724,-0.07615853289322919,-0.06642161290081103
1.904,-0.008988309365714976,-0.015595069588236456,-0.006679040477525923,0.01304863509587626,-0.0006883592330266565,-0.012106881629816822,0.0084525491721259,-0.021787519017579794,-0.03798777685253438,-0.028718466430517536,-0.06630529586434898,-0.07088423504789013
1.906,0.0006179511932950155,-0.021676868497862063,-0.022486039481587686,0.011633734329980806,0.012088133109966906,-0.02303720111802791,0.011850409180726388,-0.023573193213391488,-0.02937166790218674,-0.01495621931308596,-0.053702000708670414,-0.06120226598271077
1.908,7.683049431145523e-05,-0.028723223795314244,-0.029129001552147024,0.016378032336650597,0.014812986547064665,-0.030608785937380558,0.023684169976522,-0.007098495214570442,-0.014454709390439418,-0.011760263354969266,-0.052266396501231,-0.047012501803352494
1.91,-0.008827432100772133,-0.029809340854445164,-0.02137270361401213,0.02217105463121354,0.0062219227725667774,-0.028099413278185312,0.02738340231150441,0.0008272091885547892,-0.014767108322115554,-0.023863922557267922,-0.06267509913524914,-0.043596267186413976
1.912,-0.013542831431329564,-0.02739769201858949,-0.014094375263701515,0.02352098832925084,6.330768106308372e-05,-0.0232810699107426,0.01702553547723175,-0.012438398346679199,-0.030272932768309398,-0.036315914816701544,-0.07090087117085417,-0.05192844151443775
1.914,-0.007849603357423915,-0.028615251319445638,-0.020771600081226197,0.021092612111022802,0.005943910319615477,-0.026433147426596554,0.0073172441272145354,-0.0269437187690896,-0.039147564074379346,-0.03382590476993008,-0.0649755574336689,-0.05724461442791656
1.916,-0.0004589684843226519,-0.034523050889713275,-0.03406296699731454,0.01986990706589443,0.01590304043762002,-0.03521985790902149,0.013299817746756563,-0.017870249528092207,-0.027408943774950324,-0.019603100434317372,-0.04803525736824984,-0.04947082966927238
1.918,-0.0034205973566489973,-0.038492463715094974,-0.03535910758915048,0.0223871114179087,0.014865751968429194,-0.03773095982564816,0.028647476662233634,0.008633842004554653,-0.009038931586959509,-0.010675442191275062,-0.03374354757783051,-0.03763779937989629
1.92,-0.015300549371618274,-0.0352070912852592,-0.020499824489514065,0.025715202016543696,0.0014102491232558334,-0.029204938884705663,0.03352114384555993,0.021302071711149655,-0.008356972224972756,-0.016525478451261212,-0.031558577597358674,-0.03751222435405352
1.922,-0.021623464125885884,-0.027591571305746715,-0.006603653276508162,0.02514914927614831,-0.008831858182245897,-0.018935376772387515,0.020485901880901332,0.004583055007943168,-0.027182323311726944,-0.027331914700891594,-0.03796877165420403,-0.04968973741090071
1.924,-0.013359282086167617,-0.0225323824375167,-0.009595996137469505,0.01977675726898336,-0.0034002814322412235,-0.017609229533806465,0.0040799334595722795,-0.020008210283936213,-0.041690320420346774,-0.026766433746700468,-0.04172015943058144,-0.05860190563469265
1.926,0.0005154396763550424,-0.02224472579894253,-0.022974600644790143,0.013832727416955622,0.009916568359644643,-0.02339972090799736,0.001994194017135073,-0.022154770097104374,-0.03431845020723785,-0.013929188118057422,-0.03720461349611751,-0.05319321589464532
1.928,0.00430271998113501,-0.02303941896659485,-0.027565757559504092,0.01209902567109963,0.01373966226000232,-0.025847349123967175,0.012266015101224057,-0.0033493625624346603,-0.016996806460583994,-0.004377702651845186,-0.030344203716371004,-0.04102787568196152
1.93,-0.003580342989573576,-0.02172888048383922,-0.01847886447807952,0.014226046402936565,0.005210210685385406,-0.020937296475267562,0.017389722232422355,0.006677261678678579,-0.013355777409644184,-0.007342674510379163,-0.02858441314093561,-0.03716435564861967
1.932,-0.0097876861556874,-0.02068733438175314,-0.011160051203977367,0.016085146762790384,-0.0010652201014692592,-0.016752505895356574,0.00979578351248722,-0.006864100809172641,-0.025613079511433275,-0.01314519772437312,-0.02992819056397094,-0.04324879118358388
1.934,-0.0057997072190824825,-0.02418121623552533,-0.01842760354411855,0.01610508400384981,0.005064875865534755,-0.021800513554275647,0.0016244357511931472,-0.023094973942481705,-0.0333329260206015,-0.00975639188140295,-0.028095281962085706,-0.0462654469623454
1.936,0.0014128529892868987,-0.03027806018802065,-0.03169761710240198,0.016249090658719656,0.015181706813116593,-0.03159805158310039,0.005665895594438854,-0.016221020108513045,-0.023909707591979218,-0.0014909393917546783,-0.02380581693243997,-0.03861361710928483
1.938,0.0008529416975584144,-0.031735622817007744,-0.0328580234770183,0.017711453261505316,0.015004507457655152,-0.03362497094128315,0.016740923709846086,0.0071787674851021355,-0.01051636910720088,-0.0022033038491769247,-0.023647277133344028,-0.029901943824967733
1.94,-0.007213431506232115,-0.026688788338747757,-0.020056009416582338,0.019166205441041178,0.004546930380503321,-0.025347557183633525,0.019378220036037296,0.01634331802692064,-0.013670006683705532,-0.014847597263987723,-0.02922629727530577,-0.03283549778237325
1.942,-0.01190398656292763,-0.02258109372204663,-0.011316319798126426,0.018920755941853995,-0.0015723979888624309,-0.01894324066340721,0.009516844605495928,-0.002014412494278065,-0.03241448912088093,-0.026713411422474964,-0.03324200978891191,-0.0441679591683094
1.944,-0.006023421920621123,-0.025786636875200407,-0.02017279618726625,0.0170435218064584,0.006526188646113495,-0.024525469190509085,0.00026739284721658246,-0.02558512906247688,-0.044101696799709114,-0.0259309599288751,-0.029045177033607615,-0.0488990716229411
1.946,0.004546970209922201,-0.03204304140025971,-0.03667524398907652,0.015066092962782409,0.020507661748735813,-0.035714012877845494,0.004254400215474687,-0.02548348520793415,-0.03355787153152059,-0.016079552717786723,-0.020930071250539497,-0.04070084695599266
1.948,0.008313616164698749,-0.032079821167525495,-0.040264000015112864,0.013937863374787246,0.024096441755201436,-0.037993638210258196,0.015844790755771932,-0.00387046955587697,-0.013701105664116451,-0.010255754184840525,-0.019486434772469807,-0.029995114326699587
1.95,0.00355599248784587,-0.024019553447547696,-0.02734903373252264,0.01253452360397437,0.014504925470024833,-0.028038511615211942,0.01830194337955996,0.009464109935031434,-0.00917473216698092,-0.013509854076119402,-0.026748168962975057,-0.030006065755424177
1.952,0.0005520080670912912,-0.015972081674812184,-0.016202157034571733,0.009388766296295868,0.006299024777365784,-0.018323175447143892,0.007724753164135546,-0.001279552152700874,-0.023102945237044266,-0.017047008755872377,-0.03246626988636484,-0.03907086593122933
1.954,0.006191811247535267,-0.01647563954115546,-0.0222965645256783,0.005992513811471369,0.011361081278806442,-0.021128853521457654,-0.001203363962078108,-0.01583447903954678,-0.033440634968169056,-0.011592177536728112,-0.028319972849128898,-0.04306521270435397
1.956,0.013304372412758246,-0.024086675830172675,-0.03715725478562447,0.005819040703801072,0.022477220888184088,-0.03214540672595123,0.003669855585892523,-0.007704126497279239,-0.024654259724271876,-0.0013412918971447913,-0.019785477521986807,-0.03521634467847324
1.958,0.010391498565862566,-0.029190018266044972,-0.039589743191033054,0.009967724293780476,0.023365255073932587,-0.03597931860392783,0.015460094254032119,0.017033594670583234,-0.009505974833896966,0.0003795692630586387,-0.01824783055182688,-0.025108340663206313
1.96,-0.0021016815145581454,-0.027124693354464154,-0.025148738694274163,0.015878941603904396,0.011326080269971811,-0.027877177658624012,0.01789161096931039,0.02633757647682261,-0.011125934043075984,-0.011345337976440367,-0.02488476375719032,-0.024754046838906096
1.962,-0.011242789514824733,-0.024339818878654072,-0.01316017538511119,0.019890932433872452,0.001360829687897676,-0.020763166720565877,0.005967074243109891,0.005060646610051104,-0.03089780242850792,-0.025340537821843583,-0.029601213472545213,-0.032739105828721915
1.964,-0.008290350854358593,-0.02827071561218548,-0.019967074938298864,0.020570838998280733,0.005524047226458909,-0.02623219881688747,-0.008537621065322699,-0.024285390827502487,-0.04647775177360013,-0.027576799121902695,-0.025767423074238436,-0.037854523731588506
1.966,-2.4495176154625082e-05,-0.036011741452432175,-0.03606738246007033,0.01970288408430287,0.016570766263352646,-0.037551824293088405,-0.01205963842621874,-0.030732201660444373,-0.04199877439104976,-0.01775113113888999,-0.01817093849165355,-0.03459090937551625
1.968,0.0017527070484282057,-0.03788132464903913,-0.039955843647868,0.019125213748546734,0.01925374254353242,-0.03944648414876624,-0.005710410986115208,-0.01383992522375908,-0.028165515466515446,-0.008594043395787227,-0.014521246400628532,-0.02907506010708032
1.97,-0.003297617874289992,-0.030918374684708785,-0.028068463848101802,0.018187575986570857,0.011855297609955306,-0.02970164804326344,-0.002250027992990065,-0.0007945523110071407,-0.025391544759784414,-0.010094185446221638,-0.015624303829415348,-0.029241474968404988
1.972,-0.005596683984800772,-0.02355268791820313,-0.018226592461571926,0.016122212853024866,0.0069399754249535915,-0.0217206298157615,-0.006661454885699035,-0.006952838147354854,-0.03442585621124228,-0.017611992047679884,-0.01605460571716529,-0.033037425355822575
1.974,-0.00029058130692442667,-0.024408109629519753,-0.024085362671723724,0.014244983952092912,0.012689516224139795,-0.025734165671707606,-0.008427820503523151,-0.01543372413596637,-0.036443360757194884,-0.018724752265491546,-0.01150462816317578,-0.03150429580925686
1.976,0.0066566888139849845,-0.030951543936286845,-0.037473069598873754,0.014098832776853955,0.021974072058093434,-0.035521759851542566,0.0018715832192558182,-0.003908877900361948,-0.02221632354647402,-0.010235152148336816,-0.004386846605482227,-0.022527815765994382
1.978,0.006492063195917994,-0.0339447778526295,-0.04050308353680873,0.015718971671017132,0.022173124944671458,-0.03769858672286247,0.016878291921300165,0.021610482615667823,-0.007024188194376112,-0.002126687829810814,-0.0013682384801048508,-0.01469719602192942
1.98,-0.0015876459612736808,-0.03104414567707567,-0.029835330546571684,0.01839943250990897,0.012150571453380185,-0.030336262412453647,0.02093314309433305,0.03306481869602587,-0.009537240038840614,-0.0031128965435306645,-0.00419043976240295,-0.016180749763988114
1.982,-0.00874616105251685,-0.02959572989025236,-0.02133212868517523,0.0211275107617801,0.004732557399344848,-0.025633599246740912,0.010600693436256808,0.01692689335921824,-0.025467265734233576,-0.00811353044524461,-0.0056969676624691115,-0.0238783066386928
1.984,-0.0066230673799385804,-0.0348326864914408,-0.028466127637271143,0.02246249294359006,0.01017672933731828,-0.032575272783602297,-0.0004754732144214769,-0.007613684577212611,-0.033353882371066186,-0.005406252075498254,0.0011490899105158884,-0.026656948922708184
1.986,0.0013896538561741394,-0.041888482923022004,-0.043242297354945156,0.02199695360719865,0.02171765992208924,-0.043804872100977214,0.0010351112730341027,-0.013218929327515833,-0.02367902030100088,0.005880802747905541,0.01251367183032313,-0.01927003912068566
1.988,0.0037023234016066754,-0.04255000241372163,-0.04622198376807697,0.021187980467274298,0.023843854030225826,-0.04511712870166116,0.01123027358423682,0.0003713412186073249,-0.01107296974663484,0.012744372446259773,0.017139216875594825,-0.009461439290320145
1.99,-0.0035880379597496657,-0.03617854413662555,-0.0328646353092637,0.021350226304350985,0.013214670865147759,-0.03453716219716994,0.014854791898800587,0.00823981740156502,-0.014007536912728656,0.005498766008793799,0.01033864852074993,-0.008475640581110014
1.992,-0.011012367296493427,-0.03061605721691945,-0.02008581511208594,0.022000370995394966,0.0033221213222367754,-0.025141832569643186,0.006466347525064708,-0.0027851157991453496,-0.02925977081267978,-0.00870896829486741,-0.00010607984932838198,-0.016722695138892976
1.994,-0.008787970887569845,-0.03218663557920013,-0.023711602828555296,0.021973932170999473,0.006312152696929224,-0.027937889925658734,-0.0017263235036780403,-0.014660491635624981,-0.035420590902642796,-0.015431191377872284,-0.003612708047532499,-0.02320067752896339
1.996,-4.5891397564756545e-05,-0.037594996008438186,-0.03751875362936406,0.0210671948809752,0.016982799895088014,-0.03775396619145113,0.0029764546908613476,-0.004680903237379975,-0.02188952201044978,-0.011741569823486831,0.0008579687241076871,-0.019743199890826794
1.998,0.0039309158149311955,-0.03765744668285824,-0.04140915953881034,0.019414328539570827,0.020103627922947936,-0.03993839861205448,0.015021484201860218,0.01976579398350521,-0.0044715629154356016,-0.00879890859738814,0.0051215604729529,-0.011655577520739088
2.0,-0.0002681710465136293,-0.028537385999822466,-0.02819259750854178,0.01630636263268202,0.011170570859823804,-0.02913977744574779,0.017704624424094432,0.028425899637577006,-0.0054824865208571985,-0.01555031962579548,0.0037112055450931633,-0.01042768342699597
2.002,-0.003915407845007141,-0.01794201213078131,-0.014084544582711375,0.011990529839938166,0.0027669184582920095,-0.017005723380882708,0.00697331485788061,0.008878794110716019,-0.024325924431005393,-0.025688369835017454,0.0009367792088010249,-0.017873340850773026
2.004,2.2023242590517636e-05,-0.017250367525306377,-0.017341757127976407,0.009634254477901151,0.0070128945641402115,-0.017982988628541894,-0.0028549988492074696,-0.016119931226231687,-0.038397838997005745,-0.02592868496621444,0.0032103885837084607,-0.02373812425796311
2.006,0.005706973406268723,-0.02730086288179156,-0.03300973697215702,0.01250671578939566,0.01811573209171602,-0.030451279639345172,0.0004266333362680537,-0.01906641851021825,-0.03330066716839425,-0.014886385809079075,0.008939174587618321,-0.02052345454287929
2.008,0.0029564418211522553,-0.03664128759868306,-0.03956093407681896,0.01903356023192976,0.020398415163964654,-0.03862899625676812,0.010239071666915374,-0.003560502008447072,-0.021326694586398076,-0.005918060798578243,0.010625039907169233,-0.014456926797859124
2.01,-0.006920953891906565,-0.03574593208012957,-0.028806368128814378,0.023298656795229154,0.010667157859012814,-0.03349458635185445,0.010736980003045252,0.0027894928319839606,-0.023220975743289452,-0.00909268848939046,0.0048065984684657875,-0.01625953135036005
2.012,-0.011928066407138562,-0.028730584036163694,-0.016813689710026128,0.022029324023320026,0.0025567758650822,-0.024385367579115583,-0.001025108536368566,-0.011654411463237325,-0.03840722733579209,-0.017763020528581,-0.0031619328185260014,-0.02454682905829249
2.014,-0.0056019599328566965,-0.026709591706570206,-0.02112311720043441,0.018318220702040474,0.007511325089196195,-0.025375709842314114,-0.009915516931067648,-0.025287564121378812,-0.04532111725011822,-0.018346993969281175,-0.004978028101169606,-0.027391146174855774
2.016,0.0043647413378107205,-0.03218785587951157,-0.03655389707700809,0.016786549882920755,0.01936487641563698,-0.03547591114268005,-0.0026852674293938745,-0.013931583197014838,-0.031627208705197626,-0.008848181766493119,0.00048666998592438154,-0.020232638183753135
2.018,0.006060025890078867,-0.03625835494187299,-0.04228861225099532,0.017780990887227427,0.02265769750141649,-0.04002726168496563,0.01332462968170497,0.013637292833253168,-0.01198661660932358,-0.0004996039755819949,0.005885061470396021,-0.012574493503952127
2.02,-0.0005122197558215782,-0.03161017831808592,-0.03096219420729132,0.017472016629514253,0.014190729537343356,-0.03162523330383421,0.019607576966644107,0.025801459013736955,-0.008619921663778651,-0.0010408997087894198,0.005452565883966498,-0.014413916568972267
2.022,-0.003134544284002073,-0.02302470671191053,-0.019564890914829842,0.01337285859072227,0.008092713704976313,-0.021397080823825146,0.011443001449727689,0.009768489170455122,-0.02198587469641988,-0.004312152573566694,0.0018829514452380059,-0.023021247767124515
2.024,0.004139725517683533,-0.0213491414401426,-0.025091654802960443,0.00900656397040586,0.014881559732738307,-0.02365849476724328,0.002868399022660057,-0.012720550801017074,-0.032446209769294763,-0.0008961026258752401,0.0005737716098336363,-0.027579977334919244
2.026,0.010806779238337012,-0.028965965655613872,-0.03967093718057778,0.010248182786965033,0.02488311592089338,-0.03543416606799795,0.0058642596994826855,-0.015374777839083366,-0.028775604170660576,0.006512129264334883,0.0010671356385565098,-0.024139754724222633
2.028,0.005311472952463003,-0.03633554986755606,-0.04212977459764173,0.016927957899683193,0.02214156914917584,-0.0407274476199976,0.014042472024950414,-0.0014603865271195565,-0.022373393778007167,0.005513892747172542,-0.0014039064468678092,-0.02066164197536498
2.03,-0.006858897000671636,-0.034656912315281424,-0.028692784338735743,0.021943395535368684,0.008386109496532828,-0.03310045526958117,0.012680145932870073,0.0029970889205629997,-0.028849022989108554,-0.007808117535075388,-0.00684637667130369,-0.02503005504236133
2.032,-0.01066440071941162,-0.027542036161488193,-0.0176193986102565,0.02042146420054012,0.0008503236595267517,-0.023845657237772065,0.0003460466435672127,-0.012546333466097365,-0.04423367631814647,-0.02091750779598269,-0.009287219566636645,-0.03286935817500667
2.034,-0.0029309437525953923,-0.025354687321037704,-0.02263018631599221,0.016189822420996522,0.007841735284186978,-0.02524134901128209,-0.00862784271293792,-0.027135938433429974,-0.04938342946021485,-0.021022393541017776,-0.00664850448083903,-0.03402529353230235
2.036,0.0044885834828797275,-0.02997488173051106,-0.03436703924828772,0.01561111799209157,0.018049755912883714,-0.03345543237654419,-0.004008058547011251,-0.017848056052784462,-0.03602176359485145,-0.012521978351383516,-0.005029758659119812,-0.02732778080702339
2.038,0.0018947742564941628,-0.03220359037217818,-0.034214262351153525,0.018310977906076154,0.01670487973732061,-0.034318412698156886,0.006845608152385304,0.0071754791237015475,-0.018714861814546895,-0.009767521744174123,-0.009990378263980913,-0.02133893971946584
2.04,-0.006258119517288684,-0.02596575980097595,-0.020142519312370797,0.01869946621969661,0.005202577655276755,-0.023693221957733306,0.009613289186193898,0.018357655511858317,-0.01711081009942007,-0.01647825381230358,-0.018406344480707413,-0.022901088813629542
2.042,-0.008484976008845567,-0.01795162794157642,-0.00984013148553444,0.014598409829572641,-0.0011250506159136585,-0.01420073249575678,0.0020006914610172823,0.003898686595334386,-0.030816074815167648,-0.021856853613991676,-0.021782717628643127,-0.02909272950732444
2.044,-0.0012980312206574227,-0.018536913064216193,-0.01726313583875001,0.010251699887230674,0.006697873463093992,-0.01849228063485134,-0.0041779502762035944,-0.014894798560491817,-0.039971139407585635,-0.016970920684229143,-0.015689509849861775,-0.0304923926691224
2.046,0.006490430571463673,-0.027844706207321723,-0.034171310294082866,0.010990777382059176,0.019679587589718113,-0.03224450508354575,0.00046305393206207905,-0.013037227922835015,-0.03247655393596783,-0.006847838308472096,-0.004911001226843469,-0.022823235390232056
2.048,0.004549573658369882,-0.03637180224485263,-0.04094329076658585,0.017228893993822488,0.022354842901242008,-0.04012625220990496,0.0099009918008603,0.00407986695756312,-0.021015998719124348,-0.003634581829050746,0.0007767375978145388,-0.01397036727077208
2.05,-0.005525490311377599,-0.03794086711214141,-0.03278866012230554,0.023959659018567007,0.013070800706035567,-0.036303528034987646,0.010209203200517042,0.008233850422148917,-0.02472204497245556,-0.011317445704893125,-0.0021391337706246983,-0.015240788437008344
2.052,-0.0108289997182462,-0.036269068212213755,-0.02594414349142088,0.02554637278127072,0.00679651252529874,-0.031236017166853525,-0.0013301712038191384,-0.011483685255678514,-0.04031713643441198,-0.020354866344380315,-0.005676167433933593,-0.025597323585926077
2.054,-0.004048059442033958,-0.037663831774285186,-0.033885578257501964,0.021846787298273607,0.014314469046006188,-0.03569890863809465,-0.011036436414323954,-0.031416792408515574,-0.045291684304778305,-0.019083482000714552,-0.0013045991605107983,-0.03179321848863775
2.056,0.005415781889668566,-0.041965133406593746,-0.047339687083513673,0.018659377512195967,0.02617845412255839,-0.045246457107078274,-0.006510720851073402,-0.025309215484404086,-0.030124051452715916,-0.009016045939792076,0.006894186176437965,-0.026743820485747444
2.058,0.00400496075302263,-0.043243151382072645,-0.0472079406319218,0.020197524011437366,0.025674711980852687,-0.04666961043840192,0.005976598986057743,-0.001250328737272829,-0.013405383015704533,-0.003747667381064385,0.006994602095226126,-0.019714425279408348
2.06,-0.006906215070017886,-0.0383135352608931,-0.03167969532668975,0.023616317523938803,0.012273486878231397,-0.03685001176647474,0.00921549674187107,0.008500022651531516,-0.01796652387851414,-0.010681196381372085,-0.0036682223724847076,-0.02337226321015972
2.062,-0.013001666703232365,-0.031834753861097013,-0.019319738653898237,0.02356575288914333,0.002337299050057847,-0.027607767035504632,-0.0011151817375025345,-0.008889189446074532,-0.03998615706086486,-0.020313466798767606,-0.013056583016161393,-0.03527008986785233
2.064,-0.006611624397164126,-0.030283081748646426,-0.024009454258513446,0.01955769442652411,0.007064934814527997,-0.029467597699842956,-0.010236323040959472,-0.029978892711378286,-0.05331337575794284,-0.019795915569702262,-0.010442899961783946,-0.039591211159064756
2.066,0.0038624831850098363,-0.03253877495194359,-0.03650124267435207,0.01556500205490549,0.01827638813387595,-0.03702658917890175,-0.0054094494105021125,-0.027814554146914576,-0.04401930952708947,-0.011828033319057511,-0.002214700488964175,-0.029090612567566114
2.068,0.006472872696003029,-0.031128546972779846,-0.03774746536069596,0.013638055453723725,0.020609287882553028,-0.03655829452077464,0.006651240233938376,-0.008045858414624943,-0.02783014554549353,-0.01079506827038771,-0.002801180421505628,-0.016672429173425585
2.07,0.0013197925816358779,-0.023768057544995835,-0.02543333613815383,0.012148690177041193,0.012553937890446726,-0.025763590851926126,0.010178783738345576,0.00023593798875437642,-0.027302257100562777,-0.02182906012009063,-0.014307377672386785,-0.018122113016650614
2.072,-0.0014962776272373266,-0.018201760352675386,-0.017019908469049636,0.010143738150290835,0.007333502989228199,-0.01797356898607965,0.001929289905013813,-0.015023091258964005,-0.041365589006247185,-0.033449359819441436,-0.024923609755224202,-0.03046577068343875
2.074,0.0035156250400021896,-0.02181452791029841,-0.025374570948698848,0.009272835438672513,0.013735657587318258,-0.02397853970281246,-0.005394627611638376,-0.032280172109263865,-0.04838339384635114,-0.03241860524747434,-0.024522691314896955,-0.037086135238703896
2.076,0.010349652585817814,-0.03113914182580079,-0.041344729249732586,0.011058024243641293,0.02440554446491888,-0.037112206821441014,-0.0011001185876925665,-0.026464553581032054,-0.036906687315994925,-0.01910918382924255,-0.015005119823869859,-0.030624427126436777
2.078,0.010510106347333695,-0.03574560378543639,-0.04615522253841673,0.014021659796664995,0.026382231214763265,-0.04201721028095864,0.008355999568375674,-0.004356845167090635,-0.021441155445700837,-0.006717958982698997,-0.006411536316434652,-0.021181352711770327
2.08,0.0044491075384632435,-0.030941418368053347,-0.03541791050297042,0.014853527283822728,0.018137762622846075,-0.034162614537847094,0.007888545572565513,0.003923200946899024,-0.022360688225027923,-0.007352244088690444,-0.005809847238114385,-0.021236432446354637
2.082,-0.0001761856954741101,-0.023653374751274523,-0.023544974909292415,0.013221907992499202,0.01065135046797332,-0.024649171339440168,-0.00455624560729944,-0.013945075428922179,-0.038142596288027276,-0.018570273847944914,-0.010511603301543737,-0.029411845194210997
2.084,0.0011858316456297418,-0.02325108077864093,-0.02445472616384906,0.012399069514067737,0.012533033573697266,-0.025072728452975267,-0.013708428990393358,-0.035424399503920824,-0.04762856196278822,-0.025905865279560354,-0.012147246185046777,-0.033570846537674864
2.086,0.005407820910486218,-0.029049230620186793,-0.03442871877537358,0.013847501816523654,0.019599559842800044,-0.03279268247527806,-0.007292743528225905,-0.03353187781574944,-0.038571036255033025,-0.021027049293522934,-0.007053259754017219,-0.027809392664412576
2.088,0.006471823996549645,-0.031893058736729575,-0.03834163134489343,0.015167123763889548,0.021350162141042867,-0.03555032983603202,0.007021722867195422,-0.01303701149248017,-0.024035592848692937,-0.011993469901296159,-0.0005823315002886527,-0.020470196721709837
2.09,0.002954677879397242,-0.027235897732940707,-0.03019491283338297,0.014381173001505636,0.014807549456168377,-0.02859121882675643,0.011952469701548592,-0.0030990045815814183,-0.024294497285918818,-0.010118074922203254,0.0009497593925700852,-0.021961515562351642
2.092,-0.00033874074489224454,-0.02175130982332533,-0.021427322718104932,0.012954346367816606,0.008500455763473191,-0.021657717707341092,0.004142423456350134,-0.016096275269241865,-0.03832177405673181,-0.013615900690196383,-0.000648399779609199,-0.029561651220165963
2.094,0.0013342077338850478,-0.024403782753804823,-0.025742670718183404,0.013399366047069887,0.011684871131945994,-0.026203039948947904,-0.002433927593241072,-0.03034703537630358,-0.04563375107253861,-0.013478542651150026,0.0009427159372428351,-0.031913927216685935
2.096,0.005857283944339825,-0.033862564080511456,-0.03971403305303216,0.016021951051111826,0.0216128669589446,-0.0391767506385628,0.0025884138341545266,-0.021570251385741954,-0.03592120225896643,-0.010029890921835793,0.00597139082335803,-0.025809897495307235
2.098,0.006169843780197367,-0.03953477522573476,-0.045699287659093715,0.018930316323834236,0.025726679086405673,-0.045615595629116996,0.011414661331299699,0.0017738689304698128,-0.023470165333918828,-0.01241421511844212,0.007235801781585977,-0.020192596945255662
2.1,-0.0002450727125522915,-0.035519786471051376,-0.03527534057316255,0.02030964171567241,0.018020365900085003,-0.03815396084875949,0.009544467991786322,0.008878402193430529,-0.027304231129073105,-0.02250764882244283,0.0005547047422660596,-0.02364473747399781
2.102,-0.007649444880838772,-0.029447363185442395,-0.02180112710237535,0.020771410931516226,0.00770347904866868,-0.027644088801900772,-0.003795122671063994,-0.01172354782287246,-0.045074860457154364,-0.029182343423714643,-0.008473557252501585,-0.033207531566844715
2.104,-0.009719385843868349,-0.032493074778970586,-0.022774879551110544,0.022453520579240813,0.006814968223132625,-0.02872318033328052,-0.01376604380843791,-0.035995349418607755,-0.05544374646088741,-0.02260336237334987,-0.012012502604642072,-0.037802890564643955
2.106,-0.00679105650960014,-0.0422285236613882,-0.03543628474016411,0.02482186197397011,0.01398009899618004,-0.039026217120563936,-0.008956101333803607,-0.03540858695544188,-0.04602058818185227,-0.008477591093548212,-0.010447591179093229,-0.03223090442960057
2.108,-0.003375800937145592,-0.044145042677888754,-0.04074608759068188,0.024039388586358228,0.017505984066824104,-0.04218228490811156,0.0033893579400168326,-0.01384394714421432,-0.029756082093234368,-0.0019231405771213044,-0.011064525317992867,-0.024854934430284702
2.11,-0.0014852309554493522,-0.032084386998336795,-0.030467905421920082,0.01826320550370615,0.012744586565681828,-0.031274715107708254,0.00705290034981876,-0.0014909145868602708,-0.027174772958044914,-0.008376718120827386,-0.017365060649355033,-0.026836320294763474
2.112,0.0005236956689468331,-0.017958966988066503,-0.018155937510584506,0.01132458073089121,0.00798455115260111,-0.018782630305387765,-0.0007373901185734973,-0.01348495273323341,-0.03842233381349428,-0.017345163968321364,-0.023502084969645926,-0.03596080875850966
2.114,0.0038266407799868907,-0.015939362860778496,-0.019343694324528832,0.008578986533435095,0.011383019440558372,-0.018959499407565257,-0.0064322730344956005,-0.029998134845094174,-0.044595391349801124,-0.01807117910151008,-0.022527140011945654,-0.03985595218224158
2.116,0.006715167708791889,-0.023951543643340022,-0.030410933334063608,0.01020569605487769,0.019081197545566073,-0.02862728734724607,-0.0007397365069283506,-0.025580762505998885,-0.03601914874857804,-0.014848749276807313,-0.018135467671299445,-0.03477304768743415
2.118,0.005961919106434616,-0.028489165837861798,-0.03449842317573554,0.011996042771874478,0.020221881080800013,-0.03282298313032431,0.008124474236420529,-0.005974740283216074,-0.026335548484174742,-0.020024795380501885,-0.02172277688992415,-0.03138738101804203
2.12,0.0007383706074499483,-0.024034536627210865,-0.025050017849297317,0.01193113044448607,0.011578664196961491,-0.02591443557617552,0.006840694512431098,-0.0005828396267540403,-0.03283351166661498,-0.034969042083470375,-0.03578641979220452,-0.038999204907136056
2.122,-0.004768379847533658,-0.019045470014134185,-0.014667874089010777,0.012076171172013674,0.0028268594771745496,-0.018376744639147107,-0.003822323225497106,-0.02117998418385429,-0.05106819663875643,-0.04630268948590808,-0.04748308576736714,-0.0515612473515176
2.124,-0.0056822903631201654,-0.022313209946596572,-0.01700746708207913,0.0142980276204315,0.004130713975445444,-0.020902503970519164,-0.01046055645633377,-0.04489595503582261,-0.05963779683983525,-0.04293522876029985,-0.04463043502846322,-0.05593670698214471
2.126,-0.003231625568243951,-0.03023091220297813,-0.027198362075535783,0.017237233418450394,0.011875293372403242,-0.02913116994989305,-0.005511404594342929,-0.0446976950922464,-0.04929464084433223,-0.030560797450495877,-0.032342644963144984,-0.04940954382478684
2.128,-0.0030180696636137394,-0.0318014711991444,-0.028755505128651555,0.01816267069290097,0.013415450945610245,-0.03002768170449529,0.0033786591841468427,-0.02480654114147377,-0.03611580378975774,-0.024423226945892183,-0.026557838568433027,-0.04158927916514528
2.13,-0.006420080554198649,-0.02398269452725558,-0.017446419247200234,0.01650526766314507,0.005259898274257276,-0.02066243299854502,0.003840428392951024,-0.013529169119528315,-0.03938682864099337,-0.02989881563982969,-0.03365194524736954,-0.040510328909257876
2.132,-0.008335551536312899,-0.016182096826595403,-0.007798679827117212,0.01442238275042237,-0.0017465997346472312,-0.012826584272673792,-0.004574648258512534,-0.023717179338189204,-0.054320701833570795,-0.036487562888916567,-0.04351263977059867,-0.04298957989542075
2.134,-0.004696719560321574,-0.017563072068354987,-0.012903678912341556,0.013820569565257401,0.0021123661260747427,-0.016801584089319175,-0.008882599481826329,-0.035718698904074885,-0.05873551377341412,-0.03327877036794288,-0.04454128426200011,-0.04116509358307798
2.136,0.001418133603901618,-0.024730522049235305,-0.026192498816734043,0.013997395496525719,0.011916404337974258,-0.02702754668421921,0.0003689182961048173,-0.02634748720981722,-0.04387053468524054,-0.023616592369469707,-0.03853932651060929,-0.034260369720650184
2.138,0.0033207136747653103,-0.026653561599134745,-0.029975234060494935,0.013160349700348092,0.014938481957648644,-0.02925963266438078,0.015633359796114358,-0.002471717218884448,-0.02603548581394265,-0.019308268823087754,-0.03545726474905565,-0.0294555905657401
2.14,-0.0007148461595255298,-0.020445693085267582,-0.019707528455888055,0.011595253854253158,0.00802344469870167,-0.020269482238489196,0.020611368725842395,0.006685360920910917,-0.025763292634636215,-0.02477808204812489,-0.03896298672433669,-0.03297587941039583
2.142,-0.004936673603745205,-0.015751874167668538,-0.010803541187459189,0.011528529544838895,0.0018758892176217435,-0.01309706938371317,0.010221625925599782,-0.01204960860766647,-0.042612001985315784,-0.03207037592797226,-0.043096549097003736,-0.0425261300787247
2.144,-0.003863530598626393,-0.020666515762208564,-0.01683206226811362,0.013734099663919202,0.005745509431217122,-0.01887746347455822,-0.0031364068942710105,-0.03765435170537447,-0.055957433225536236,-0.03141546928755227,-0.04104945740778821,-0.04915381937852692
2.146,-6.740595701268672e-05,-0.02998391396503734,-0.030057588994279603,0.016449921785840708,0.014074024190030027,-0.030913379351204976,-0.0050599063067329544,-0.041542782513266784,-0.05085471759285397,-0.023497281563325697,-0.03389395613286518,-0.04743228991162772
2.148,-0.0003980285513655919,-0.032684354348860085,-0.03263645385619077,0.01777496011664097,0.014635825684427723,-0.03403659366568294,0.0034131135281631796,-0.02445530752254445,-0.0373045581426879,-0.017747977906872964,-0.0297902273673023,-0.042087214732391846
2.15,-0.005556742833132739,-0.02664752308694783,-0.021639740536389142,0.01716797949972975,0.0062173669684600225,-0.025360303586370345,0.008368685187993285,-0.014171364275789132,-0.036722143907621047,-0.019362538307642705,-0.033807836921505505,-0.041790916732737875
2.152,-0.008250080551703001,-0.020192512570966176,-0.012522602691549081,0.01498588194433758,0.000400863188087519,-0.017367499173806603,0.0026629901415010974,-0.02527222326600274,-0.05134437775935799,-0.023209263551913183,-0.04025973162167482,-0.04694572394563647
2.154,-0.0032364813700856638,-0.02034455323040569,-0.01750637856790494,0.01223571697058178,0.005625417952558343,-0.020222749205294755,-0.0038117343475193317,-0.03774624943884408,-0.060046408810529264,-0.022850140131022798,-0.03980700900233064,-0.04864948548282131
2.156,0.004606819527282032,-0.024384594086574875,-0.02910333644105708,0.01042214183275988,0.015629889801206238,-0.02846280211369282,0.0012744566072448826,-0.02719222893044504,-0.04911055295224966,-0.020998921434454122,-0.033031010748179185,-0.04225821179796817
2.158,0.0061040966481387526,-0.024318638172082668,-0.03033413598914179,0.010113965564638658,0.01733936127453304,-0.02916795056581578,0.013880669651778017,-0.0021840845499523807,-0.03320632631175833,-0.025724924747469482,-0.030221304137218425,-0.035607659747896904
2.16,0.000364372040591454,-0.018043780384618097,-0.018307435419977796,0.010091461361120373,0.008560259818198274,-0.019870737783172106,0.01811116237452821,0.0056379241963089265,-0.03555391189664621,-0.037450201846238866,-0.03726358314631679,-0.03832258327917182
2.162,-0.0037581119281868036,-0.01317712831712293,-0.009411558868707306,0.009511066409043317,0.0017713740914482392,-0.012580025691047771,0.007687179131094379,-0.015674243856633477,-0.05578704563147641,-0.04521703179750116,-0.047515342212679196,-0.047835504473590605
2.164,-0.0006025425766129507,-0.017222967442488916,-0.01669091341367634,0.009868311062071165,0.006551695289193985,-0.01772230331826777,-0.005674717355297492,-0.041888422342106844,-0.07025152476805355,-0.03948588710924601,-0.0499823462121867,-0.05261538572047827
2.166,0.0032384346725421657,-0.026670811730560164,-0.03006785810781768,0.013006568345870844,0.014733103208692458,-0.029054012730072184,-0.007718601922192488,-0.044495911479057654,-0.0639289403921347,-0.026529313727752236,-0.04264387313534663,-0.047363854358689096
2.168,-0.0018145534449467372,-0.03094426336871032,-0.029466001535284243,0.01791707975345577,0.011574966426821421,-0.031439764797620735,0.0002406963602405371,-0.02748432671772373,-0.05009049047420293,-0.02295958439884826,-0.03451146905325647,-0.039407098052658435
2.17,-0.01352844703682578,-0.026868760901321884,-0.013873229176852818,0.021547101644080364,-0.0020476933084691666,-0.02224444123705955,0.004033329374737089,-0.019802987105054418,-0.050629256241917095,-0.033941118694894544,-0.034086302737212505,-0.03837871556608717
2.172,-0.02005010797815677,-0.023592207084150926,-0.004122151859635781,0.022956006855127335,-0.009622423123817482,-0.015791698825575032,-0.0032420036692859993,-0.03417710964947737,-0.06476300984088942,-0.045624012033724674,-0.03837367768274452,-0.04288033773042029
2.174,-0.015657018090791917,-0.029366973174297744,-0.014138882461288563,0.023743709815807368,-0.0016171518533953915,-0.02297909909146805,-0.010754738218303181,-0.048836777914953125,-0.070283223813313,-0.04400236527452823,-0.037642189790030804,-0.042919014133770916
2.176,-0.007691368614206769,-0.0384327744133538,-0.030988849374568993,0.024303026732099865,0.011350363994115193,-0.03495843695758264,-0.004678706703477125,-0.038099691306898116,-0.05494547009581152,-0.033436550051802176,-0.030967987677920215,-0.035052120091444636
2.178,-0.006821335606704805,-0.03830041589138063,-0.0317371115905003,0.023493327660214024,0.012141432903425172,-0.03478625710803036,0.011185906768209049,-0.00991593926601031,-0.03430469844244812,-0.030271188774832525,-0.029809692512933115,-0.02825904829391924
2.18,-0.013405646026270507,-0.027393101565651022,-0.014459001979973407,0.021352139079903968,-0.0005333478033959573,-0.020944026310062674,0.018300959150591278,0.0023214798533282453,-0.032147797044322766,-0.0412348352822157,-0.041863528277873006,-0.03234981219446013
2.182,-0.01712786192848865,-0.017294867640011286,-0.0008735947849625284,0.01888086010321673,-0.010306131547994792,-0.009693466911124327,0.0078067589983622145,-0.0160297362581484,-0.049337858396934615,-0.05420201544227173,-0.05757527686631289,-0.044610272439653535
2.184,-0.01104376288696949,-0.017192417139141998,-0.006945347307110767,0.016475554768085873,-0.004908156520254123,-0.013118556760237625,-0.007186574115947413,-0.04145712706439373,-0.0631559227328863,-0.05338312789172392,-0.06039733614283365,-0.052383502962903825
2.186,-0.0017809935381285212,-0.023420712014497677,-0.02233168976095455,0.014947541387567329,0.007612016677260922,-0.02390123847995129,-0.009128587532196534,-0.04457658770491418,-0.05855470577977516,-0.03948050519027728,-0.04817790683660261,-0.048704379172923876
2.188,-0.0016888728403475887,-0.026922989484345242,-0.02573653071630222,0.01613350549451571,0.010139791306430548,-0.02693223927457143,0.0008669625972245532,-0.02882688456082773,-0.047629925458396526,-0.028031254035364057,-0.0364833422254237,-0.04094705392173316
2.19,-0.011987230639575389,-0.02548796864689167,-0.013907509132297002,0.019998222116997727,-4.346948606994016e-05,-0.020058993373455163,0.0057573422049106955,-0.022743347655192335,-0.05016893429815707,-0.029312891395809938,-0.03930163573426364,-0.040657136889038506
2.192,-0.019912190051399044,-0.024612777156399073,-0.00512795052203861,0.023178049128209,-0.007863358956120321,-0.01574853511209585,-0.003077016283307421,-0.038351107133708366,-0.06424844465616247,-0.03735917056326157,-0.05244895088643926,-0.04764334817235089
2.194,-0.015326425869161333,-0.028220893990662,-0.013308864091218064,0.022578103760725318,-0.0017276737380000394,-0.022747320471936,-0.013732356197078365,-0.05464976450431443,-0.06935254527906966,-0.04038411620617918,-0.06018880095788996,-0.05088274456148054
2.196,-0.004122836813140695,-0.032347133130808635,-0.028544922195786873,0.018939963908862902,0.010601472884453766,-0.033273786948947656,-0.010593358799682524,-0.04755150385627856,-0.05585914032490578,-0.03659163675355385,-0.05506884963949154,-0.044469629947096065
2.198,0.00020538712056719633,-0.02988580262155638,-0.030370442467319993,0.015303742718757705,0.013048807937453612,-0.03286935339250828,0.0034199336361576196,-0.023535137243134722,-0.03911719736460147,-0.03526932833025349,-0.04547565024252815,-0.03522660608093163
2.2,-0.005439572449355125,-0.02061723653954653,-0.015499092292512652,0.01320830411422531,0.0030683103110259995,-0.019928292597643067,0.010432868829757249,-0.01226467707582076,-0.04005832351572273,-0.042555736424636434,-0.042898963908541816,-0.03316540555042579
2.202,-0.011377487396090909,-0.013529125770227513,-0.002498419498079391,0.012504051377965373,-0.0056164926372194906,-0.008946534966089588,0.0022640747175945303,-0.0278483153223478,-0.05772303195114429,-0.05139632684400065,-0.047231383576473406,-0.038802677246879164
2.204,-0.009168205262636604,-0.016198723992803893,-0.0073774407836692535,0.012843569067906452,-0.001497366485224332,-0.012157622040113352,-0.009204992115551163,-0.05008517397155198,-0.0701786941220666,-0.05142032217423266,-0.04953339078677142,-0.043213718318904915
2.206,-0.0012215703169079861,-0.02369963279872756,-0.022798331640485683,0.012869101587464545,0.010430426847448233,-0.023373786240115872,-0.009169538142946817,-0.05139106368955556,-0.06365761707354145,-0.04518355996735592,-0.04647680052635058,-0.04025450677325906
2.208,0.003058451945364219,-0.024341390933002947,-0.02758865579196294,0.011386527030194656,0.01507579504489428,-0.026185729330758006,0.000999178111979245,-0.033198923136207314,-0.050536999633314525,-0.04502827489028017,-0.04526945886330564,-0.03468786187314524
2.21,-0.0018652399164518264,-0.016268512041929667,-0.01442040608964108,0.010415798709380844,0.005874271659474064,-0.016049025269101888,0.006881871057590041,-0.022598949958372354,-0.051426041311464825,-0.05466484295467334,-0.05302986094449278,-0.035113655722043315
2.212,-0.010979164823570834,-0.010539644794798714,0.00040773585209415413,0.01292963438767546,-0.0067569348890822245,-0.006166232128484511,0.0006811303356937883,-0.03369560662046152,-0.0664644195753803,-0.06386338341951588,-0.06605871773560146,-0.04146837495441529
2.214,-0.015137177268968245,-0.01608411456603233,-0.0012222196745873585,0.01810570651340616,-0.008717436568823993,-0.009510660320419438,-0.00845882658749729,-0.04805078351796939,-0.07610258836284986,-0.06285957219544275,-0.07365152169428195,-0.04543341441364571
2.216,-0.012647159529759814,-0.027640448098548053,-0.015442212457416648,0.02186415007904131,-0.00020112936297596854,-0.021728367446711985,-0.00732139804232336,-0.04182712763655251,-0.06868976881616762,-0.05467391768672192,-0.07130149079897513,-0.043024130717849725
2.218,-0.009837971369087348,-0.032099576050914874,-0.022558057308297626,0.021479474693024043,0.005636298050203238,-0.027082152122866677,0.002836722725208898,-0.020064734876310435,-0.055478904971734605,-0.05022045340108506,-0.06542011393778611,-0.040011591083343075
2.22,-0.011130986963484123,-0.025140864024748036,-0.014011691218272209,0.01827212971827116,0.0011144454271593456,-0.01942285876004112,0.007975084176702814,-0.010411653435274391,-0.05448538891428342,-0.053708783418627365,-0.06361785985029744,-0.04263319727924886
2.222,-0.013160964745468075,-0.016519065050512812,-0.0033240869948126467,0.015491965067754352,-0.005769526691715638,-0.010219352657481647,0.0012402627503146166,-0.025370497113648693,-0.06605034149563065,-0.056780370671413456,-0.06486740289495443,-0.04772764145664383
2.224,-0.010617179827020274,-0.01644200336223833,-0.006076671812935504,0.014512300095204088,-0.003681089196416745,-0.012034509837095185,-0.007252939528671722,-0.04461065638442109,-0.07226704348466698,-0.04955439678724264,-0.06285663781450203,-0.046402938324281315
2.226,-0.0048333667258979645,-0.022037427103241847,-0.017677535446937852,0.014113106530394152,0.005303674269677084,-0.020795182437547275,-0.004903026276562652,-0.04242068050520933,-0.0616151527030828,-0.034589977473118205,-0.0559694903081974,-0.036389024682870086
2.228,-0.0020012140591091463,-0.02290257814031637,-0.021244262628300124,0.012854909222749114,0.00937332506454879,-0.022909305012629548,0.005147732001737333,-0.02352590539255535,-0.046314037403274014,-0.025020142476960126,-0.049016009362759905,-0.026822281935427468
2.23,-0.003868677069598113,-0.01715970759716106,-0.013400546182347792,0.011240169247736053,0.004838269927772022,-0.016321843330899158,0.007874318290236751,-0.016981290771260867,-0.04690633514228047,-0.028276550417900843,-0.04598291085046537,-0.02840303489995098
2.232,-0.005440871910600494,-0.014048246180831494,-0.008755298162253684,0.011017173859457927,0.000884542028429478,-0.013155174056616169,-0.0020581683646655946,-0.03456370246727996,-0.06300213220384282,-0.03673859591762317,-0.04569719755715272,-0.03967168576295109
2.234,-0.0028265779714755123,-0.019818794287794275,-0.017355338032635788,0.012794777787734133,0.005183618158756682,-0.020833112071149407,-0.012070875715803231,-0.05289155725512833,-0.07274977444827532,-0.03902206946303807,-0.04532890748441678,-0.04786626589513423
2.236,0.000638333536624125,-0.028718108413035664,-0.02979910272957447,0.01548164319482467,0.01248297257702092,-0.031126389666857924,-0.00966852712589671,-0.04609107537365088,-0.06328959221172274,-0.03584286709948023,-0.045184661145548116,-0.04529942395252038
2.238,-0.001691674618299166,-0.03104991802617481,-0.02973095766065792,0.017881270066517515,0.01143943540599979,-0.031415350614556574,-4.216293998197631e-05,-0.022048320421175778,-0.04837176740093433,-0.03723527331685283,-0.04862120058029749,-0.03886020288620602
2.24,-0.011046661756860178,-0.026423717267499425,-0.015657695772757194,0.02029703708491884,-2.3059411524204034e-05,-0.021629269387701967,0.0019564219567799555,-0.01253499178379808,-0.04971777266891344,-0.046288870843541434,-0.05696144445648156,-0.03957911574370704
2.242,-0.02025586502059918,-0.024879416148977856,-0.004779128672799394,0.023920901941977515,-0.010087642072630446,-0.015560977272354832,-0.0069202519883330635,-0.03189359484936628,-0.06838615831654905,-0.05367346124759124,-0.06488616439806448,-0.04774442602336813
2.244,-0.021256121919415123,-0.03310513340422644,-0.01187176662529146,0.028091105891327094,-0.006826720475923741,-0.023343537276460432,-0.013834814630335472,-0.05831236066571172,-0.08339066334347771,-0.05085598013532631,-0.06459568909010582,-0.05330869830520104
2.246,-0.015163569405732723,-0.04333465407864675,-0.028223675676232983,0.02960920978811845,0.005357986100976,-0.03631787859993845,-0.007776620836126446,-0.061625293679622196,-0.0792802599143852,-0.04307676837384271,-0.05611777477371558,-0.04928113146891371
2.248,-0.010379634056640549,-0.04170535244227062,-0.03160788318402783,0.02587687199343349,0.010684597410166346,-0.03673709340822804,0.005112843242044316,-0.04183316501928301,-0.0660869721460486,-0.04289194274057947,-0.04802653042603057,-0.04059252101510092
2.25,-0.010650372639542343,-0.026743987218399462,-0.016534477165306517,0.018336416417058226,0.0035741091837352195,-0.02161410671768217,0.009373594339139878,-0.027579667689627062,-0.0641181496826446,-0.05275635916116221,-0.04600686971762613,-0.03764265285082596
2.252,-0.011569136844818579,-0.012747943345922358,-0.001467653317500153,0.012291762570992619,-0.004716663323597553,-0.007509936188115885,0.0006280724640291696,-0.03621975225994026,-0.0749864535960318,-0.06114381994704049,-0.047404235819385104,-0.042431195356942834
2.254,-0.009493279892395111,-0.012314141919495616,-0.002779562655715868,0.012203038379807194,-0.003465854998481954,-0.00883695000493527,-0.009006826981155782,-0.0509401547716949,-0.08072786431615617,-0.058040308760370724,-0.04932888828537358,-0.0465174970812068
2.256,-0.007691356587051987,-0.021480677544534258,-0.013497192250390037,0.017100546712257397,0.002748191646310635,-0.01978196884223477,-0.007288594329571847,-0.04647699636487668,-0.07071240156954242,-0.04886897364259791,-0.054605144882744996,-0.044015836679434574
2.258,-0.010841192784269829,-0.02660207135805354,-0.015381567615003752,0.021680063524120854,0.002228634093427823,-0.02386520140088741,0.002603069883417559,-0.02583975172021696,-0.05645039705591332,-0.047344019667152425,-0.0652944954367691,-0.03965158454747402
2.26,-0.016773068719246966,-0.02240544634085856,-0.005412263880630897,0.021975677553339238,-0.0059718900020759216,-0.016704652627524456,0.0069866638702753715,-0.017270262852396957,-0.05588158176349247,-0.056592039945144945,-0.07586154075902146,-0.040885111866647256
2.262,-0.018546863257178227,-0.017461016528592777,0.0008189638379384996,0.019312063172948875,-0.010609806068566497,-0.010560374564848386,1.8393561992866724e-05,-0.035665133824661424,-0.06980508945238426,-0.06485337489009721,-0.07770400415694127,-0.04728747557353435
2.264,-0.014024954137544857,-0.020943718890272512,-0.007720340930512974,0.017908769414529326,-0.004560670868835472,-0.01584840910339007,-0.008252586548516244,-0.0604625484377344,-0.08007511447227031,-0.061201441781097175,-0.06818644956824237,-0.05103257922307418
2.266,-0.008798026314467047,-0.029647979080173397,-0.021772487574060938,0.01926299828432157,0.005179408090144278,-0.02668774323311597,-0.005492419072522737,-0.06214158566588517,-0.07279788306080787,-0.04922598463799605,-0.05338620204706484,-0.04678858318711703
2.268,-0.008551638256950147,-0.032525299848358905,-0.02459832581904041,0.020514773412991343,0.0072315811439480964,-0.029348050479439204,0.0053950578642168465,-0.042713288560696755,-0.058055865527940786,-0.041725160506269995,-0.04386800966201021,-0.03949184520214558
2.27,-0.01163136685599591,-0.02587954593168595,-0.014615787382813347,0.01873860470510032,0.0009928211302957885,-0.021075087083107607,0.010075940441808377,-0.03213863671517821,-0.05730903063360023,-0.04453944199763782,-0.0471143085957197,-0.038720099122978933
2.272,-0.012421757184300174,-0.01879115713097196,-0.006832404389030767,0.015672722447572413,-0.0037853405587067934,-0.013863592462247222,0.003469669190537801,-0.04437720408558849,-0.07244261358717455,-0.050050522885597616,-0.06066908299451697,-0.04472717049069556
2.274,-0.009758691407251077,-0.020239161246327894,-0.011187235904417626,0.015444783323386797,-0.001323133912269221,-0.01704453107324059,-0.002936028757738226,-0.057477770656276225,-0.0816649143289511,-0.048280004756828136,-0.07289270141251554,-0.04733730361505635
2.276,-0.007852467919681378,-0.02580143446886789,-0.018606537523291927,0.01807589159397437,0.0026788537052003284,-0.023392952312290324,0.0022249370953574574,-0.04653421211919544,-0.07087594866589948,-0.040738855247331104,-0.07410163430344921,-0.041123671972498686
2.278,-0.010502451328519234,-0.02481098906931775,-0.014544869046885288,0.01969799253876264,-0.0003057812987233259,-0.020194305729429228,0.013560110590627481,-0.020955662018684713,-0.055163242485461686,-0.03873906434232844,-0.06692914166027732,-0.03423533175123918
2.28,-0.016301212418263534,-0.01703613193193859,-0.000597021815506846,0.018813152736739887,-0.009022715428961459,-0.008936270803878267,0.015382403745217405,-0.013633721165759092,-0.05853250880421515,-0.04844218106314617,-0.06226611854701514,-0.0379997255847854
2.282,-0.019551141265800973,-0.01301601516369045,0.006588808460235384,0.017961337506742912,-0.01315738458912492,-0.003963649686163361,0.0027374535331397085,-0.037015392106613816,-0.08038032102569845,-0.062144377227136505,-0.06644043688206187,-0.05127881949614492
2.284,-0.016776231243860813,-0.018318386681968984,-0.0019788174508606404,0.018863871471926714,-0.007350825724573051,-0.012114936917888945,-0.011514693989626847,-0.06568673424812092,-0.09583344121055065,-0.0673168931762835,-0.07627586344209339,-0.060401340015431945
2.286,-0.011155966048053688,-0.025285009216927248,-0.01497822559654824,0.019322266824701003,0.0009418567798313421,-0.022821823097493216,-0.013170864108824521,-0.06914962676841638,-0.08893659971773954,-0.06183693584777856,-0.08486028116970706,-0.056282698486701255
2.288,-0.008741991856260976,-0.023433465188725293,-0.01542929613937409,0.016707965718462704,0.0010408968817286171,-0.021985263695620046,-0.004347871223414235,-0.05066734851954185,-0.0731385535170981,-0.05559291734664782,-0.08842360288441696,-0.04668051254759383
2.29,-0.0110171593398452,-0.013568660202094197,-0.0027782194582327544,0.012341936136777743,-0.006855551593689734,-0.010118893027211794,0.0008909995664660675,-0.04033180237262951,-0.07170793535772263,-0.05670003585558412,-0.08740662103629121,-0.045295529404610346
2.292,-0.013234944871156786,-0.0070504428528439305,0.006269059464728878,0.010236240064675562,-0.011781897307627121,-0.0016260531027131016,-0.003602117590615066,-0.05252851351511423,-0.08516688029966858,-0.0614653992985796,-0.08270362771163617,-0.052471635126116224
2.294,-0.010671412797144295,-0.011261880677436184,-0.0007013403964180614,0.01191094642266179,-0.006253839090009391,-0.006727106388648356,-0.0084043343680779,-0.06677249871644893,-0.0916089747444092,-0.0613411763708926,-0.07366955651699064,-0.055986756585441985
2.296,-0.004985515614169758,-0.019548616789808883,-0.014989228860194865,0.014110944204019253,0.0035452214531836806,-0.01806634986653541,-0.002887184427687225,-0.05766183913730227,-0.07869135450755657,-0.05597074721442716,-0.061613107383246164,-0.04919610175450821
2.298,-0.0027853957214689622,-0.01986617964480225,-0.017452821506286353,0.013302811860946997,0.005037406773086774,-0.019886601383328494,0.009284923902343702,-0.03155893781368202,-0.061492009469734134,-0.053786147392873365,-0.05302812914216763,-0.039947614448026254
2.3,-0.007137382693081312,-0.011782708639482635,-0.004695588749342894,0.010976610309442865,-0.004060660032964416,-0.009688956025770249,0.0141698565560276,-0.02027828281107292,-0.06259918242743111,-0.059282122908498075,-0.054757349035661214,-0.04007695209801346
2.302,-0.012997636283308633,-0.0073753386222310474,0.005652083482996946,0.011537718943488996,-0.01202064401230294,-0.001981500327990671,0.005904682450876846,-0.039753565118224046,-0.08168562070695676,-0.06558538740002348,-0.06552473375259896,-0.049897522069666536
2.304,-0.014286873492056098,-0.014146682170239908,-0.00020822385355219453,0.016012000980371345,-0.009150530945418423,-0.007591942609399791,-0.004957519604498897,-0.06838860929347657,-0.09539612420961494,-0.06400150271586101,-0.07664995923831537,-0.05776625733420163
2.306,-0.012567781929759391,-0.02467846091028731,-0.012882702873916548,0.020823290336204656,-0.001351487668600858,-0.01858596583026988,-0.005237807941747034,-0.07460822148655562,-0.0882121595405656,-0.056589750940869404,-0.08177205630374053,-0.05531187492737416
2.308,-0.014335826369620054,-0.027090340032367106,-0.013382395707463248,0.022769954724928602,-0.0018220426233778063,-0.01993725264421584,0.0032201033494190985,-0.05747336411158586,-0.07284251565149463,-0.05374789811003992,-0.08194008435090488,-0.04778732025653384
2.31,-0.021070317791957456,-0.020887187746640754,0.000243626103968903,0.02254219782261817,-0.01248713441327922,-0.010619597033440554,0.006080926037879688,-0.046156472328111084,-0.07273106479881387,-0.06033752379447557,-0.08058936683747138,-0.046490396566980736
2.312,-0.026229964378421657,-0.01635109775425692,0.010356546456758165,0.022316391157825757,-0.020810552381268183,-0.004493553257223971,-0.003267281107902623,-0.05808644894989339,-0.08975705503159007,-0.06862694502416902,-0.07721589576768256,-0.0532412742759402
2.314,-0.02397682096665183,-0.019668617962770328,0.004361812783042915,0.02249560185879005,-0.01678992902131415,-0.010339054811583037,-0.013184715969046306,-0.07400491191542985,-0.10132749776930006,-0.06778186844661929,-0.0693213160060858,-0.05762311693167162
2.316,-0.017779715963288742,-0.0250282012760783,-0.00788352999193759,0.02218115027561256,-0.006903878268479745,-0.01953527943111793,-0.009193320647469978,-0.06663512762922189,-0.09169857432661788,-0.058100701307065024,-0.05995707131392924,-0.051834624183765485
2.318,-0.015922346302592337,-0.022949066974343145,-0.007643594568438911,0.02077920686988694,-0.005351760288211884,-0.017858347782057124,0.004951017963116849,-0.041625360759510455,-0.07391594077753201,-0.051054828430759286,-0.058254339688012954,-0.04253498013921337
2.32,-0.019877971481928765,-0.013338312607768008,0.006606326936669101,0.018611101018257557,-0.014272657269086417,-0.005038667631983389,0.011033834501423792,-0.031488972819292,-0.07190198897944694,-0.05460442906608041,-0.06884156928901636,-0.04226241797314307
2.322,-0.02240165763281907,-0.00686405864208105,0.016045856637229322,0.01690631134786065,-0.020417744760515295,0.0037179652486965184,0.0011848803736193205,-0.05115960099531794,-0.08768606608376117,-0.06316565594678117,-0.08363820037627231,-0.05213255724669112
2.324,-0.01777885046841303,-0.0114882554482423,0.006581273643918974,0.016635815064689096,-0.013192946307910083,-0.0029658033814712013,-0.011618199490293614,-0.07760662462728235,-0.09920098177065745,-0.06561134582978988,-0.08905715635208042,-0.06042981576394031
2.326,-0.00990808834906752,-0.021231515648046904,-0.011444801802860961,0.01723444009605361,0.00048315395430372437,-0.01725559245404564,-0.012064075975823927,-0.08105238721780345,-0.0913074784636212,-0.05971096944668161,-0.08141870205630916,-0.05854018742715457
2.328,-0.007717635669225673,-0.02386288184328628,-0.016365907289143257,0.01741293474133896,0.004658139737844954,-0.02186242994043143,-0.0026020512415229837,-0.0637145651472445,-0.0764413774119621,-0.05369099523544087,-0.07105150925195905,-0.051327732163041165
2.33,-0.013966615717246193,-0.017939131437722206,-0.004037121190366545,0.01739551621070595,-0.004902358856481761,-0.01313251360310915,0.0016169749763606837,-0.053935117587076226,-0.07669357763585877,-0.054679491016941896,-0.06906260057593777,-0.04928567955334559
2.332,-0.02162332611819125,-0.01456009074276901,0.0070312885299020494,0.01898245004303699,-0.015293244358465399,-0.005689014297340874,-0.005701101271142204,-0.06541305103808713,-0.09253296354722546,-0.0597191254345683,-0.0738340052303234,-0.05407256257052549
2.334,-0.022707656490771208,-0.020978120063706755,0.0014950304505961228,0.022536995268561056,-0.013831137326564187,-0.011335433681440769,-0.01282316035688249,-0.07829971804504351,-0.10195118099964721,-0.06010519164335477,-0.07474425702471742,-0.05632022015499419
2.336,-0.018779075294859483,-0.029876363257578593,-0.011408737622607633,0.025702733406351604,-0.0051781762920471075,-0.02206929062517161,-0.006085474649795019,-0.06798088839408113,-0.09149953967588571,-0.053666374200714385,-0.06699234943380258,-0.04936708878921964
2.338,-0.01806562400930093,-0.028792675619402804,-0.0107035057291751,0.02573615685571742,-0.004293730088174918,-0.021234534638119494,0.009674542403019406,-0.04146334188162629,-0.07554016121078565,-0.04937366793300865,-0.05800218005829129,-0.04032581612323228
2.34,-0.022055281663337478,-0.016582386310289954,0.005909078060661854,0.021798589895811113,-0.014076076277447001,-0.007143277693752689,0.01543478928816729,-0.031170647672443808,-0.07696416249895319,-0.05641160888573369,-0.05857626524728504,-0.041485580982353554
2.342,-0.022935094047918308,-0.005221463624274489,0.018135558349931222,0.015660550731354285,-0.020964138758452697,0.004467254310023992,0.003370759733833162,-0.05213799134932548,-0.09569426299672759,-0.07045003359259865,-0.0700323021460307,-0.052829060909437495
2.344,-0.016864828673399366,-0.004385222098096971,0.012555523498116236,0.010932315510001055,-0.01571287946130679,0.0026275525206078325,-0.011323303639159005,-0.07970411861062178,-0.1078646573059511,-0.07756519201178982,-0.08188946103424907,-0.06051083437286749
2.346,-0.011383932844143088,-0.010786434799031934,0.0005554409824590387,0.010893266104252732,-0.0070625848874441245,-0.005480903199085592,-0.009730118121743316,-0.08119889298434262,-0.09785513715694355,-0.07301922877238654,-0.08341839697499309,-0.05456843435196297
2.348,-0.01520595220646951,-0.01593889543343686,-0.00040442836056989856,0.01615875277569456,-0.008442133888464355,-0.007762724748891762,0.005852373168550008,-0.05981448846119396,-0.07985757001613554,-0.06730098717975053,-0.07632246923734129,-0.04253206444981088
2.35,-0.025772671726384807,-0.017668497848869077,0.008873018723967913,0.023596831618600603,-0.01883208666021819,-0.004067080164912179,0.014944696775631056,-0.04900216096729268,-0.07828153314741099,-0.06966509770034794,-0.07192366628071833,-0.039715082925343786
2.352,-0.031906964730224086,-0.019974389852228557,0.012569673485795173,0.028323617634643396,-0.024387143753659912,-0.003940898421048045,0.00634407458172195,-0.0651942520917806,-0.09418277282130014,-0.0749985151759377,-0.0762051016857142,-0.048052355758007786
2.354,-0.02744057156608718,-0.025342095149971867,0.0020221824205923222,0.028139763534279653,-0.016877717640917805,-0.012265176691541594,-0.006777057071790316,-0.08542549543479935,-0.10524299563104599,-0.07288306639234209,-0.08379437977383701,-0.05335220033276556
2.356,-0.0184677993413835,-0.03022042650591651,-0.01236370101842983,0.025336254346070553,-0.004738653135203314,-0.021852167988252312,-0.005318907762534379,-0.07997534371780005,-0.09761241955877256,-0.06359222474651963,-0.08763541475457011,-0.0455916281414722
2.358,-0.015653523387717028,-0.028450291769097042,-0.013138256684457967,0.023131491178466797,-0.0028966092508490747,-0.021385689807555935,0.0087965478553282,-0.05400232615385141,-0.08412248325816683,-0.05856033640478531,-0.08817675744549468,-0.033220576322147574
2.36,-0.021107270286720645,-0.019930998097323138,0.0016504045792942474,0.02218929297060308,-0.01334084024921455,-0.01039038829049535,0.015738125784226006,-0.04092917399054995,-0.08526889685589689,-0.06457947997965921,-0.08935081316442507,-0.031213565556246107
2.362,-0.026891001354978607,-0.0136970357468096,0.01419011587794619,0.022288854309156152,-0.022291205397774183,-0.0020858687677620816,0.006807466693285084,-0.056453322325018825,-0.10038579258757861,-0.07323517263769075,-0.08990114671298717,-0.04031301205467407
2.364,-0.02643648849165119,-0.01744971795993887,0.009683038583619944,0.02396894613737844,-0.018837581377686447,-0.006903310501027587,-0.0034329558257646543,-0.07758348714308526,-0.10860893586801162,-0.07187349480401313,-0.08488947386388049,-0.04671801669323405
2.366,-0.022565336431421387,-0.026284711251903976,-0.003745282897067067,0.0264958340555757,-0.009263855589897584,-0.017843102133426887,0.0016126217856278185,-0.07542188230022567,-0.09744002889175439,-0.06124073384124811,-0.07480598133773074,-0.04138897698345872
2.368,-0.02223825896367486,-0.028647394156045558,-0.006652769072160471,0.027577553467416745,-0.007598338151951446,-0.019635752534016095,0.017759212781102568,-0.0543880673519421,-0.08003891664807987,-0.054489074717315074,-0.06742592748469223,-0.0320739511871628
2.37,-0.026113522205950458,-0.021741726627831262,0.004649674075346712,0.026020198865122357,-0.01614052661208519,-0.009569520605051576,0.025979420644469047,-0.04436246040924935,-0.07815361026500382,-0.059425399336060156,-0.06853822125774184,-0.032158537548464046
2.372,-0.028036761009095124,-0.014684994847227162,0.014071855183575134,0.02323561908192941,-0.023184578662039948,-0.0008007658276453542,0.01780953924991597,-0.058364908680584845,-0.09259286828357309,-0.06878231847977302,-0.07362038264250025,-0.04149704233368705
2.374,-0.02487704572857382,-0.016228922154722467,0.009047505831792582,0.022076727155805796,-0.019972423324147295,-0.004280769795606067,0.006307194842070201,-0.0749352334292024,-0.10206072509752798,-0.0709629577825302,-0.07277410807045682,-0.04691386376005073
2.376,-0.02083225296129543,-0.02310758167914379,-0.0025366723526445744,0.023391914651033956,-0.011986885425037546,-0.014039109023472374,0.007921941755376725,-0.06889225516067281,-0.09309876625631415,-0.06563780233592909,-0.06439781897005603,-0.0414225962295245
2.378,-0.02091261415516088,-0.02381684948799592,-0.003284165434538277,0.024289604028914457,-0.010776971645531734,-0.014945027144827422,0.019787982045384477,-0.04705506884015323,-0.0787754705171552,-0.06301266667872842,-0.05850595183452575,-0.03346252680309108
2.38,-0.024527175474552104,-0.014271452583290819,0.010432659685368965,0.02196047409445109,-0.018856238520866413,-0.003055503512076686,0.024050790159841483,-0.03944679562562145,-0.07963398054539075,-0.0679052048116792,-0.06272085459463583,-0.03432627004609244
2.382,-0.026513455882801944,-0.0040588584798109725,0.023168829095958986,0.017751431874865494,-0.026443350198428344,0.008692489082647229,0.01418369318130874,-0.057249093624133864,-0.0939156996105774,-0.07058689076837543,-0.07055794159944526,-0.04208779809753097
2.384,-0.023179741566272893,-0.0028406118730729796,0.02097672855771086,0.01465581594116965,-0.024109599172484533,0.008353885869534628,0.00579220401706633,-0.0762883306926807,-0.09945176280261765,-0.05970792116183341,-0.07014395419854236,-0.043528440802716846
2.386,-0.017086726811422617,-0.006031609163834013,0.011095457377193897,0.012525786720673211,-0.01592001177759663,0.002041449263187017,0.015508901904248515,-0.06995709361819046,-0.08465978453589396,-0.0415662240195673,-0.06100202838501392,-0.032051989585610896
2.388,-0.01493750597150834,-0.0015618595048691702,0.012827072563263448,0.009232363085514077,-0.014995057328897436,0.005391815415994619,0.03765907329764295,-0.04528354112492329,-0.06501823885306086,-0.0352086066391888,-0.05436387067021603,-0.017656403277545356
2.39,-0.019172217867194478,0.01175525930721673,0.030165571406889125,0.0051132827136955335,-0.025363383288523528,0.020689838512434902,0.05143470750333501,-0.033087193142308506,-0.06251784710449707,-0.04657526856659232,-0.056927051365696306,-0.014461630480703907
2.392,-0.02369608463335362,0.02212298253529205,0.045094590818911824,0.0024193312231932766,-0.03543821754447552,0.03297418033778919,0.048320214602452546,-0.04659395170438625,-0.07676420373949357,-0.060500538630509325,-0.06267301135759158,-0.022405797501432703
2.394,-0.021732797821593056,0.021772211684478092,0.04277540773683916,0.001499076254432372,-0.03410540545347118,0.03125115551850828,0.041830049730159365,-0.0644159300111798,-0.08649890676059635,-0.06226080640170203,-0.06369302205624805,-0.028635984616659445
2.396,-0.015970533998036218,0.01703930882716361,0.03232475484133629,0.0009792300272111944,-0.02644873964119895,0.02349606179168834,0.048041451783209586,-0.05993702144855674,-0.07784864141431261,-0.05484543838078702,-0.06116641204023429,-0.025146862361496415
2.398,-0.015563850135017281,0.017947753124582674,0.03321406456229215,0.0007431735540398871,-0.026222811957287092,0.024236062115412838,0.06435946728901609,-0.03728996893963389,-0.062115133184188466,-0.05079106611050249,-0.06175973172010735,-0.01791667502981983
2.4,-0.02287387234873758,0.023740034832047858,0.04684379353966318,0.0019016441232758566,-0.035799897641337876,0.033444860700864235,0.07326049816491206,-0.026251251124670028,-0.060367033997452704,-0.05459415225214796,-0.06774840269119417,-0.017894355207785845
2.402,-0.028954375668577868,0.024695848204825486,0.053952811896405856,0.004241088608295628,-0.04212364788662283,0.03682788494664495,0.06591294476655059,-0.04146096785366861,-0.0734764992738864,-0.05721394755020193,-0.07329710478859362,-0.025836428765732434
2.404,-0.025523713495666088,0.017096370975353156,0.04244988392964725,0.005593643555562922,-0.03523530222300017,0.027012476234713086,0.05398822587048037,-0.061164772182015895,-0.07946843366699771,-0.04832676110881108,-0.07101860941612839,-0.030031920921516332
2.406,-0.01595493471350934,0.010322394387493725,0.025709732010712357,0.0034705804344976796,-0.022747460337907945,0.015460253391655805,0.052558824512418334,-0.05712449783319698,-0.06498163778975315,-0.031922309740370136,-0.061947321663232,-0.02242637672688266
2.408,-0.008986216764244203,0.01563285103833319,0.024203852129706174,-0.0030055247377387866,-0.018549077004117835,0.01765772457788887,0.05900913065126513,-0.03428730424218283,-0.04589539978640881,-0.02377237379279063,-0.0557255177984417,-0.011751916935861546
2.41,-0.0063599521213409255,0.03073788416054439,0.03712272261177689,-0.011541117966687027,-0.023229363668689076,0.03196683309078345,0.05780113845441998,-0.024172142352254372,-0.04653286139221629,-0.03209431686850831,-0.05899591722003312,-0.012164921360425678
2.412,-0.0030333755350724105,0.04164990127597821,0.04491518893690973,-0.017770211914012114,-0.025309009551332817,0.041908276457602193,0.04255113304625867,-0.04144377322882724,-0.06647775376795861,-0.04677179483559783,-0.06620737715712464,-0.02195545749298607
2.414,0.00286448657032924,0.04016957911377828,0.03741012379668868,-0.01927243231802769,-0.019044259199643185,0.038124145470408544,0.024307041302244866,-0.06402173087821261,-0.08123904826889591,-0.05168232567657435,-0.06563548805205811,-0.025116535008297143
2.416,0.00589369585556259,0.03292452452707316,0.026957849976170144,-0.017397893972890408,-0.012432001192046438,0.02942930528580269,0.01596707763904859,-0.0639307904730929,-0.0754497928387838,-0.04451811571558527,-0.054504974468366225,-0.014560086479946376
2.418,0.0006962750978958073,0.031030689550604576,0.030242379610414358,-0.014960484739373399,-0.015917533730432448,0.029564723453666553,0.014587926704029202,-0.04619069210203942,-0.06276827616047101,-0.03842774649606765,-0.04315635454666153,-0.0021516368604440955
2.42,-0.008727347653836887,0.03559270247006688,0.0443374553237338,-0.013490860450290016,-0.02692210312962113,0.03819493456368774,0.005123688712107205,-0.04228999904141887,-0.06622709443645501,-0.043053901459991946,-0.041301394722051014,-0.0023617150323667607
2.422,-0.011411698524608035,0.037665200793106715,0.049278055564248066,-0.012937211982499221,-0.031000174702198707,0.04154598600282432,-0.018375518959282657,-0.06644829591664013,-0.0860328593373369,-0.05105296630487312,-0.045185215233808286,-0.01362393901549053
2.424,-0.002879607926703883,0.031920950160788504,0.035284644030281344,-0.013106472921981987,-0.020783963838186217,0.03235153278072754,-0.0419972030186425,-0.094723190379663,-0.09833118008787876,-0.04908869207281114,-0.04338652237955845,-0.020711926166328692
2.426,0.007854888503883044,0.024817801502479846,0.017698925196696427,-0.01415264771138458,-0.007464444380170001,0.020946277202907156,-0.04815677526601401,-0.09651486303900098,-0.08763313822783182,-0.037249416875933875,-0.03252523950561203,-0.013901294875348972
2.428,0.008977815324692275,0.025659751562394414,0.017339561742006945,-0.015598833678114788,-0.00678717823257263,0.0214126199984323,-0.03825529952206699,-0.07515646203448516,-0.06916858245425704,-0.029236531697424076,-0.02230176716745178,-0.0008341176613045343
2.43,0.0005961137288822661,0.033004916773969696,0.032636515310970615,-0.015895972017912225,-0.018127454586668548,0.03226689942351614,-0.030218342232234383,-0.06187777482675276,-0.06894043524453293,-0.03390764816644674,-0.023632570222705616,0.004227023341328339
2.432,-0.005916596324800508,0.035694437889706464,0.041449732333396744,-0.01406254642070907,-0.02522850650508602,0.03784471008036448,-0.03406667212468679,-0.07237335389963488,-0.08811161092831425,-0.045009681001255665,-0.034699008097580725,-0.0009870474708715514
2.434,-0.00165331081730637,0.027941446812362332,0.029413717489890703,-0.011862520513023373,-0.01677869914386045,0.028388458707140532,-0.04012477827352676,-0.08687745162773357,-0.10231701513532623,-0.051682238404668034,-0.043738225775789084,-0.006073847044136878
2.436,0.00959669594562603,0.017604840044588847,0.008119706545751802,-0.012213967838944002,-0.0006883782349399409,0.012803690557536038,-0.03556256682693027,-0.07983081194048454,-0.09569251466117647,-0.052069602462214294,-0.044471102123819474,-0.0040026852831056055
2.438,0.01583556063223131,0.01588237459262232,0.00047221504435888376,-0.015074634644439722,0.005571399001732504,0.00741280564717019,-0.024474494460796876,-0.05668163663550806,-0.08082236914504108,-0.05261683561113216,-0.04215805871275943,1.3444509279393927e-05
2.44,0.011658307130536009,0.02237813627670454,0.01120028849479809,-0.017127624325984487,-0.0025489414080140218,0.014794379623187569,-0.022776161809788125,-0.04853233434721385,-0.08003517447138828,-0.0573565039018968,-0.04429456102406956,-0.0029950943691671515
2.442,0.004607685713711232,0.02548965818318108,0.02111221390868499,-0.015627343880234366,-0.010900401938684318,0.020764810454018585,-0.0350149714931891,-0.07094047106184331,-0.09598323466141889,-0.06190424230760765,-0.05112677774359714,-0.012622472446032996
2.444,0.004472171360152104,0.017667516969661276,0.013126168556674908,-0.011435996535007256,-0.005888979724340125,0.013627027022744927,-0.046028761260650544,-0.10098873040221418,-0.1096993632702069,-0.05981908154674451,-0.056967110813050226,-0.018463073434385423
2.446,0.010669629299131213,0.005017117541900226,-0.005805298137872315,-0.0077105717215598425,0.007808217235473526,-0.00101271183966644,-0.04006812758082542,-0.10585955376026608,-0.10682932952353533,-0.052872599174435014,-0.058256002970742106,-0.01410223808361976
2.448,0.014499292627054737,-0.0008832250658342324,-0.015425356849185603,-0.0062489361515569546,0.014719085204890755,-0.008684591645441038,-0.02200884800183321,-0.08628925521394822,-0.0968353234238363,-0.050084846124498206,-0.05755281029312453,-0.0072599991903252075
2.45,0.012482940624288365,0.003205327107060436,-0.009217942975310882,-0.006897600370489551,0.01008505961793378,-0.004447686727344247,-0.011688271650757562,-0.07427306422381133,-0.09889516274415575,-0.05549974971362413,-0.05800335491701757,-0.009385831206597152
2.452,0.011268763535303955,0.009984229528410011,-0.001232766938207049,-0.009286221191942355,0.0051629692882986435,0.0025125480661884886,-0.01804235133211418,-0.08699924302152277,-0.11318376175319227,-0.06180742991641954,-0.056973520502591316,-0.01811207610683422
2.454,0.01679625455005648,0.012049639822824008,-0.004754063490006347,-0.012784864968346988,0.00978149967906011,0.0024013927155668077,-0.027965755992575534,-0.10319128900254644,-0.11967502973162475,-0.059897834550208126,-0.04999310695730716,-0.019914279895353403
2.456,0.02393558229548314,0.010980302606663973,-0.012986937108966265,-0.015812918971735347,0.017730504916781388,-0.0016349038173631334,-0.024769641585381263,-0.09571790686189491,-0.10773390404139341,-0.05217882584579131,-0.039974927030530974,-0.009963911691879716
2.458,0.021326544467216282,0.013435955717019598,-0.007923582432786482,-0.016223673267408485,0.014249557724684695,0.002134854117859207,-0.010726072771686655,-0.07234302842250138,-0.09328966776066343,-0.05075947854342474,-0.0372355709382787,-0.000277806943635879
2.46,0.00571395201740061,0.019729866068903763,0.013896575592696222,-0.01224997703763932,-0.004295511375151523,0.01625116166789363,-0.00336354041461613,-0.06625334094567768,-0.09810121200998144,-0.06089727816514477,-0.04730984185303085,-0.005110612238449622
2.462,-0.012479937212897,0.0213281169642959,0.03349238171077079,-0.004135150813777742,-0.023609141357250438,0.027324103217082774,-0.010612463799638814,-0.08979345345067097,-0.11943527801742858,-0.07244366368560283,-0.061975526340586846,-0.022489238889998167
2.464,-0.02062777402647295,0.012379581438639597,0.03258382482359977,0.004736636681864921,-0.028028251143292056,0.022551870629905445,-0.019856549908054928,-0.1169560054075283,-0.13238028935205973,-0.07311719048091675,-0.06757912353801947,-0.03571312516617677
2.466,-0.018244990883910336,-0.0005863808846038269,0.01739621782014423,0.010193979720652203,-0.019801733761831624,0.0076458332859694386,-0.01641766904480235,-0.118719063300031,-0.12237993104868633,-0.06496632285922804,-0.06110321144285986,-0.0339485767907458
2.468,-0.016247417493362285,-0.006215880549938554,0.010054443087134738,0.012033669970638483,-0.015157605437060115,-5.953745886322687e-05,-0.004394355892039422,-0.10107726444023715,-0.10461267803366231,-0.06058451477847249,-0.053341913979231464,-0.025619259761349458
2.47,-0.022091417556499165,-0.0031387688840914607,0.019100862474675056,0.013954239838168382,-0.02222364766237908,0.005703875568423708,-0.00046600835126133145,-0.09461314807196143,-0.10446542031903294,-0.06625744263090458,-0.05517229513768702,-0.02642110222379768
2.472,-0.030038439957667078,-0.0004861254538308031,0.029618194943869944,0.01746266650183015,-0.03102449054990632,0.013343964252546333,-0.009759345416460606,-0.11096421321060848,-0.12391029930661494,-0.07534598215669777,-0.06414134448349892,-0.037425489045110075
2.474,-0.030511984776689507,-0.004445944547343798,0.02601986399595174,0.019911495453498358,-0.029308265477417342,0.01092363147835954,-0.017837090698160373,-0.1260280895469988,-0.13872514663098084,-0.07775596444900923,-0.06854184256221664,-0.04419767770229228
2.476,-0.025253672745021525,-0.010468991614200479,0.014726786482197182,0.019813850735984843,-0.02110316101432705,0.0025659029739198364,-0.010031940137491594,-0.11341727824267457,-0.13112369776450675,-0.07222130523011111,-0.06318303803761138,-0.03827622579323775
2.478,-0.02541024812761723,-0.010611612790052998,0.014795794301335305,0.01948285852746887,-0.021091708539067142,0.0016765795026100168,0.008544351879342453,-0.08216704034418372,-0.11291523634602228,-0.0676911364366104,-0.05591422511554644,-0.02936675162652586
2.48,-0.03500904332103524,-0.0052506463515005035,0.02981042330504991,0.021145935341420827,-0.03290628446058122,0.011059411813168059,0.01928770472550154,-0.06684004683618813,-0.10813119507260129,-0.07156391236084675,-0.0571078506086924,-0.03181567483826462
2.482,-0.044294350506205796,-0.0032002700599385375,0.04124131534783115,0.023933494775810964,-0.0429070707014996,0.017857872456863915,0.014604457621008569,-0.08219276862903264,-0.12051466464909319,-0.07891374752419464,-0.06621700872223972,-0.04547338509023358
2.484,-0.043297964643584555,-0.01013108084340781,0.03348550649152524,0.02606809819945982,-0.03880901404861719,0.010931209377436862,0.007018465015037647,-0.10385038288082551,-0.13058437342157006,-0.07952119412941622,-0.07307367667976522,-0.05679993446062352
2.486,-0.03624744658041312,-0.02130366753936422,0.015331562435678011,0.02797787725104242,-0.026762877511650844,-0.0036235989674446856,0.01016155124104136,-0.10244941883008055,-0.12447800599250444,-0.07380263714069894,-0.07203597464626199,-0.05716583898892477
2.488,-0.03597413186937194,-0.02800086393694223,0.008096139926020516,0.03163108715651893,-0.023189961260772298,-0.01072075290724083,0.019826251820227837,-0.08350953006234266,-0.11330529270914617,-0.07223821607139737,-0.06895733899605724,-0.052826259013418184
2.49,-0.046417746681635924,-0.028758635153872468,0.017312401986985745,0.03763415985115234,-0.032787767192776845,-0.006646392279463154,0.021695290263534478,-0.07765851982142327,-0.11664887424878446,-0.07868889033787449,-0.07154624986341898,-0.05439233476732778
2.492,-0.05764684965078055,-0.030104375978598642,0.026977858713142233,0.04403376483292573,-0.04286692432087612,-0.0025813039096482713,0.012816946327900597,-0.09679866043285802,-0.13395697575571694,-0.0843742697797917,-0.07822872300862693,-0.06117219233122606
2.494,-0.059317301947510746,-0.03586767190320227,0.023107259524980595,0.04791051724441678,-0.04147706461905835,-0.007256104557903497,0.006074457020228433,-0.11783869478786956,-0.14477900737406374,-0.08164808324830664,-0.08151445358115027,-0.06221465509388517
2.496,-0.05346522400930406,-0.04089725334352101,0.012505591903742515,0.04798135120780813,-0.03327440996418182,-0.014718903677584287,0.012521131346113592,-0.11445004513906204,-0.1378485977893662,-0.07600501658744072,-0.07924593801212314,-0.05255309910956353
2.498,-0.04968545423945649,-0.03809688388118897,0.011462910926049797,0.045244540843307916,-0.031087786807544024,-0.013739470835973704,0.025859385274285614,-0.09329749880804139,-0.12741637832426803,-0.07938825309697244,-0.07683814036942856,-0.04156244432108423
2.5,-0.05073615323675178,-0.02890514185892076,0.021475129780996007,0.041468062886156586,-0.03660070611512986,-0.004757059322302899,0.029371642159731624,-0.08684656689211118,-0.1337723210145681,-0.09472236636169813,-0.0793149073246336,-0.04158581071127624
2.502,-0.05006060940136363,-0.022905840886141397,0.026824383876697857,0.03810617343199229,-0.03882574768459839,-0.0002751090193712071,0.01778345231307129,-0.10941679782921605,-0.15497741753033986,-0.11088858087442534,-0.08556647274703648,-0.05161129824835315
2.504,-0.044487285755030574,-0.02590558975224315,0.018535323736737906,0.036462463544986896,-0.032409809108459135,-0.006851737883893765,0.005660176503571253,-0.13533766103082773,-0.16862761637449844,-0.11453412534528475,-0.0906477833193994,-0.05863544902168812
2.506,-0.04194960388067327,-0.03241991847553595,0.009681507492559723,0.03805979470328257,-0.02784727445851541,-0.014419121847637122,0.008610738606727203,-0.13319022337180916,-0.16119060295659512,-0.10641948107162226,-0.09216960352680084,-0.05557685896052288
2.508,-0.05136734589539176,-0.03423869169395071,0.01723390746291115,0.043922602633017414,-0.037062119298949175,-0.010558139318597403,0.021897815541715958,-0.10921629920539201,-0.14541510620987788,-0.10109860897522531,-0.09357599918417167,-0.04990850284189238
2.51,-0.06905980661279457,-0.03316431651598414,0.035888088693507306,0.05299575228124497,-0.05496348877780488,9.105330767048312e-05,0.02711487423425046,-0.09753186744285378,-0.14295398646199034,-0.10727209332378759,-0.0989444074000795,-0.05166594479670643
2.512,-0.08125283161808876,-0.03804491655019326,0.043267910650423125,0.061727215902482424,-0.06411764025005848,0.0013031121376184996,0.01811865949101365,-0.11227146270007426,-0.15582080590155606,-0.1159682269453023,-0.1059197886365078,-0.05948146410246877
2.514,-0.07952209195712338,-0.050274989366263546,0.02955608765808494,0.06617453640641237,-0.056079321231727874,-0.011779498796568394,0.009281628174170818,-0.13025359449898702,-0.16547392250167206,-0.11486707010468493,-0.10898350221153044,-0.0633708292132442
2.516,-0.0707154009545609,-0.06053905952820222,0.010628911873067994,0.0659124766511282,-0.041881577504571735,-0.025760879091943148,0.014667969617106601,-0.12533781753039538,-0.15961984801576365,-0.10688222666742168,-0.1083289461056322,-0.05928699287256553
2.518,-0.06887725602233347,-0.06043873364508396,0.00871843263975966,0.06460977555145479,-0.039257674250616804,-0.02593285065997245,0.028295206551855946,-0.1043306793221977,-0.148530796688636,-0.10500418824324594,-0.10878901826765353,-0.055881269336229764
2.52,-0.07680143713382054,-0.05188198903145654,0.024889080644377094,0.06467255777304898,-0.05063593360869708,-0.013694509825828633,0.03291487407104124,-0.097216476169474,-0.1495260917788877,-0.11245929505810699,-0.11058985663333727,-0.0633212722297634
2.522,-0.0819224824015499,-0.04478346120705979,0.03697769030413672,0.06432103097543701,-0.05936530255274741,-0.004721993737192951,0.0240425250605913,-0.11614691455230924,-0.1621967038192918,-0.11822079711273233,-0.1082200832409965,-0.07797031051850101
2.524,-0.07419134290454035,-0.046615854608224025,0.02752935380145325,0.061909786540282195,-0.05154583412296609,-0.01056173085229611,0.01525848737080932,-0.138353479221265,-0.168454041859337,-0.11360598521960033,-0.09947994885594895,-0.08543787608234388
2.526,-0.060804098114279344,-0.054019930102458945,0.006967769579351339,0.05918673333750631,-0.03523859627125649,-0.024522479030639265,0.018580064496868394,-0.13667881971086973,-0.1579737120464748,-0.10502114630956019,-0.0901930883971302,-0.07963078605377338
2.528,-0.056658028437485,-0.05675110233065119,0.00031829452824970586,0.05834332835323241,-0.030202207768764328,-0.029609555189704012,0.028264759398575003,-0.11644429772088889,-0.1444581360128435,-0.10484588010258587,-0.08767561412723371,-0.07121156605588753
2.53,-0.06479765744098955,-0.050999664628795044,0.01437532592007328,0.059074871206373586,-0.0417548080649461,-0.020280734575609194,0.029803807280095684,-0.1074945680922103,-0.1478523253945192,-0.1142044019826261,-0.09204551912460275,-0.0730928719820337
2.532,-0.07415805387863626,-0.04470135001567498,0.030137993301993148,0.060070378352244096,-0.054793981459831886,-0.009549744664699617,0.0209332568648779,-0.12195137795596081,-0.16526366704994605,-0.12184464174882667,-0.0964888872435161,-0.08308904169109364
2.534,-0.07455148515719298,-0.04555595458455421,0.029703324221068396,0.06037631355608303,-0.05463440135646337,-0.010339414886631029,0.015064626943540231,-0.13757415027321807,-0.17383331662363957,-0.11944813041728676,-0.09558541377322746,-0.08792505144475837
2.536,-0.06785235644518996,-0.04910202720719992,0.019292752367007154,0.05897896522421904,-0.04528026629839859,-0.01744566324739452,0.02256613534499589,-0.1299388589245277,-0.16270756233928726,-0.11208787802259004,-0.09122239583089768,-0.08181023761644837
2.538,-0.0646302929176218,-0.046161091690729315,0.01864969330969307,0.05636936899171019,-0.042789709539533774,-0.016239022698493442,0.03602295773036707,-0.1074107513092123,-0.14784180072751535,-0.1113826900977691,-0.09043191990297848,-0.07386584817354641
2.54,-0.07080263978519302,-0.03770397188026948,0.03297444129482382,0.055372106701921685,-0.05322001358839621,-0.004476478368505862,0.03948438264088651,-0.1004872816220215,-0.14994028043191668,-0.12024464090270419,-0.09782520028946569,-0.0759525946884428
2.542,-0.07940440364758464,-0.03376818682148204,0.045476602502789114,0.05750902210298342,-0.06400903090377157,0.004300997545511661,0.03014733081992731,-0.11952735090658498,-0.16649799940761098,-0.1278521992841885,-0.10919324759718191,-0.08668759670267068
2.544,-0.07957422083221993,-0.038689563980917954,0.040865771535542536,0.06017510030252089,-0.06146449203310644,-2.2415152942674416e-05,0.022862808311843383,-0.13893093421846436,-0.17506451857292052,-0.12304619295385341,-0.11446093938784538,-0.09212985138761638
2.546,-0.07172851175916345,-0.04447098597189008,0.02733240754209587,0.059732490842232866,-0.050216434277062225,-0.009487244755870726,0.029881742079607157,-0.13108945978312536,-0.16320251669247693,-0.11026263006178293,-0.10912819617369315,-0.08372203585561777
2.548,-0.06720136131006421,-0.041799422610787965,0.025448287475635486,0.05661981273264475,-0.046610764187148185,-0.009104929678838558,0.04378079215826895,-0.10444077652248296,-0.1452194237301809,-0.10528043057741243,-0.1003305563562393,-0.07056311165834568
2.55,-0.0719734697070579,-0.03347683613912168,0.03850036590849523,0.054962580341942326,-0.05523789705381565,0.001266406883551986,0.04756468347591438,-0.0924381000532037,-0.1427387405125289,-0.11416703880273803,-0.09858765882089927,-0.06825382134545777
2.552,-0.07815301800220964,-0.031056135629379325,0.04721629354483684,0.05681716399889807,-0.06254054355193452,0.006280733001817784,0.03810233816040411,-0.1072077814111357,-0.15513516619512466,-0.12446530095321026,-0.1050262441095601,-0.07824199107440812
2.554,-0.0760648518501966,-0.03877651190258808,0.03774082865749294,0.05957384712449621,-0.05686297479363719,-0.0026638988185417973,0.03047918350683746,-0.1233882218414987,-0.16138056717208196,-0.12230676655909059,-0.11097896800513907,-0.08679288544845543
2.556,-0.06849283097012858,-0.04709428470710164,0.022164031870907937,0.059943405014732457,-0.045548420757750015,-0.014586805348066882,0.0370054293269053,-0.11502296961960401,-0.15051122243427437,-0.11136144992510895,-0.11068702151312851,-0.08484828998015621
2.558,-0.0666266880524019,-0.04531798060513239,0.02199764065775163,0.05829118431325916,-0.04486621541191761,-0.013544372862701728,0.04957254365928979,-0.0922787282978566,-0.13737527387177043,-0.10714942847791697,-0.10861062293524551,-0.07991075383153043
2.56,-0.07412261070935112,-0.036321996498039084,0.03804913700438581,0.05758234197055881,-0.057021526262642785,-0.0005243084721946738,0.05034825201305287,-0.08742553569942504,-0.14205756814519924,-0.11528998216878952,-0.11030031918724006,-0.0837140982826091
2.562,-0.08105314051866831,-0.03261299371121665,0.04839253815699612,0.05878893491688819,-0.06578537148664691,0.007075634203371419,0.03719998426194085,-0.11015259852503823,-0.1613352729579736,-0.12367173788753566,-0.1119689396709399,-0.09419102955540896
2.564,-0.07681791223009002,-0.039157037802017985,0.03777751303055497,0.059361560577585584,-0.05791881015811067,-0.001424547386969702,0.027423584026800025,-0.13345857410281947,-0.17186399818842374,-0.1194871197690502,-0.10632842159150148,-0.09822787931662257
2.566,-0.06507436840261725,-0.046690738780354124,0.01879237244666246,0.05688759791379115,-0.04186783917623779,-0.015053731759136069,0.03384950769129083,-0.1292103749043363,-0.16141179743504946,-0.10751019579393281,-0.09508963449379655,-0.09088353019551584
2.568,-0.05934129517790629,-0.04443584401166668,0.01526604461113927,0.052882878422025166,-0.037078628723777,-0.015852195472961374,0.048077914155612855,-0.1047004932227336,-0.14533553697937004,-0.10360596024536994,-0.0879676846101978,-0.08289018376095172
2.57,-0.06532955000062401,-0.03508391010754925,0.03027798309877294,0.051666654064428406,-0.04828284532413973,-0.0035090242737210557,0.053642511586029465,-0.09080356438754582,-0.1450742387688024,-0.11236656745251868,-0.08990045737295733,-0.0861146130485578
2.572,-0.07438246238642301,-0.030864787290991652,0.043342798222312774,0.054898147863720395,-0.060403874615368565,0.0051953873048153345,0.049436457128395866,-0.09790291118382902,-0.15703878844093508,-0.12097431095413844,-0.09557076126365001,-0.09752779497660383
2.574,-0.07616257700584529,-0.036044861839312256,0.0399871615203615,0.0589881377999532,-0.060271928899158556,0.0007782496205458451,0.0511057838067754,-0.10129391664694529,-0.15616553290710145,-0.11804537265944556,-0.098697110912588,-0.10395548674259285
2.576,-0.07332317032655257,-0.04134379866649523,0.031910294038011905,0.06012569295740222,-0.0548831502205516,-0.006052302451917129,0.06891783209434624,-0.0772140871179288,-0.1313559992938223,-0.10936361517923578,-0.10183594292030895,-0.10030429733034778
2.578,-0.07770236174990731,-0.03715280067057164,0.04043183995942666,0.059457767791642795,-0.061093499463169505,0.0001924917664451151,0.09252259445743088,-0.03914636294944792,-0.10367506088938638,-0.10893127381523895,-0.11231431873367656,-0.09585618447548074
2.58,-0.09256119628831778,-0.02638853890651064,0.06607135939204054,0.060566518327117874,-0.08084180550778682,0.018272900187580775,0.1035370967510911,-0.024047682012409786,-0.1014357209340303,-0.12045509671271595,-0.1303834237997585,-0.10143583197759705
2.582,-0.10687823940521504,-0.02040997575206615,0.08646894934564818,0.06408586722258279,-0.09747737925933685,0.03168626942663419,0.09989426790884974,-0.04458454736126638,-0.12451168463214547,-0.13423555178267635,-0.14667867434890847,-0.11497305723612691
2.584,-0.11073649834449945,-0.024190308672511943,0.08647460267200968,0.06778084148254737,-0.0990161117266504,0.030614938727573045,0.09938473761756264,-0.0697690068354271,-0.14446695723022876,-0.14073508577892005,-0.15315111441090687,-0.1241606683894485
2.586,-0.10908651761440138,-0.030235752511824664,0.0785552754097415,0.07046233858491842,-0.09461118720085693,0.02433461386924822,0.11626337890093096,-0.06193878059070952,-0.13887235395505843,-0.14141267501003754,-0.15236325981998347,-0.12239797744521938
2.588,-0.11289793950387216,-0.02803765773122742,0.08453934481108075,0.07194176365932749,-0.10020470285406358,0.028027163093713656,0.14089739254835865,-0.02350212160520191,-0.11389357383635738,-0.14235595666605186,-0.1512247279511495,-0.11583485151679081
2.59,-0.12034519623946727,-0.016064683498732146,0.10420123296919566,0.06977462164387045,-0.11393188248873479,0.04257439455634226,0.1490648068623895,0.005435444750074361,-0.09149007138278296,-0.1398951404488733,-0.14816480626328385,-0.11211728218150811
2.592,-0.11604561741885862,-0.0014548614487845822,0.11471898508411185,0.059755014388705105,-0.11650733566620157,0.054337137470003564,0.12805327330738442,-0.008420630093581665,-0.08643975829026104,-0.12126155519005268,-0.13411928971306547,-0.10783291689202668
2.594,-0.0898232955842412,0.009648436161424459,0.09956139140801888,0.040570333660676645,-0.09526886735756604,0.052644553243138936,0.08596969119512954,-0.06187637049230808,-0.10026922161307326,-0.0819434748162347,-0.1059991281324033,-0.09314810639956057
2.596,-0.04976530196560937,0.016356787384206494,0.0659995170319887,0.017311393541856894,-0.05871698627540341,0.03994385132492124,0.0364810417690113,-0.13017089934466772,-0.12864655431409355,-0.033139452743589475,-0.07074279744150437,-0.06613055567799607
2.598,-0.012477175760688686,0.020880077375565628,0.03307226713709441,-0.0028229958989920835,-0.02461899967078047,0.026035472945516457,-0.018726255940237642,-0.20264352097696675,-0.1690449484036707,0.01376244317864755,-0.033585383978668594,-0.0352936541200538
2.6,0.017486260025624832,0.027835523757623593,0.010097621889672323,-0.0205288681163961,0.0009828716689073255,0.01796567234050857,-0.08915577173104772,-0.29379511932044544,-0.21780229833490455,0.0662056733677231,0.012519003728876831,-0.006191583336140168
2.602,0.05209187803100296,0.043412045236579114,-0.008837765373283051,-0.04558377633044683,0.02761786521175527,0.01631790949580518,-0.17819928116777237,-0.41311868317998546,-0.2556832222982492,0.14971195054501685,0.0821519896937598,0.029762858566553183
2.604,0.10255951179135839,0.07195950114946546,-0.03084737090308508,-0.08551123705645425,0.06416833674432453,0.01988867549782247,-0.27273412220066456,-0.5366947738737305,-0.24914011519097884,0.2848236714566322,0.18072548579901482,0.08594258059523661
2.606,0.16394143159458205,0.11161959802807843,-0.05280777958184481,-0.13620859331758817,0.10603110154753727,0.02900124933938927,-0.3550985522223894,-0.624704118649885,-0.18488315909554362,0.46030239524107447,0.2925274217931521,0.15913869603406455
2.608,0.22195628090938477,0.1521945618763304,-0.07038693097020246,-0.1855817413939179,0.14371295483080918,0.040135283521242474,-0.42121164724598453,-0.6616055666442534,-0.09616773242067274,0.6315957578262105,0.39010104254047273,0.22708875602268974
2.61,0.2724759138625213,0.18175162717492405,-0.09125508751472548,-0.2261549186598738,0.17923258454976132,0.04348412447263384,-0.4807770880921076,-0.6681023361565319,-0.03183665063985599,0.7564749661304648,0.4596102886607286,0.27374934905880516
2.612,0.3265070826086976,0.19943863588542496,-0.1272543238405716,-0.2628368719636737,0.22432477671415516,0.033539308452861724,-0.5414331700722183,-0.6765660104912571,-0.003572961003959186,0.8326398424969161,0.51302826134868,0.30958126672116254
2.614,0.39503924086858727,0.21796878667555947,-0.1767076086228516,-0.30685981580281063,0.28362145952415935,0.01810380011858691,-0.6013633856584486,-0.7056597815084276,0.011606946309582936,0.8922770988238258,0.5735176546802775,0.3588281207578079
2.616,0.476165935678491,0.24838571870806875,-0.2269439382316977,-0.3625257483725864,0.349519005254916,0.008679511038080751,-0.6613765296938694,-0.7588756246698634,0.02770043990321485,0.9659913968712716,0.6544659109313582,0.431452617170102
2.618,0.560014263711757,0.28577249514273956,-0.27335217759027375,-0.4225012671858943,0.41463389981198984,0.004566153798887885,-0.7354306489377622,-0.8332647805839837,0.042647584376834614,1.0617110839077926,0.7521862199204343,0.5144969677654802
2.62,0.6422151502337397,0.3177781134542806,-0.3238690039970682,-0.4785762375802253,0.48091997489930377,-0.004256271716020394,-0.8398983466979986,-0.9242601886532266,0.06691439922412869,1.1733891660024252,0.8544650350061967,0.5910133569228758
2.622,0.7254981830429097,0.34565717078165176,-0.37960369451680537,-0.5331893841660311,0.5504207058771452,-0.01747484684056463,-0.9736411488818539,-1.03215426998583,0.12043335641046161,1.2981775917914462,0.9560734409784706,0.6623840441554713
2.624,0.8051454834132574,0.3866445797975986,-0.4183460283226682,-0.5932688423383192,0.6095977762124573,-0.01586576659207993,-1.1126329450107462,-1.168570960688758,0.19037465189170216,1.4342241837631062,1.0611016804428555,0.7444304270540886
2.626,0.8609520273367062,0.4517414426679809,-0.4089177657556419,-0.6543758676449603,0.6326983017012047,0.021072823853076145,-1.2252262064440222,-1.351464936316305,0.21532878070296047,1.5604732430365287,1.1648386212863344,0.8407618858094335
2.628,0.8728458984147397,0.5241024991769263,-0.3483258022647799,-0.697399049393364,0.6082401426385684,0.08678918211499123,-1.2925815890835424,-1.5872902755893679,0.1306278605630128,1.631183762139493,1.239723113945006,0.9266389775470957
2.63,0.8419077159352711,0.5600890059069665,-0.2814331525092698,-0.7002704288801948,0.5592748005823419,0.13789831008369913,-1.3116877899929775,-1.8479371023596405,-0.07088067066586885,1.5975633300272938,1.2460351574279709,0.9627158615873818
2.632,0.7877289747272008,0.5170485912665713,-0.2703672356049659,-0.6512348629708906,0.5266991214989003,0.12231901442618127,-1.2816416363600964,-2.0652503733529683,-0.3309899051372919,1.4310940652664843,1.155629473179001,0.9239195411729386
2.634,0.7263999615925669,0.39157919890544357,-0.3345377540325012,-0.557030200470018,0.528214863760411,0.02825585404593714,-1.2011346310923188,-2.169538627655892,-0.579550859524758,1.1350945213942034,0.9691789948492368,0.8150898289154258
2.636,0.6594205343724537,0.22975344720769117,-0.42949959277932515,-0.4421042920094786,0.5422460772161521,-0.09967180906415436,-1.0828369718822863,-2.1442122211914687,-0.7833041597057965,0.7522284666284972,0.7196213607342857,0.6634453571017859
2.638,0.584166167148345,0.088186949221118,-0.4960947174717896,-0.33390116181304363,0.537852806023223,-0.20400909260113223,-0.9552216890844055,-2.0367906402386264,-0.9461766427274185,0.35556139638412915,0.4592792888602845,0.5010333992679362
2.64,0.5073765698840139,-0.013760977295548375,-0.5215549880346929,-0.24541418737092244,0.5120845076265372,-0.26861531348921824,-0.8414643139129542,-1.9184272338582582,-1.0873640858049403,0.01344764552805482,0.23661504945899908,0.35304425260477884
2.642,0.4416259171243968,-0.09486880925277348,-0.5369761790700628,-0.17303907455456233,0.4869070108640903,-0.31781329685396115,-0.7410880298836812,-1.8295622229776056,-1.2188157995411746,-0.24253092519777442,0.07727968292850833,0.23489568235195263
2.644,0.3883621971666312,-0.17397957855959537,-0.562579392475861,-0.10743520199612197,0.47335653109265396,-0.37040876198934036,-0.6367258255219346,-1.7550784076164598,-1.328799641203023,-0.4216001176897289,-0.02290107268075711,0.14979547331041201
2.646,0.33426028883319947,-0.24606936524042758,-0.5802634161558935,-0.04412255911661941,0.455929725739064,-0.4147498738386161,-0.5206452399263525,-1.6549084988123617,-1.392014051648252,-0.5543826080014813,-0.08994408003080782,0.0871665822580153
2.648,0.2716900439252701,-0.2938648006887754,-0.5653990848165068,0.011738855978379748,0.4182759713613361,-0.430489266582756,-0.412929932103707,-1.5190390896673063,-1.3956382254672903,-0.6604144627232291,-0.14824891783001454,0.03164942404231338
2.65,0.21432080910810283,-0.31019118777259763,-0.5244660150823864,0.04893698714060293,0.36966201383448494,-0.4177371958409451,-0.34343269952170363,-1.3790017512525643,-1.3455298850164312,-0.7264113047275577,-0.19949556506080784,-0.021407586300262998
2.652,0.1812191911950062,-0.3033241375939349,-0.48458118572056746,0.06174371989373681,0.3325822854457328,-0.3942458377429239,-0.31188646182219265,-1.261899637506956,-1.2518729581426153,-0.7249603094103806,-0.227717366336633,-0.0612261533997015
2.654,0.1692135426845302,-0.2848714093974109,-0.45400719555347036,0.05822519625441679,0.30995907021845354,-0.3699482490387707,-0.282701734759172,-1.1528692211399643,-1.1211343218379632,-0.6556476759870927,-0.22423395003519211,-0.07560145939817112
2.656,0.15289279523972144,-0.2583120412631537,-0.41087076129473327,0.05368462959573658,0.27919103665979683,-0.3354362556592729,-0.22815740683158592,-1.0187566105855468,-0.9640757283682366,-0.5543009402532496,-0.20089697031570422,-0.06839084998808369
2.658,0.11354546154276864,-0.2212814437609436,-0.3343720428904267,0.05614160472269393,0.22132285975893345,-0.27888828726674947,-0.15771182355338392,-0.8571741656760979,-0.8034122691219522,-0.46054325812275354,-0.17772436209485218,-0.058034383122828465
2.66,0.05870011735692723,-0.1780617085909769,-0.23649451136326166,0.06292394363736803,0.14603357153736474,-0.20865724454341233,-0.09477909542664308,-0.7020297698164013,-0.6642593623500171,-0.3890520801957468,-0.1636423552628406,-0.059319611879829794
2.662,0.009814676765038721,-0.14396605170094537,-0.153818362464084,0.07025141986542102,0.08137974523887338,-0.15074101846937443,-0.04437749130847713,-0.5808400126391293,-0.5551659634987374,-0.33331881371936134,-0.15349132098483442,-0.0713654949793439
2.664,-0.02145805161882585,-0.13049845504408336,-0.1091983314779811,0.07844580867432957,0.043654314284961165,-0.12180078432565154,0.001987493607994871,-0.48502662379863226,-0.4646999801552811,-0.2848356161834319,-0.14051542517040905,-0.08333309917343172
2.666,-0.03985243873975776,-0.12980692224098148,-0.09001696680318674,0.0868360314234874,0.02435016487351627,-0.11151267118560908,0.04240880436303531,-0.3920475126404636,-0.3814488983030655,-0.2438637443465241,-0.1262605917789104,-0.08842727090278747
2.668,-0.054138716290493286,-0.12292422608470625,-0.0687324105494549,0.0905222090427983,0.006267423151189309,-0.09713026898247876,0.06218049928985925,-0.3036342309120928,-0.311947504110742,-0.21634301549905693,-0.11784607431849241,-0.09046475434911268
2.67,-0.06480794096730898,-0.1026518364849009,-0.037806487888411254,0.0855810674205612,-0.014348176529636667,-0.07134020823962035,0.05538302541210326,-0.24261013211126342,-0.26938845317912574,-0.202994258737508,-0.11777005857577326,-0.09598830489428205
2.672,-0.06622518176069178,-0.07991392135879888,-0.013842238140743257,0.07438007437216913,-0.026967888979661025,-0.04755498035168909,0.03912296190476572,-0.21305115477799827,-0.24839142696284233,-0.19429754484936804,-0.11898978332646902,-0.10274313391133667
2.674,-0.05827212281303342,-0.06708040754798981,-0.009277432506829381,0.06345171921388651,-0.025534709220705148,-0.03828647782020745,0.03821571133518432,-0.18672720321566114,-0.22611305834852544,-0.1807171533130561,-0.11349474636673444,-0.10240087021665475
2.676,-0.05080950402970273,-0.06338231893095707,-0.013206841713526877,0.05776940810006975,-0.02006744449554621,-0.0381536185327396,0.058002406901502795,-0.13932514040796526,-0.19093104860951057,-0.16523782123165354,-0.10434703792605834,-0.0941155648520925
2.678,-0.053488312690139865,-0.059374706545827986,-0.006204861175195008,0.057430801819002404,-0.024919121656319737,-0.0328853137210775,0.08053788369448202,-0.08335432450232819,-0.15714478767493187,-0.15894052244997844,-0.1030443956883609,-0.08786506783909834
2.68,-0.06326897573368553,-0.05077366619479295,0.012832645334972663,0.05852308707652935,-0.039135462779637475,-0.01966340868143784,0.08726720124494312,-0.05106473849806937,-0.1441674649709045,-0.1649374181838311,-0.11389477527730253,-0.09281539372982446
2.682,-0.06721719680353327,-0.04353002952205837,0.02444230954950975,0.057396296703854544,-0.04649782830408783,-0.01105107778064795,0.07949209666823244,-0.05136572721121762,-0.14878396924018467,-0.17317796930410564,-0.12691588740429113,-0.10628776876748795
2.684,-0.0590354505099299,-0.04460590549959598,0.015050521621022323,0.054261756684894975,-0.0372836833700473,-0.01698011995650047,0.07460490492098111,-0.05840385332855066,-0.1485692140421763,-0.1727274280549093,-0.1294993618029054,-0.11642506412142059
2.686,-0.048441514325555,-0.05122705909941353,-0.0025310868539082836,0.05224933611494731,-0.023074433334140373,-0.02909840463021205,0.0839535969703712,-0.045928235947766606,-0.13112798605850676,-0.16457800707554726,-0.1212945495200479,-0.1161147868412711
2.688,-0.04962041261360977,-0.053170194550351234,-0.0034117923910212122,0.05308753197773619,-0.023424521412794608,-0.029727852799334743,0.09925301336276753,-0.019984086912497576,-0.10887985723730273,-0.15844587657018683,-0.11318779871323291,-0.11161828620060871
2.69,-0.06289655097268444,-0.04592139961122221,0.017242481932727743,0.05512882747383301,-0.04087030312108503,-0.014932335622311388,0.10471439704113729,-0.006303231436239752,-0.10017334428653223,-0.15835212371023527,-0.11244628953218301,-0.11314590660609791
2.692,-0.07467453273264917,-0.03737872890582037,0.0375723153581317,0.05643062548684773,-0.05772443214289054,-0.00037588690506272715,0.09814502163956625,-0.011743852802401585,-0.10352671406435332,-0.15716700722031363,-0.11388654888628368,-0.11979985936794726
2.694,-0.07484782023415057,-0.03725416149996657,0.037659733471566925,0.057005537332541205,-0.05849196595447868,-0.0006331320685828842,0.09224527322672696,-0.014432614327460715,-0.10086184491989938,-0.1482378109893352,-0.108988215924468,-0.12163444395546222
2.696,-0.0679887400369596,-0.0434959307600533,0.02437944537494872,0.05719647747382203,-0.048037866226069786,-0.010399850483582556,0.09667910502820883,0.004734121205908973,-0.08412019354390024,-0.1370886016918225,-0.09977110552052947,-0.11519656794358768
2.698,-0.06590468144606373,-0.04564911544304749,0.02015818764796467,0.05689082287334323,-0.04356252751553087,-0.013058110903640285,0.10645318745132579,0.03431602691493312,-0.06696674771521625,-0.1353791522617787,-0.09688464928312866,-0.10919749678838359
2.7,-0.0725096645055716,-0.03998896521151419,0.03253295070882591,0.05659186548742856,-0.05201188398255583,-0.0035484114632796555,0.10959821004418112,0.04633937536291193,-0.06565826789839443,-0.14509464444589473,-0.10481704132448412,-0.11327204855179365
2.702,-0.08017803877728741,-0.03486357047684952,0.04539528187778619,0.057497065970872945,-0.06240653002089518,0.005487786553532074,0.10336727740665876,0.033598190644955846,-0.07551005260593159,-0.15511019891440206,-0.11584429092286418,-0.12501031271055443
2.704,-0.08101953114286661,-0.038862799326075476,0.042309849979792376,0.06019275208370793,-0.06230421043635762,0.0016757988673737423,0.09891772469986003,0.020117114194866538,-0.07555213731122018,-0.1544379966897239,-0.12002373875844873,-0.13212384457598975
2.706,-0.07675803248473637,-0.04807156897132751,0.02899231215325014,0.0633359899764517,-0.054605862856845176,-0.009872665269554161,0.10652815440578722,0.02963433710107608,-0.056659226287106436,-0.14452722895270592,-0.11701385306815941,-0.12800541508717594
2.708,-0.07438339352583011,-0.05005891461338829,0.02472488560183354,0.06374863772209387,-0.05183585006119286,-0.013270370731774625,0.11964040492851463,0.053564201555026024,-0.03542057889764045,-0.13612450803159826,-0.11529869351611524,-0.12015697139350841
2.71,-0.07519223439750003,-0.03994446509180688,0.035504460385474425,0.0591576026662435,-0.057478211863205106,-0.0031346035529767145,0.12227098158119366,0.062769826698088,-0.032676396580020965,-0.13491666565554178,-0.11954120733066535,-0.11891109740025164
2.712,-0.07392760467074765,-0.027368900917943906,0.04654568745580142,0.05186608360752959,-0.06190221292013523,0.00852864669293582,0.11183834793828874,0.04948764876788606,-0.04471317274605259,-0.134560181122641,-0.12292313995667885,-0.12274787796444185
2.714,-0.06803700849380075,-0.024178224820284453,0.04371840504049357,0.047128052170395236,-0.05743546920548389,0.008761763662000316,0.10338630339030436,0.03961772479300354,-0.04895025652195936,-0.12796737674884995,-0.11699422068860461,-0.122504841759415
2.716,-0.062347418188149144,-0.029365792210223923,0.032914091746689814,0.0469205018535763,-0.04959136827995096,0.0004804798401252932,0.1083948353927971,0.055481133651040036,-0.03632605850438579,-0.12028746589592601,-0.10515707669827928,-0.11646029116112935
2.718,-0.06373748354599393,-0.03244648958032942,0.03133210470883309,0.04902800477848615,-0.04983006380345904,-0.0027002588461809175,0.1193380611251095,0.08330680835789989,-0.023073020136818254,-0.12224573276021704,-0.09898623199759016,-0.11293177259279816
2.72,-0.07225151028120462,-0.029274675425234074,0.043033212453961855,0.05155135314177643,-0.05971876503754624,0.003990251371677255,0.12097303833621481,0.09183577441400309,-0.026854821482606386,-0.13330171694277665,-0.10258258459925362,-0.1187562046634583
2.722,-0.07950635735815913,-0.02712173493339472,0.052389503150816585,0.054411987230503576,-0.06751353553313197,0.009708482038089614,0.11150285740264988,0.073921400808787,-0.04226772349404947,-0.14092766741164822,-0.10786453706351255,-0.13027361107776578
2.724,-0.07911551688608412,-0.03294512295787545,0.046142109357926536,0.057663437458608705,-0.06391076966904569,0.004133631772367746,0.10448454162633415,0.054514413118571296,-0.047996017043049524,-0.137016943502416,-0.10663255927348778,-0.13734007872044784
2.726,-0.07539431284114419,-0.0419029651755508,0.0334751762267978,0.06035541661004712,-0.05559803480415944,-0.006167138690693021,0.11010278778033616,0.057870009491131955,-0.03448967437791228,-0.12718138614706875,-0.10101027683938829,-0.134893210711722
2.728,-0.07628415933800436,-0.04252947453691885,0.033762377185729,0.060580228408329516,-0.0559243082275471,-0.005947637474678303,0.1216081626332788,0.07769756224166866,-0.015942126911277534,-0.12194100535373646,-0.09900957475007058,-0.1284856060415064
2.73,-0.08102023806019444,-0.03237908664597867,0.04865364398010859,0.057281933105476,-0.06561665845177193,0.006631972004059537,0.12429718509077488,0.08732716606522799,-0.011274547329957708,-0.12335385557126757,-0.1033776585976029,-0.12650916517867067
2.732,-0.08175252068841936,-0.021924094305097057,0.059830195654293476,0.05241774398512907,-0.07190625254276269,0.01705334996036722,0.11529546375567092,0.07709452528596179,-0.019188178024764163,-0.1234983609727837,-0.10800529721080059,-0.12832301207661426
2.734,-0.07598213478948601,-0.02073157611803825,0.055244587200736286,0.04958616646101664,-0.06699757944379606,0.015031559809900582,0.10743902002744495,0.06775276330726351,-0.021543244219552306,-0.11624338414649871,-0.10602116132843704,-0.1258521433936593
2.736,-0.07094318315871023,-0.025847727801699985,0.04509163783539404,0.050264141159494194,-0.05899243700264932,0.00780783474548703,0.11157835213428784,0.08000593749094176,-0.010076431149355611,-0.10700991896773976,-0.0997607647653966,-0.11718431911570538
2.738,-0.07465507078604655,-0.027807875297060775,0.04684863079245896,0.05305715342350088,-0.06097107368393887,0.00860236020463293,0.12174499176592299,0.10394535333980937,0.0015742255055866796,-0.10657212432989889,-0.0986691658056673,-0.11167887896144121
2.74,-0.0852404081580236,-0.024137368918877942,0.06110580808510024,0.05587488394096204,-0.07318832766514256,0.018022765532320136,0.12331355950271874,0.11113122671265036,-0.0027418486194826924,-0.11649812805022369,-0.10631983202497032,-0.11856296528912058
2.742,-0.09174574620355136,-0.02180998087591706,0.06993630458741829,0.057528254373005835,-0.08161289929243372,0.023314491576203578,0.11338042151271772,0.09261342716753497,-0.01779645805416707,-0.12624918512371225,-0.11464008958244239,-0.1334677287757922
2.744,-0.08758240070614146,-0.02679869863748883,0.06076050900499716,0.058394378386092606,-0.07617061000889307,0.01594409981651046,0.1054448139983814,0.07218938449354793,-0.022374701791595713,-0.12575960263875113,-0.11421341278935818,-0.14168443596309044
2.746,-0.07933918739420291,-0.034947333551792664,0.04425964507943733,0.05941074454932636,-0.0646006606224902,0.004014682871335875,0.11109975259866142,0.07599021467008787,-0.0073575513899776495,-0.11659893777273342,-0.10593264525623895,-0.13624569653487317
2.748,-0.0773080832732558,-0.03628877735369349,0.0406921443487733,0.05981604328012206,-0.06162620442223075,0.002221321406688803,0.12379314655482243,0.09742647337742012,0.011848127988601301,-0.1085365016529627,-0.09858810207240697,-0.12617074400986936
2.75,-0.08134136298128761,-0.028221697754684777,0.05271960995135394,0.05776271051713841,-0.06872863360296858,0.012362028293540163,0.12753273191335573,0.10657215285998263,0.015542874252102773,-0.10659700086644684,-0.09709559320245831,-0.12214811578198595
2.752,-0.08256044760420622,-0.01931823373181644,0.06311813997100042,0.05333423104987326,-0.07366851921806085,0.021576981734407807,0.11895892904121438,0.09369674920772902,0.005721780445671495,-0.10521340016373631,-0.09686713183435203,-0.12100260274793255
2.754,-0.077066407971872,-0.017872721947269736,0.059546517606599285,0.04918080931591243,-0.06890854550881867,0.02010279489400819,0.1116038109884875,0.0838798412856691,0.0020951233574330787,-0.09815182503998264,-0.09147852663377916,-0.1129170825749405
2.756,-0.07149882055733658,-0.02163779359605064,0.05042922173932909,0.047806197807599385,-0.06191333035755133,0.013220391154344343,0.11675281283463552,0.10026913131306117,0.013932040087240468,-0.08960123829900234,-0.0830057424535848,-0.09874709285267987
2.758,-0.07333763795347024,-0.021901689811378744,0.05175474802764121,0.048579622317143294,-0.06414242781457148,0.013029851724928964,0.12858499666990197,0.1304303073363527,0.027770982180251848,-0.08876218804408804,-0.07959274935482116,-0.09002718135389853
2.76,-0.08000418650166113,-0.015763950652142332,0.06416856623838904,0.04866723399704269,-0.07439713253343176,0.021816496445717346,0.1326148269295805,0.14247813172562324,0.026649802442902867,-0.09632080285193823,-0.08372409635675652,-0.09394797410432773
2.762,-0.08182949441493065,-0.010842712958262984,0.07078460668182077,0.047222912340018845,-0.07911569597962116,0.027939268833078595,0.1250307061552009,0.12641914956542474,0.013489314321928812,-0.1027096262867513,-0.08866088311962285,-0.10502723938002942
2.764,-0.0751123307958214,-0.01528004013255913,0.0597668599936453,0.04655810020456498,-0.07038341178247125,0.021022124283281474,0.11776904378326397,0.10612632476184708,0.007907553546283995,-0.09944809605301139,-0.0873092848852494,-0.11177655525967256
2.766,-0.06781803007701409,-0.02572848810177365,0.04216523007943363,0.04855836250449924,-0.05774794170857073,0.007391800695599503,0.12180971102786589,0.10760089102912272,0.02045035436084859,-0.08915634461722023,-0.0809657116965348,-0.10928172220661764
2.768,-0.06924139283006484,-0.030376535985884013,0.03895853980358477,0.05138553409259935,-0.05626519596174213,0.0033130441544772563,0.1310440485798949,0.12501255874132292,0.038245532348978636,-0.08284518643134356,-0.07722174701175409,-0.10344867254693446
2.77,-0.07732803842379157,-0.023989694029928153,0.05348496919722779,0.05136006541461349,-0.06652963295148241,0.013723741091362929,0.13078041318337785,0.1307325525703311,0.04263916805563792,-0.08588299570121871,-0.07956353591092974,-0.10168264139681311
2.772,-0.08185893772302312,-0.014552001186997501,0.06772350980028989,0.04809580347387774,-0.0750193041959548,0.025938851512234396,0.11953251581467446,0.11687917155267853,0.03513227298311203,-0.09005450683671329,-0.08239440560063148,-0.10216878654158311
2.774,-0.07819752846386101,-0.012288557794277077,0.06664247703414349,0.04521820726017317,-0.07287120070793833,0.02679816684007265,0.11185289687066675,0.1080301887080253,0.0342501152567891,-0.08548748635072594,-0.07951387582140954,-0.09720185614731756
2.776,-0.07240319027907606,-0.016733647783062522,0.05636278735622882,0.0454795453360106,-0.06614610563440837,0.019062098211789256,0.11821569207536099,0.12575234762722773,0.047945745542437586,-0.07591999910606166,-0.07407130361507681,-0.08615584514910538
2.778,-0.07255325106939252,-0.01867861501831083,0.05412072238567914,0.04742259766008142,-0.06603759404444444,0.016115370210352264,0.13093277043995274,0.15681228333199498,0.06194138015521589,-0.07337203138717693,-0.07416990224350346,-0.0790232813837482
2.78,-0.07794279985278378,-0.013297341221637012,0.06449543552624357,0.04767524648194431,-0.07325713735827377,0.023259615369358073,0.1346695588986579,0.16908921609479258,0.05986576051403427,-0.08083689312043645,-0.080250338081633,-0.08418217793304009
2.782,-0.08001011405084857,-0.007261564586299168,0.0726617673958052,0.04542875187564134,-0.07680840417908993,0.03033156704245311,0.12640985278907801,0.15297452917740506,0.04627074305732343,-0.08829964513671884,-0.0840657532813568,-0.09708671205529666
2.784,-0.07438779305769593,-0.009682764601023786,0.06501129116769325,0.04332933566766326,-0.06952647423940689,0.02599271401297512,0.11842270703382927,0.1338642355221384,0.04140423468097337,-0.0856684737508495,-0.08043015240512895,-0.10799892333286813
2.786,-0.06773808628143316,-0.018882383001704264,0.0493838705848173,0.04421061894429787,-0.05920528006551695,0.014189200437791007,0.12100186106005725,0.13860223307084402,0.05449032461772492,-0.07524785735275766,-0.07354434898383458,-0.11836736378323706
2.788,-0.06927590184830411,-0.02420635783290052,0.04538732507819644,0.04789480847832874,-0.05888929246567101,0.009347401018222503,0.1282968871750168,0.159708378720825,0.07066011614963451,-0.06868970209667057,-0.07022183238982209,-0.13799749952241766
2.79,-0.07810688191388636,-0.020371545775091173,0.0576823219320766,0.051314826880395945,-0.06936372676492407,0.016914601557342587,0.12667900904045326,0.16734347905067673,0.07080173397195683,-0.07129394682353418,-0.07059908298682809,-0.1651105032016147
2.792,-0.08404798360613132,-0.014076967785754992,0.06980028642176263,0.051974471447627756,-0.0779729221900645,0.026294231204080518,0.11472582538281526,0.1532370961873493,0.058422180004776246,-0.07462253856063954,-0.06837313769254982,-0.18286519270940804
2.794,-0.0805973161460123,-0.01389946803838449,0.06675846336090316,0.05026655609812368,-0.07485095906847028,0.025672688676779173,0.10619754385376727,0.14247414390644267,0.05455390514237947,-0.06922215716706336,-0.0598780919430466,-0.18037826401217308
2.796,-0.07238364495099396,-0.017994423467241127,0.05478474900948944,0.04754665656282838,-0.06494313240618672,0.018135921973381052,0.11131898522216095,0.15716761575568747,0.06813575096836902,-0.058657264838824816,-0.0500322134614868,-0.1666339901830785
2.798,-0.06845540586833485,-0.017184905121977727,0.05176410025415315,0.04403273738782864,-0.060949734209650344,0.016895341671665436,0.12283741457356537,0.18560958202873992,0.08450830096625657,-0.054100130818645294,-0.047444950915016874,-0.15925096922143836
2.8,-0.07025074271335806,-0.008687188820675535,0.061816224742719285,0.039562636187547885,-0.06604450066145086,0.026027469550429384,0.12545971312988177,0.19756666915224558,0.08584912177635044,-0.059050978805232024,-0.053910872678347856,-0.1653647656611131
2.802,-0.07016049901633208,-0.0010099368248053992,0.069084926643759,0.03531323953785697,-0.06950721183310972,0.0337159815254218,0.11643717451253564,0.1839547181844602,0.07498677045343809,-0.06558132815190888,-0.06046525322818791,-0.17604870017759072
2.804,-0.0637086163582476,-0.003364227317737092,0.06020301274993427,0.033966106053269794,-0.06261033005761825,0.02823029677627298,0.11020423436649875,0.16885625431802367,0.0722479478953923,-0.06444119072071541,-0.05689609646430375,-0.17806263093712793
2.806,-0.05727042168093168,-0.013414061417468566,0.043937881526213134,0.03683602107511658,-0.0521104659133148,0.014618769939218516,0.11856344673603428,0.17693260749559497,0.08854426376697741,-0.055836010672052405,-0.045458792077951615,-0.16935760404883896
2.808,-0.059147080722291565,-0.0196512451028968,0.03988534906787195,0.04132705155167276,-0.05131391973375471,0.008709986964500179,0.13229379738056027,0.1995789571493141,0.10925035036757806,-0.049094352724756214,-0.039690893707359086,-0.16132842734710723
2.81,-0.06776540707323274,-0.01592201998844341,0.05234465152065971,0.043626755482262,-0.0617112812685669,0.016497359557967918,0.13235729234192828,0.2071875767984951,0.11304734031506786,-0.05040122972673615,-0.04631428547161629,-0.16517378991126302
2.812,-0.07397481648974588,-0.008830492889323496,0.06554671343582077,0.043278315187575994,-0.07114818592731803,0.027007696994120648,0.11694575375571713,0.1915496051674623,0.10143488889392217,-0.05403293565114266,-0.05527714020251522,-0.17781277142734214
2.814,-0.07260750403099162,-0.008000531026325287,0.06500617222581816,0.04264484840078616,-0.06996205367821756,0.027610177749319162,0.10468752811745842,0.17812446382565805,0.09596301314608648,-0.05083827139126483,-0.05380887892593275,-0.18539700115730162
2.816,-0.0676036523211934,-0.012726052759966485,0.05546915117804164,0.0425622005529996,-0.06271299011553529,0.02036164338156534,0.10928161973572971,0.19112565313969093,0.10774505888376758,-0.0419982954907945,-0.04350185768384232,-0.1807135132065092
2.818,-0.06570826065922591,-0.013192983389218888,0.05312067356502291,0.04100281575803109,-0.06098375566044874,0.01817462222199365,0.12202346759160852,0.22101827522700007,0.12316688235011573,-0.037822422791944796,-0.036691616920158134,-0.17169591256287245
2.82,-0.06715342933838207,-0.0043209608837142775,0.06298998621382385,0.03618544877079365,-0.06703345525184509,0.02675035337155022,0.12466889567249952,0.2372564875187991,0.12367271604027621,-0.0434358133934345,-0.040284955142237795,-0.17025656336509076
2.822,-0.06596942836840022,0.006438105543200871,0.07196442442301818,0.02981069873347551,-0.07071167950183598,0.036577462744535494,0.11410116800298235,0.22840058046401127,0.11229533526156613,-0.05067234253524284,-0.0478586165895674,-0.17631657070581636
2.824,-0.059913032306514506,0.007985639050984431,0.06723996606748991,0.026194384752732076,-0.06457579247858382,0.03574833938157822,0.1062639846099099,0.2164026689925273,0.11066416684217066,-0.047829973762114585,-0.04744572513254342,-0.17861744649655162
2.826,-0.05427546598101118,0.0005943293778748378,0.05441116525433967,0.02704068224212296,-0.05487277506237465,0.026532362825741104,0.11386578296045104,0.22545116519750835,0.12866728890707874,-0.035908113799908145,-0.036646443906414944,-0.17140552863403227
2.828,-0.054110838766267266,-0.0034944771141216676,0.050251078342021166,0.028793143230615083,-0.052916221999478465,0.022942760920597577,0.1279360386712737,0.2484011658882917,0.14959629788423612,-0.02806679972325706,-0.02655405070971269,-0.16305435917410244
2.83,-0.0577952255632053,0.00279658876235107,0.05992657441104294,0.02785593459364127,-0.060161570946622486,0.031123474388721466,0.12950186240627018,0.2577251704347237,0.15354548466558926,-0.030681698856270746,-0.0266263988027808,-0.16391302291277063
2.832,-0.060067672480530986,0.011167671398435922,0.07027814508302235,0.02566362395954044,-0.06705826292625673,0.04033129513220509,0.11565637818449594,0.24510196820897154,0.14502916193969836,-0.034162815642899164,-0.03140994566215696,-0.17101495881152476
2.834,-0.05886257265927735,0.010793530272322703,0.06891219446014842,0.025616638304901154,-0.06623968933782369,0.03884958754341402,0.10312714523713604,0.23337203627549638,0.1447819898969872,-0.02824199928331884,-0.02968549898341541,-0.1720351051435126
2.836,-0.057279217689759784,0.00419699140499413,0.06132216769156384,0.02770643820156275,-0.06184368143222593,0.03100091072271416,0.10558563896985354,0.24515520221113915,0.15993489068936503,-0.0176941113339939,-0.021284580847884052,-0.16258591400532357
2.838,-0.05847815428987355,0.0029637998409622565,0.061670764992818566,0.028561685822242937,-0.06236237662667822,0.030170192872698468,0.1168412693958427,0.27253805490863103,0.17532032075620932,-0.015129924539369517,-0.015995879042976675,-0.15253262214341134
2.84,-0.060195638641033784,0.010898221478782406,0.07117112729058953,0.025938757296899546,-0.06738181224918324,0.03900153300207439,0.12036671883228586,0.2878505821365673,0.17519294797794427,-0.02290698633250849,-0.01833925249138384,-0.15319845139124347
2.842,-0.05719660849840795,0.01882079010184867,0.07566370777758163,0.021554205525045708,-0.06765995367752453,0.04552891008794276,0.11133611350298764,0.2806256385342963,0.1654095970297759,-0.02968919780044053,-0.021482084807828723,-0.1623740919814806
2.844,-0.04933329935795223,0.017726721173773535,0.06649208501590802,0.018788943280208498,-0.05907449823233496,0.04038461201979559,0.10293904142801952,0.27146192287814563,0.1672812561751646,-0.024832590218882036,-0.017525857479405285,-0.1671765217107223
2.846,-0.043263265051029336,0.011381492995661735,0.054212884349875756,0.018481346924846702,-0.049982319612249373,0.030510244020782614,0.10853461067788232,0.2834652711095583,0.189569702830239,-0.011238150431939103,-0.008784462948506955,-0.16116961752702302
2.848,-0.04384520834069315,0.011014557418969135,0.0546033146305078,0.017964587001261773,-0.05040978552630522,0.029954118189284135,0.12299095301617329,0.309926143797443,0.21489179755707566,-0.0007894126096758406,-0.004611147068554234,-0.152066969890722
2.85,-0.047315503851476606,0.019348003868301746,0.0664327659723184,0.014840785760141462,-0.058039432292129316,0.04002866776855522,0.12868570801148688,0.3232363147366411,0.22126233294805658,0.0014205930778536725,-0.00781857437403894,-0.1499003695111449
2.852,-0.04668872112487923,0.02644372200683832,0.07293742697840323,0.01097916636486011,-0.06115945528531561,0.04710791659044173,0.11893398780358799,0.3138095874005652,0.21134802602472974,0.0024246859295197023,-0.01016644211678783,-0.15302321216615275
2.854,-0.041857157221000724,0.023874554348288106,0.06568485552156754,0.010568211019612453,-0.055096407824925295,0.0422449020062045,0.10678336783319023,0.30440370158000196,0.20818694222320733,0.00923940879604569,-0.004392856500335108,-0.15157571171472947
2.856,-0.04023097501506406,0.016503009690322454,0.056812227699744935,0.01441647267022214,-0.049430227793516246,0.034182702377084456,0.10671914033850861,0.3186532089858335,0.22329088094056107,0.018002986590646083,0.0047202515564327245,-0.14269585905520393
2.858,-0.046332531068306405,0.015549094721804622,0.061951767146481346,0.018225828545357634,-0.05487470528331538,0.036861807795308114,0.11504069214644776,0.3479996889619088,0.24204429012213535,0.019603213674603843,0.006915277849308671,-0.13527473868693685
2.86,-0.05414482745211896,0.023522994717161575,0.07766171397093365,0.017369987138614817,-0.06710302846133234,0.04940794679691096,0.11622410604189276,0.363191323155668,0.24532730604934902,0.012975838223455648,0.001452153094535734,-0.13745646733293726
2.862,-0.05415676168225517,0.030813608651457276,0.08492928648406498,0.012770181982240239,-0.07127279036416788,0.05655667596721332,0.10578525375102903,0.3542486715352821,0.23665959865231284,0.008053513345475466,-0.0012631503802766082,-0.14471744797205285
2.864,-0.045863004645513177,0.028635372343578828,0.07448171851762421,0.009562201212102897,-0.061815805086496076,0.04930985883829586,0.09688399900587415,0.3438892179017571,0.2381316780530253,0.014117268611164066,0.006130354704987904,-0.1457665525673682
2.866,-0.037916813419389156,0.021615336723799006,0.05954646977622285,0.009621545826237242,-0.04966211063713359,0.03777944926697399,0.10123325883459201,0.3562815893558315,0.2605408056599606,0.02795023519879111,0.01808580835467667,-0.13776474881111225
2.868,-0.0364914065201938,0.022030158252357324,0.05853749314376836,0.009080725990878754,-0.04767017100488457,0.03807619587892942,0.11231019539243299,0.38451779879648734,0.2878868757581247,0.037818941586435235,0.02398183895899699,-0.1292536461107779
2.87,-0.037952460303099934,0.03256179113716548,0.0705360026511076,0.0045710726607353465,-0.05433165538901683,0.0504224735724642,0.11538543407463475,0.4014490643502322,0.2984172299597392,0.03949772529146369,0.022671450291153285,-0.12742709171538974
2.872,-0.035121902927454304,0.041792394943495216,0.07705877733379549,-0.0013216560417108258,-0.05693415439797491,0.05872984056757131,0.10864478823189042,0.397986632736159,0.2936961099926057,0.04161915005250116,0.02355162776312403,-0.12795927446544483
2.874,-0.028187385255523213,0.03966061936736189,0.06830265036475007,-0.0033169611854352073,-0.049712499021135434,0.05280603344674681,0.1042399213352036,0.39482932040983193,0.2945589898005955,0.05135089408963587,0.03245348375665795,-0.12118385951868632
2.876,-0.025512492497243598,0.031088616419129685,0.05735396837959007,-0.00012892086218658583,-0.042632865858266394,0.04245507576500344,0.10980466236790727,0.4122569736861959,0.311050980507543,0.062201290022018546,0.04232429305293418,-0.10578090804425025
2.878,-0.03307497115471002,0.02876414524441719,0.06252084773758797,0.004490364024861811,-0.04830767608625114,0.044077807176759756,0.11750198308447966,0.44101039080718585,0.3291492298632832,0.06284299194417224,0.04180518105667056,-0.09108670984040826
2.88,-0.04561004716699341,0.03594266349394662,0.08178274326133389,0.006428744282289716,-0.06384463517559201,0.058059087583269164,0.11458070504754751,0.4542268210632882,0.3314591910721169,0.054016334731903023,0.03051007058572534,-0.08149524878936827
2.882,-0.05150866152631011,0.042418317331089445,0.09377557078816495,0.005556439330647018,-0.07293069961873949,0.06744661545131578,0.10093403909512966,0.44405523397393565,0.32305698494097923,0.04890352531173188,0.021184477880960454,-0.06200933044520991
2.884,-0.04551204470109508,0.0392062036188423,0.08463956466961846,0.004107368885246033,-0.0658992540322767,0.060381741511784076,0.09011516107009085,0.4330407372942191,0.3261440623299542,0.05646160322995221,0.025637332193800672,-0.01368547278722404
2.886,-0.03269739986998421,0.03286768621861155,0.06587597252794257,0.001079860839579512,-0.05080744590555941,0.04672859324825131,0.09240285656818525,0.4451694901768662,0.35014693885386183,0.07134251629796728,0.041734732649256485,0.054539881387940574
2.888,-0.021067309917319133,0.03822932021363948,0.05982258649489459,-0.00746470022825535,-0.042547641915088946,0.04599859736241682,0.10241616224290946,0.4749480221693487,0.3789884101479629,0.0827915631180496,0.056786073682485304,0.10770310938189565
2.89,-0.013442066694342805,0.057458443129772,0.07121471158963928,-0.0211651566957269,-0.0448085625226713,0.06187076811441658,0.10692002937140983,0.4953160360019203,0.3927660930695636,0.0885425476643404,0.06262876258875141,0.1240351893064903
2.892,-0.007332400037535049,0.07500098042236074,0.08227986316171011,-0.032846790899653346,-0.047390821117117225,0.07736931517460062,0.10206922250049238,0.4947700950419294,0.3930797197293034,0.09548022563125388,0.06373519808919764,0.11721848075305687
2.894,-0.001433321999861725,0.07671660618116788,0.07795897216288382,-0.035970404812669915,-0.04186239876010761,0.07719858401078215,0.09738333373305591,0.4921962051667214,0.3979150045722825,0.10779718552044897,0.06891568985163163,0.11410834250525476
2.896,0.0015212864850358248,0.06762441924625996,0.06603352501877238,-0.03246639693066769,-0.03343783617661592,0.06689981156327754,0.10180682952256097,0.5084021891997204,0.41553358755365366,0.1194717163327335,0.07886397810051377,0.12304139413412471
2.898,-0.00021691280020251296,0.0644378315815189,0.06472243998884537,-0.03037477984694012,-0.03281952952430759,0.0636568254755022,0.11044130385342103,0.5355973438236998,0.43333008324779093,0.1211062561356001,0.08574079544789781,0.13176769641946143
2.9,-0.0030113893206231133,0.07346968554812465,0.07655127560639216,-0.034311857518969424,-0.04043037918094779,0.07272025099328491,0.10969105523027842,0.5474426678235423,0.43578379801560774,0.11298651274556618,0.08444379952090261,0.1291029415526902
2.902,-0.0013235667830580119,0.08385311185047213,0.08519559469484465,-0.0408525883730622,-0.04515255319163218,0.08181322801843056,0.09589522811290462,0.5356172253081877,0.42734093504505216,0.10727179137780388,0.08038526712176984,0.11939582541990876
2.904,0.005089169266100147,0.08374906939081321,0.07875161342964682,-0.04384769369005295,-0.03940892260971718,0.07951073622516958,0.0825110712947879,0.5222910128730059,0.4279446767338887,0.11395721523097896,0.08279101435157427,0.11487932745626404
2.906,0.010007935978185858,0.07650811361764755,0.06681033307086166,-0.04236271692020214,-0.03009067142343221,0.07136517295292132,0.08335754898803531,0.5307934308984282,0.44628526519780454,0.12842933285510685,0.09245797548108202,0.11984826708026604
2.908,0.00834597093148435,0.07551808282287754,0.06760806418326426,-0.04125526428933619,-0.029667983534533916,0.07199963439873559,0.09339268097824935,0.5541386741666369,0.46745516630578304,0.13791926015641962,0.10090465135415227,0.12688376347902913
2.91,0.0031894763920488163,0.08499907404267958,0.08208092785247592,-0.04405920390244526,-0.03862962052908722,0.0838051423353581,0.09508056247763415,0.5648095355165414,0.4723768799235088,0.13838729782948903,0.10205682501007954,0.127622915698411
2.912,0.0022500771897243006,0.09362328660095218,0.09136973374371572,-0.04827416119413607,-0.044107241595593545,0.09235991261957813,0.083145549976966,0.5541287303581407,0.4639726630416921,0.13943667289337075,0.10056007198905023,0.1237025269147049
2.914,0.008300988941857781,0.09089578134208097,0.08257181907721249,-0.04979668412733848,-0.03739457902942255,0.08646791224968152,0.07181651432260325,0.5455031632292666,0.46358389561763325,0.14982673852746028,0.10535689965830641,0.12364817641282255
2.916,0.016716788923352592,0.08271133175811943,0.06627648875536579,-0.049588513289375816,-0.025340124854240892,0.07431681856943613,0.07436774409157425,0.5612494153839257,0.4814955634932172,0.16348710962767224,0.11740880771056174,0.1305919801237865
2.918,0.02161162598922731,0.08288297537571965,0.06187403008359026,-0.05183774974148175,-0.02078593844263402,0.07227591424292047,0.0851153454427838,0.5905360540519786,0.5025491755755831,0.16715731583851207,0.1282575347327977,0.13783409161807314
2.92,0.021478712934321947,0.09306595177426877,0.07223016341159981,-0.05660193637642998,-0.026494063746433344,0.08240451274652748,0.08720563256932978,0.6025599583313482,0.5059002167650313,0.1587406540885835,0.13132722881047862,0.13698536895422458
2.922,0.019807381156435152,0.10049965782841778,0.08109162842297846,-0.059452080372435885,-0.03239694555456858,0.09009959490840203,0.07487593845368352,0.5864244271548666,0.4926937920959863,0.1502399842631728,0.1307233026066247,0.12845010111764338
2.924,0.021090896614279278,0.09600084977034107,0.07498827964300048,-0.05831070029029624,-0.028605002894255865,0.08436477382075992,0.061470903172716446,0.5652999383584794,0.48516726661988707,0.15303896650744223,0.13520039979144804,0.12190485657036743
2.926,0.02501828632344623,0.08624299747480448,0.0611414365467761,-0.05599875511743067,-0.018734196793618228,0.07270046408935697,0.06135945022453978,0.5658689888585311,0.49705225767163697,0.165286301507603,0.14527404114730574,0.12468753378668733
2.928,0.026711236116181373,0.08433116887197147,0.057660910597733185,-0.05586796267608177,-0.015414727726699278,0.07070056476398048,0.06967048650999046,0.5828544232391822,0.5150233032865017,0.17528264992009976,0.15179159678781132,0.13199809732651807
2.93,0.02466441550048668,0.09213302108467182,0.06780258527750253,-0.05803237178982537,-0.021915615300748415,0.08020382358616544,0.069444177463439,0.5874068185123368,0.5172312800324345,0.17621185779704102,0.1491377850756109,0.1340243423162835
2.932,0.024000292213182305,0.09882513449055093,0.07529702820215486,-0.060435723321998494,-0.027021450916202422,0.08696493408081189,0.05618291938247959,0.5692688539072082,0.503411920716773,0.1742404941144098,0.14463836538258493,0.13124427724594248
2.934,0.028884047813864815,0.0973267882609204,0.06871842077286129,-0.06198659514900435,-0.021961263141670892,0.08186961686722886,0.04386408713856974,0.5524351263455102,0.4949375651437893,0.17877402777177842,0.14928420266428016,0.13390959493186505
2.936,0.03626028101158131,0.09385437074997806,0.05755136822085205,-0.06364440999443828,-0.012688239377909324,0.07369825673284548,0.04531727087590406,0.561111912060836,0.5053314162767951,0.18816660261288568,0.16244318986864328,0.14593627398053127
2.938,0.040714866478688515,0.09777926530592326,0.05692153997533113,-0.06708680920905175,-0.009604017585808875,0.07532338036067503,0.055496180502419626,0.5850290858214423,0.5220632928707805,0.19223207571217338,0.17300316440404997,0.15783522086057894
2.94,0.04227174358751124,0.10787400323320433,0.06567058232355129,-0.07248963620635604,-0.01237829907997719,0.0852310179292341,0.05851903659393061,0.5921768605944745,0.5240598538684483,0.18784348843973173,0.17450400573131877,0.15852888026002857
2.942,0.04516779870737128,0.1132277890107451,0.06844399661639897,-0.07704024075054017,-0.011642422678853832,0.08960171040913921,0.04810078711769406,0.5707234942418566,0.510454139462707,0.18343074449848812,0.17216855729386604,0.14983736140031514
2.944,0.05031343801069504,0.10691581782209446,0.057086270898724166,-0.07698690709978787,-0.003171116486570466,0.08056081309262601,0.03554022184941912,0.5438872784088411,0.5007561273212046,0.1865889444214667,0.1740590164045363,0.1445463825527648
2.946,0.05319144050661851,0.09526546579922278,0.042328345665077434,-0.07247100340402787,0.005452633773348059,0.06700224866057025,0.03459114546381881,0.5386913973110733,0.506813645460814,0.19447950293851582,0.18049274994732342,0.15005925226148425
2.948,0.05047637388889094,0.09083573885633071,0.04029981511178839,-0.06850175214938901,0.004572336661709669,0.06403998692163698,0.04232168185037168,0.5506949072907592,0.5163880404143308,0.19897275298234468,0.18522557446270266,0.15955862860876813
2.95,0.045914173480680304,0.09678339535971785,0.05070791261049366,-0.06907143534645444,-0.003837042194689301,0.07320036902660954,0.042924129664330096,0.5519126478962251,0.5111070587528834,0.19759654463451265,0.1849594665482824,0.1626771472637856
2.952,0.04636876398361105,0.10310873542432658,0.056665874725642634,-0.07235913733168654,-0.007550933338238627,0.08007128604740348,0.030626880195157,0.5309239363031384,0.4930434556963462,0.19659683563269176,0.18374160053897812,0.1598650900655846
2.954,0.05293241207938039,0.10139426900430343,0.04839041198801304,-0.0744504581090224,-0.00027506541242513735,0.07464916366602828,0.01835111046668423,0.5091435754582196,0.4822073507444882,0.2023440632015927,0.18724829063287976,0.16122357933545625
2.956,0.05895471049713546,0.09673070234294548,0.037505519613304984,-0.07490711891943894,0.009211943207203614,0.06556323799760269,0.01904188148207781,0.5106448013346672,0.4887616850468819,0.21143884008262231,0.19495311125169978,0.17373897813648564
2.958,0.05824930892041947,0.09917995941401513,0.0405029610390011,-0.07601840979008703,0.008660490366665285,0.06722366701652922,0.02718758116792299,0.5277485498958283,0.4983914926009788,0.2133041925735449,0.2001463726761085,0.19285566257444348
2.96,0.05390403950905425,0.10858800770109904,0.05437313320314258,-0.07920187642641359,-0.00018653855708713297,0.07881393352917451,0.026893782744878126,0.5297434204765575,0.4909219319601626,0.2039940183471553,0.19902791168333062,0.20695817348004938
2.962,0.05474193625664122,0.11415221662753985,0.05926954333919647,-0.0831022500602084,-0.0031605656921374586,0.08479955266649469,0.01452612442886942,0.5038637343523974,0.46826146063606267,0.19312512641022192,0.19708715461318657,0.21037808062015462
2.964,0.06281441902993105,0.1085833238366888,0.04548980619928659,-0.08457641006236112,0.006736152298424803,0.07593258048818458,0.0040223879432336835,0.47318302618584596,0.4531157858831473,0.1929023261741249,0.20195116322899642,0.20929298207716682
2.966,0.06973625614911035,0.09813536557633834,0.02787841249805615,-0.08246453749222371,0.018876396251116433,0.06204735487719258,0.007711517397944883,0.46576928914114396,0.45828642683167686,0.20285643424327973,0.21166028609996523,0.2121094888208867
2.968,0.06716835365737746,0.09441745181761962,0.026983203976726593,-0.07901663097469915,0.018615438078201867,0.05903113642718011,0.01889621542635536,0.47603311785022373,0.46888850854258185,0.21061572430632677,0.21581342283344188,0.2179726461306338
2.97,0.05747343670738261,0.09861571923648137,0.041598837522985314,-0.07642171989552844,0.006860422987907913,0.06752939478801973,0.020346521043295623,0.47267415485601977,0.4627871227307352,0.20804885587864996,0.20935153129893597,0.2201688920693862
2.972,0.05086959024889987,0.10049510438469342,0.0504697306631266,-0.07431218691294227,-0.0011524842518288408,0.07277357370224757,0.007720441949521017,0.44347624353600174,0.4403986528836168,0.20105326793509007,0.19982489855143892,0.21784845691629506
2.974,0.05283545045562425,0.09351083583437486,0.0411462442570107,-0.07181504227281822,0.0038252945644037042,0.06540159681089376,-0.004643517108560217,0.41276855982571065,0.4224974897314556,0.1997555670223547,0.19753044587074237,0.21720614264507748
2.976,0.057931039051436185,0.0843031085238449,0.026235904487467702,-0.069778561500267,0.013473890994954446,0.053969961275727354,-0.0030653820964502507,0.40791903045939054,0.421034296471541,0.20409588800629425,0.20290493382881797,0.2216284307232237
2.978,0.05830614190552061,0.08358798501172042,0.024939612368410632,-0.06974809917849557,0.014673832887001359,0.05249044076206485,0.007701080370226191,0.422516796939901,0.4236884438208951,0.20500256934220842,0.20773883042290137,0.2255147817568224
2.98,0.05575602638762005,0.09173269704576444,0.035755583627921944,-0.07236787243370604,0.008812332698745522,0.06093607161967914,0.01111202398295641,0.4244104067901646,0.41173604419725107,0.1979673641419787,0.20627062484626144,0.2209253945142351
2.982,0.059029521158081674,0.09813320310484365,0.03890428241135547,-0.07674955076185797,0.009450104275964653,0.06540530304724627,0.001003217970318035,0.3978915946746157,0.3862386512743988,0.18937174550656444,0.2016825147435481,0.21059886618973858
2.984,0.06940707958876728,0.09443421458646653,0.02469284828925238,-0.08023792510940367,0.021618262028412202,0.057241951032314844,-0.010298856417939595,0.3640133107784324,0.3667429953235757,0.18708014336534856,0.2010425395504687,0.2071026120044152
2.986,0.07703261470261111,0.08493647414188861,0.007500358768742807,-0.08029093074391222,0.03354957013823247,0.044963524902521354,-0.009257885056892451,0.35083861291015006,0.3642972728674674,0.1893260257770616,0.2051523912871712,0.21511301470198912
2.988,0.07333781625099416,0.08041069917438787,0.00672513505433575,-0.07681155704840606,0.03193204862783411,0.04270528081279467,0.00014659242711234616,0.3548973767717744,0.3656891726984808,0.18762188741264024,0.2068441075976366,0.2239402606981268
2.99,0.06171940812999703,0.08260332129614892,0.02073698072887453,-0.07128189362108808,0.019312225419269587,0.05052733049579679,0.002452381943521551,0.3477849534487845,0.3514461270774259,0.17955604357460508,0.20146391508002712,0.223375807711622
2.992,0.05328575339835935,0.08194807157096826,0.028954611695239336,-0.06517407798609187,0.010949194155729602,0.05423438303423074,-0.007167728152055235,0.31808858887435987,0.32393762058848236,0.17330649297871414,0.19425766308171294,0.2184460912112704
2.994,0.05369334147804713,0.07248709554361688,0.019570375492073695,-0.060158525412421365,0.015422322204173973,0.04540451021370969,-0.016379279714798255,0.28807197027967835,0.3048212431745898,0.1758687411336794,0.1926958865191393,0.22089725247339606
2.996,0.057350484132433516,0.06131659461222028,0.004862821577769874,-0.05766045323285946,0.024509568486604932,0.033157393207421164,-0.013575278009748235,0.2819399674213926,0.30430303241465484,0.18124885869395202,0.19575693677935108,0.2313262245166725
2.998,0.05558671356224147,0.05888794836153871,0.0039048547813033785,-0.05720216517816336,0.02473778952661125,0.03165232002102391,-0.004721663692509342,0.2912455253466999,0.30603002214787517,0.1769230581206248,0.1949457117297754,0.23734099866402647
3.0,0.04807020266619862,0.06458344006906708,0.01674197906585142,-0.056677501975333104,0.015184277806406988,0.04066437458969615,-0.00568983516260015,0.2848463345154729,0.2890485687776922,0.16065613395519845,0.18450117921441644,0.2292247236410399
3.002,0.043215508565534744,0.06744610090840811,0.02424125070917362,-0.05492376851612606,0.00879727298894106,0.04534883071671247,-0.019431939079960263,0.2511122651042734,0.25776933012014597,0.1448597220978612,0.16958344659313565,0.2138936140708297
3.004,0.04697226974797787,0.06072660309534696,0.013706293184273265,-0.052763570617285406,0.015038770645137407,0.03614240553420786,-0.03001161676734659,0.21551638715903895,0.23818200689447955,0.14225988699468842,0.16208107765637056,0.2089806264481218
3.006,0.05459971622319249,0.05059101420698018,-0.004035041601407635,-0.051395159462736366,0.02708552176705131,0.021961528691969056,-0.024167572585766593,0.20715195674501066,0.24286989211658735,0.15098363932000478,0.16631499411650885,0.22132862913620235
3.008,0.05640948450924126,0.047505702604065926,-0.008897462073374775,-0.05075824519011097,0.030925635282437282,0.01818431959099269,-0.010356129141782092,0.21909830629815247,0.253205076921464,0.1577677430772593,0.17372979962476204,0.23738547643298702
3.01,0.04970931588134928,0.051815102805428066,0.002120495778850715,-0.04928196589233899,0.02331488323826992,0.02596379124358913,-0.007313051844532742,0.21862864971988855,0.24477832895805093,0.15466010736646935,0.17522558449499837,0.24012839471109723
3.012,0.0416256839826535,0.053406093410713736,0.01178403177811267,-0.0457259389748147,0.014977414594750731,0.03150070808212004,-0.01869812507654301,0.19303339789520318,0.2200640844586811,0.14737596302073133,0.17221907557441865,0.22990300966598698
3.014,0.03964047370485585,0.04624810143192595,0.006601701328550337,-0.041457215960719315,0.01574906969228321,0.025400682292969497,-0.029738368188655998,0.16518820534959214,0.2022338048521409,0.14486905422491664,0.17043870896557545,0.22094488700105333
3.016,0.04230422187072759,0.03690678943923562,-0.005402115835219129,-0.03910220737012847,0.021835974613555444,0.014740806263027512,-0.028243395485785888,0.15903349864274416,0.20124393894037745,0.14577118268710135,0.16943912646051115,0.22129263598607785
3.018,0.042639344736785524,0.03532274392035888,-0.00731560846366835,-0.03928309927075081,0.022665873795418304,0.012528671604125463,-0.01994205165905845,0.1666762103164537,0.2015680855134029,0.141443507736301,0.16466545051097503,0.22452927254710564
3.02,0.03845703564525047,0.041281492783393645,0.002827469154040532,-0.03993569403676315,0.01658889777134549,0.020061348594349073,-0.01958463357182363,0.1605446307147371,0.18589004565686573,0.13029297360937214,0.15588145797414724,0.2205886934056373
3.022,0.03407155080999966,0.04449583724569829,0.01040323836608275,-0.03817198229558612,0.01216238605081588,0.025491838895146023,-0.030510682021493395,0.13180252693191005,0.15927118984982128,0.12176208989687677,0.14847181784246094,0.20930343667168919
3.024,0.03319557241601749,0.03790570832827124,0.004577602639990078,-0.03333977079618595,0.01528032318158952,0.01979748656073444,-0.039475611604052725,0.10367185670030055,0.14253145041317022,0.12408219997911399,0.14676524176851372,0.20060920108913755
3.026,0.03454134492616479,0.027254433866317266,-0.007615397349629278,-0.028526994444018103,0.021278969348817012,0.009060268720588578,-0.03466292304526323,0.10037136802705378,0.1454607081465168,0.132614388170621,0.14856958538915419,0.20150537632255183
3.028,0.034507491962167784,0.0241776931048637,-0.010752249167248139,-0.02740966700175436,0.02135075229016358,0.006622142515882347,-0.022505798322369375,0.11308036001972635,0.15391711434758182,0.13501128784092703,0.14851161652474718,0.2067502525573652
3.03,0.03271702545407979,0.03054736509147369,-0.002424544653800506,-0.02977090239548901,0.015123695714739933,0.014370705796375725,-0.019104433635742036,0.11175024106890223,0.1471552733808677,0.12694363555624474,0.14555605895830712,0.20637341823543884
3.032,0.03287010773646653,0.03553004101390077,0.002685835683481051,-0.03184344969853205,0.012243406012827137,0.019389932828062794,-0.027864994875262533,0.08763411551116464,0.12419975099572392,0.11729896162886674,0.14394248981417748,0.19966665254202637
3.034,0.036478848415779204,0.03073500532848162,-0.005598295336749779,-0.030779342391731405,0.018529535601035978,0.012369716299861118,-0.034980515646853075,0.06584924499508944,0.10455663191159849,0.11545876187328764,0.14685353847252508,0.1955832236143807
3.036,0.03811573444876254,0.021076583925224934,-0.016954238999645016,-0.026720212360963495,0.025949994676867615,0.0009439576008864283,-0.029011433107046646,0.06945989791809369,0.10133888322603646,0.11777612346886131,0.1513189699352394,0.19871087526396505
3.038,0.031096820976887433,0.01633685584274677,-0.014674759935877755,-0.021101357499233458,0.022200468565518248,-0.0010887914208561828,-0.016974226715000776,0.08597421943593174,0.1034836371831274,0.11268661133412008,0.15048223105819705,0.20130447121112546
3.04,0.01802020689899513,0.017860202540237454,0.00011113867438059471,-0.015612074602351743,0.008253988291604205,0.007265628200006703,-0.014967269833641597,0.08343536202328915,0.09240578768513359,0.09778705773091902,0.1414240861411766,0.19416379161303507
3.042,0.009790479348042228,0.017894628902884718,0.008546590660319575,-0.011615872096260206,-0.0009073258152212708,0.01247347619011505,-0.026364881437917476,0.053696811928777136,0.06944296617309878,0.08345922484647644,0.1297607812025005,0.1805943014550545
3.044,0.011694691989403632,0.010477662283663522,-0.0008006176974123102,-0.008791292098442243,0.004209226037584028,0.004499440228313218,-0.037068823041127255,0.023605556277451853,0.05418243730976574,0.07800877168807505,0.12421875145129845,0.1719341129669239
3.046,0.01689313387935128,0.00028129215825190224,-0.01629483305261218,-0.006383368389639597,0.014820284818337777,-0.009053310846189603,-0.034334964995984124,0.019745805586397824,0.056558606221525955,0.07758735057753006,0.12623343833777614,0.17208988162985492
3.048,0.016929778133364878,-0.002071738652346388,-0.018733528060955684,-0.005654760304445486,0.016506286276976683,-0.012484206951062936,-0.023623997126695915,0.03422559955643707,0.06320522915006178,0.0750330081892914,0.12791301927780108,0.17395375987405723
3.05,0.012748461418919875,0.005978169607432633,-0.006590502252759589,-0.007889286109235122,0.008697541574520741,-0.0029411201618176758,-0.020004581701932186,0.03688234403669889,0.05660042593833474,0.07224564812896302,0.12281982937079376,0.17086852713872508
3.052,0.01115254064097863,0.014183877691029603,0.003028679460493813,-0.010907124769799383,0.003557051686339407,0.005950781263127704,-0.026769836234831867,0.01713275193986461,0.0390645822336369,0.07643695724123807,0.11490575667508998,0.1660058899808763
3.054,0.014338357970868063,0.012815419217562149,-0.001737353826242346,-0.01143954654417609,0.007819962157365247,0.003096520187511493,-0.032259512092015066,-0.0025207367130165954,0.028375525314297028,0.08644832516570686,0.11177216612868385,0.1670183863669457
3.056,0.017031818225793187,0.0059648923388643275,-0.01145175973464337,-0.009613337577390397,0.013502721331190709,-0.004788547683682994,-0.027177867600700557,0.0009330659132688751,0.03235875612171516,0.09068741696695633,0.11274603731102992,0.1740965118800394
3.058,0.01336032912953734,0.004661402457620709,-0.009106695787028598,-0.007656295286651177,0.009354010985570014,-0.0034931977903968825,-0.016977730733747334,0.018565247277452342,0.03754581129386112,0.08054297159015925,0.11031363352214961,0.1780215065261006
3.06,0.005409320681380635,0.01023397476048709,0.004629360400993233,-0.006524238395789285,-0.0020866148521615758,0.007098316922426963,-0.01463026313707174,0.021283610173865437,0.027637305837520453,0.061891533531752176,0.10241170119360302,0.1712855381525654
3.062,0.0022358340476205884,0.012617409991167833,0.010571074125306392,-0.005816009374357176,-0.005900173983946704,0.011559661075911136,-0.02341717759212591,-0.0002458608396148955,0.007432260818088224,0.049884300442538665,0.09664270292691331,0.1582376110816901
3.064,0.008153754463610755,0.005283906189259918,-0.0022810297351827467,-0.004905628784175756,0.004781997510391118,0.0007330569986339387,-0.031595554820669926,-0.022616682721372294,-0.002153910080662117,0.052399849588217015,0.09987398536592228,0.15004924310939846
3.066,0.015977652489503724,-0.004784799787765958,-0.01996248316652696,-0.0037997327551946756,0.017759030765853872,-0.014149790248291579,-0.027821954821587905,-0.021887025175115704,0.007161819950877807,0.0617696754816331,0.10847132141232366,0.15087302884658682
3.068,0.015565421376687864,-0.006728826199203507,-0.02166001350288091,-0.0027686220886984927,0.017152012278769307,-0.01617411436738909,-0.01759590650963069,-0.006377825587328477,0.018481379801092945,0.06411709605704631,0.11217649695571909,0.15321685347490513
3.07,0.006359854320712555,-0.0017647561647927675,-0.007942866439594997,-0.0006789980841513,0.004279591915486599,-0.006040691083811438,-0.016203533330171375,-0.004607879271442872,0.011863119458232,0.05534302863515633,0.10585487641706888,0.14810828064681228
3.072,-0.002393319574778544,-0.0010999350362722508,0.0011225051240542814,0.003671709475050971,-0.004907032408311299,-0.00011666846970643233,-0.02607631835005059,-0.02401968484842047,-0.007957840031630728,0.04573008917876542,0.0952951602250002,0.13801232957845344
3.074,-0.0030155535878104637,-0.008284481727813774,-0.00545154623752893,0.007854758854821429,-0.0011149631479080904,-0.0064691758917052354,-0.03207541703907664,-0.0389918962395737,-0.017264412847976866,0.04625423949639159,0.08980374319241875,0.13452914818210338
3.076,0.002350519469950651,-0.01344194454808663,-0.015797266864294692,0.007457380396548573,0.00768573263958109,-0.014415356092928605,-0.022850910668349808,-0.026723411609141837,-0.005971596182368657,0.05291601738002532,0.09018580901628855,0.1419291406387934
3.078,0.0054418533285030685,-0.008004486872250893,-0.013352310099410588,0.002477855364960228,0.008235513999893543,-0.01107959553197098,-0.007385644905917167,-0.00044585363914043206,0.008191839087215276,0.0517597466156399,0.08884499870696114,0.14941598331807787
3.08,0.0021358515017273014,0.0025438299872318263,0.00045579295483318626,-0.001763150702234488,-0.0007429447610381619,0.0004572030582761924,-0.00356383775406091,0.0066007033964902186,0.003956860046080849,0.038942679272024834,0.08207397006226916,0.14414968404507933
3.082,-0.003404710233768125,0.0053586376993790446,0.008735409800728731,-0.0007845584269780144,-0.007908047721126644,0.005620820663511587,-0.014490999424976492,-0.015009617296843773,-0.014209876196294675,0.026665767388253138,0.07625019198178602,0.12863709986997054
3.084,-0.005602073117949083,-0.0038253609989656228,0.0017374260109491986,0.004671154023967445,-0.0051923642791706255,-0.0024847006766525,-0.02464605809133433,-0.038494172981853175,-0.022886546951648247,0.026308323296834652,0.07878714293949651,0.11809812924225116
3.086,-0.0051386962235171535,-0.015493856850530808,-0.010358696099514926,0.010198292575805361,0.0014691148123719539,-0.014245313625145955,-0.020617103415017084,-0.03632724129684375,-0.012395899316900183,0.0338217881538608,0.08690902711808245,0.12049788171243646
3.088,-0.006913278607846384,-0.017851720235197002,-0.010918716679103532,0.012331404028655719,0.0006623108993461893,-0.01587331354058041,-0.00804896471406759,-0.015880097795007538,0.0011867789769376149,0.03681552139123835,0.0904898606385888,0.1274730551440181
3.09,-0.012016125815265361,-0.011127942174697498,0.0008995279709185839,0.011660098603500885,-0.00849537424514639,-0.007186683629873361,-0.0031541009978052295,-0.008164768610605857,-0.0006686577283240641,0.031007565808419135,0.08524659214179842,0.12784702356308048
3.092,-0.015393816691906169,-0.005881593186451757,0.009506878792959928,0.011009796446156024,-0.014870945300420388,-0.0008460861046806943,-0.010750584133001275,-0.024225523274795602,-0.014202250325388308,0.024186442673905836,0.07773793328480247,0.12345642057434564
3.094,-0.012759249087141853,-0.007964768071053428,0.004785738447697287,0.011184263690126107,-0.010733335886503458,-0.004335802006450861,-0.018160432826177474,-0.039094632001000156,-0.019552516452398434,0.02455780899358717,0.07573541317198783,0.12480522773093145
3.096,-0.006997539418257545,-0.011739881045220163,-0.004743600521969357,0.010458252834618854,-0.0022852384835626923,-0.010434750371119354,-0.013026671181416108,-0.02690729355357247,-0.008026948880917723,0.02962285371443519,0.07841313822773138,0.13331649428824824
3.098,-0.004863178529176906,-0.009325783456266543,-0.004458435275583755,0.008104016677509615,-0.0010903222901247646,-0.008069646018770147,-0.0003599560894275956,0.0022049098637833336,0.005864252780375857,0.03032131835145225,0.07907842466142091,0.137303904678434
3.1,-0.008790462061440293,-0.0018405875623144412,0.0069525531031912995,0.006404092744649059,-0.009226880522443855,0.0024134578790504235,0.004390224875248661,0.014797732526830767,0.003553407537928675,0.024258572744529864,0.07460513799703165,0.12836291522969026
3.102,-0.014379272018378042,0.0017965277228111072,0.016174803699948493,0.007811548940736905,-0.017211264531921885,0.0093103350862236,-0.0031759218022174972,-0.0012392079692977052,-0.011853787335535566,0.01900460568085671,0.06896702793162372,0.11404196873109598
3.104,-0.01573798194125095,-0.003322741767363732,0.012413302636316478,0.011123898563603995,-0.016049779599717557,0.0044876393948446195,-0.010139693950410042,-0.02091721801189291,-0.018565040422581305,0.021351676543764457,0.06739762448752552,0.10848007795596942
3.106,-0.012775302176924507,-0.011192684116589049,0.001560296531267034,0.013052534125825537,-0.008863026043558151,-0.005675555645068186,-0.004650358219482019,-0.016976889445608843,-0.005789127901902936,0.027734278913218505,0.06869225770889047,0.1143730705242287
3.108,-0.011635717063698953,-0.012374125401292934,-0.0008469095427092283,0.01287216340653979,-0.007185920400659062,-0.007821606666220966,0.006973933213929128,0.0031231999428387317,0.010669816169684421,0.02852457758727077,0.06631235606827608,0.12031203747344751
3.11,-0.016110358922926137,-0.006526489117363749,0.009388392846308519,0.012797966609048608,-0.015017300660082125,0.0005209157954470998,0.009421073862820364,0.009858659506518506,0.010226290653049114,0.02128503109120911,0.058178998710656765,0.11625701680649976
3.112,-0.02182245548858039,-0.002702867803628985,0.019024223225446033,0.014390273964376914,-0.022796686391596915,0.007298723259170218,0.0006889795119431488,-0.004727708613475133,-0.0036047810978446703,0.015089171710242707,0.05109730259344441,0.10679825863550592
3.114,-0.022427031805717073,-0.0059148109853282265,0.016678858392311893,0.016333188353825648,-0.021196081752093192,0.003685668232264915,-0.005179273429739655,-0.015262269167113469,-0.008756503947378105,0.01811395886388944,0.052099969572297844,0.10432048660579817
3.116,-0.018645883393584466,-0.00951400481215465,0.009391046450668367,0.015942144254568327,-0.014713474514105138,-0.002710798285038474,0.0018647505913385086,0.0007345917567094953,0.0044931806397482225,0.025412164157645273,0.05876666440184415,0.1112775136161663
3.118,-0.016664357053498523,-0.004840278289043154,0.011791128596175862,0.012421279778638251,-0.014874996347745818,0.000911222563313931,0.014186639326724657,0.030273269118185293,0.020747338471329684,0.02511560071676168,0.061842161339557764,0.11639941404687582
3.12,-0.018723309852045473,0.005948022133041712,0.0241301614272619,0.008150546525829746,-0.023045735485048107,0.01369999001562561,0.016882530497304732,0.04052766175762277,0.02033034453611558,0.0145335418065473,0.05606253391329484,0.10967343758544738
3.122,-0.02012103483605897,0.011694237202034972,0.030955872109121582,0.006363958854143319,-0.028042039173704278,0.021328939500478095,0.00783089694528381,0.02198805517187735,0.005962453877149319,0.004044863366135882,0.04633456585859129,0.09562754814967053
3.124,-0.016697462150663783,0.00671593595212272,0.02272487025300084,0.007577382679137108,-0.022109045903825928,0.015060713736142935,0.0014048858968991164,0.0018237371924731158,0.00014173100457442426,0.004593583324970914,0.042419423485419334,0.08830878889206836
3.126,-0.012190183913653136,-0.0014935931948701576,0.01052095238633594,0.00957892380526943,-0.012927543773458519,0.004122316183926126,0.009475208625294012,0.008152463181507063,0.014521984290419386,0.01477600734079958,0.046742198604121765,0.0943630097596878
3.128,-0.014443459942314042,-0.0025640915376785676,0.012082642952391236,0.010991819585665346,-0.01419284209115941,0.0036920210346006363,0.023537351316360637,0.03208861290414779,0.032877456267443775,0.022601947549894766,0.05063597800166974,0.10415078689775328
3.13,-0.024095796627253443,0.00281289221007726,0.027103447117237327,0.012699568264997166,-0.026583698502407684,0.014195245699982787,0.02468706386318926,0.04060515452606026,0.033867686767188036,0.020339292074038565,0.04680469511484447,0.10304667874547208
3.132,-0.03239264029142056,0.0050640248777668005,0.03744960715205778,0.01559917082771229,-0.03650609809572092,0.02141028977855062,0.010436819076553236,0.023758012015600075,0.021561032951535747,0.013870489453720668,0.0405752759942857,0.09098961278742444
3.134,-0.03245698176532164,7.532798183941285e-05,0.032425995928293844,0.018556257818226247,-0.034737278542512046,0.016944401385788163,-0.0007870109370237857,0.008805042753681686,0.018834686697351374,0.0135067139687109,0.04178087153991056,0.08356187681715783
3.136,-0.02797819447094041,-0.005257553825462951,0.022673431456556464,0.019500549921662457,-0.027984409139950185,0.009149267271219154,0.0046453318427876235,0.02109566283091617,0.03403091713919033,0.019025131556247712,0.049474551967791075,0.09029014732850964
3.138,-0.027634968220912843,-0.003090321422164471,0.024579576630660294,0.018168487999072107,-0.028485469690065237,0.010548207623335738,0.017098654324595928,0.04837029511053185,0.049063434203303245,0.020353578755525983,0.05251816653399916,0.10038602155379027
3.14,-0.03295397567198744,0.004644490533747705,0.037640761305217436,0.016336977363480828,-0.03698015903209359,0.020619070241128926,0.018377756501790778,0.058040932684140754,0.045102214779242186,0.013221451066580623,0.04475182930059467,0.09807101068189768
3.142,-0.03627075954706543,0.008784460755070079,0.04505637751226452,0.015569249021414199,-0.04194729844228104,0.026636100982603116,0.007251905436903219,0.04172246191931454,0.02939215225291273,0.006407562538349074,0.03306432569817496,0.08516674440903452
3.144,-0.03182892482424432,0.00494992462032884,0.03675634647592922,0.015680993196449867,-0.035719723778305,0.02077923329834785,0.00024371441060788452,0.02540427141383934,0.025807325735861093,0.009211626107900684,0.028348835331243098,0.07766562327845769
3.146,-0.024180702123028475,-0.0006114297907514608,0.02355789895453261,0.015331657683532679,-0.02526375550125401,0.01071200006445272,0.008631735743155856,0.033453727403014694,0.042705525976397665,0.018511631254828024,0.032709738712836715,0.0835551526687247
3.148,-0.02253429183866623,0.0002720394482928543,0.022813178154413735,0.014331811361751046,-0.023322751022372138,0.009296820946032054,0.023150855248034317,0.055908254590961874,0.061423697900784426,0.02366812329929189,0.03863908663820136,0.09314561005542361
3.15,-0.029077783679816463,0.005910552378954262,0.034997811988333835,0.014540672287830575,-0.03180176436626734,0.017191755570609094,0.026186308576644543,0.06252167582764216,0.06065608962652215,0.020662808473614475,0.03962445087770165,0.09229857391577014
3.152,-0.03681099952624448,0.006845918206034143,0.0436796467798194,0.017341239881980334,-0.0397643153176107,0.022520119755803907,0.015926562814818173,0.04563613841865087,0.04519622544780789,0.016740253988668963,0.0378857598484985,0.08124883806715447
3.154,-0.03874898175640934,-0.0006465726026404459,0.03822893081177443,0.021086879116799646,-0.03835668081249094,0.017714104026415295,0.00888555304937252,0.03210738788561834,0.039205052794688444,0.019797717757879862,0.039269602266849196,0.07434974104726018
3.156,-0.03520404338686308,-0.008567863605399177,0.026960878162807893,0.022238127912627574,-0.031492318048610836,0.00934800218943112,0.016134061253715817,0.04561661305158857,0.05202823500918652,0.026097684247086278,0.043413429405843564,0.07955256686269442
3.158,-0.03140746943415801,-0.007466949695468653,0.024364441679396564,0.019346256890714415,-0.028979360380044093,0.008288400272134608,0.027421340903213152,0.07233653848348694,0.06504027851025251,0.024364915464902135,0.0434597207250544,0.08634348465652177
3.16,-0.030642853618103753,0.0008100684307141358,0.031710576394617794,0.015175546594272959,-0.0329516227941114,0.015006003875065281,0.025660163825034655,0.0786129981304233,0.058406239018226155,0.012598978701582829,0.03582098013121974,0.08057562079586286
3.162,-0.031123465489270787,0.005676485847374315,0.036774568913256186,0.013744787657842424,-0.0359415648186865,0.01979949761248569,0.011090987245591441,0.05681863265051681,0.03966367864298236,0.0029660229059658627,0.02594709772749662,0.06544678019021574
3.164,-0.02951360202578043,0.0020966624091613485,0.03146345336135895,0.015522680992746514,-0.03225056540411691,0.01645069995591475,0.0015974726670776153,0.03603620031147393,0.033714104679250095,0.006164256434802528,0.020948202198852295,0.05790522732454369
3.166,-0.02611994297781124,-0.0031835084654794144,0.022872575411775203,0.016952092706019647,-0.026012644961662258,0.010443663746401526,0.008680629081283637,0.042796365840291554,0.0488648953112613,0.01770528146685635,0.01965704175060131,0.0654859864368394
3.168,-0.024791168150752645,-0.0015141598366989638,0.023323384534120698,0.015410423324011598,-0.025243029892645243,0.010985515591218046,0.02223186587895389,0.06603494507525884,0.06608220653051351,0.024516304069000624,0.015241721003566794,0.07681784818706902
3.17,-0.026673215281736478,0.005635914830211054,0.03236601719393025,0.012530431766764372,-0.030074448510939187,0.017483202547356202,0.024862991683444167,0.07374158545300656,0.06493083908227625,0.021372299770253816,0.006511794889899409,0.07818506493288957
3.172,-0.02652285740294895,0.009248704835597029,0.035773812870494553,0.010545283931181001,-0.03133665723066588,0.019708084737730325,0.015429265304057319,0.058071477837742455,0.05054684658026008,0.015943599736641893,0.0007293936883701814,0.07187411599772647
3.174,-0.020284905167128657,0.005501215605820288,0.02575630190193909,0.009013966318068794,-0.023797977913304718,0.012638328460677356,0.009448717967950444,0.04562014383055404,0.04557722708335714,0.017278754302756293,0.0035822288289885443,0.0711754452572587
3.176,-0.014243962924832243,0.000259350000898948,0.014487843923816694,0.00807433736307672,-0.016145083708179783,0.004791167408690968,0.01753257837212451,0.05869177240944485,0.05857752229578755,0.023574971511005502,0.010882973297442563,0.08048448884610455
3.178,-0.018252749600500714,0.00046067651864640775,0.01872229132777774,0.010018509434239875,-0.02038556895089709,0.007202858276453242,0.03115736591587921,0.08297179828842699,0.07197855282834455,0.025161884072177277,0.012997718026805051,0.08864258619483528
3.18,-0.030781567298009245,0.004543382752547245,0.03535955910531804,0.015210203715738297,-0.03410807257242351,0.017606467431528237,0.033064093919519574,0.08591831350162062,0.06604547016651187,0.018343028142159264,0.0061079408117307755,0.08389384456845009
3.182,-0.039335526537503746,0.004279107019931158,0.04376910265912706,0.020520876225918607,-0.04205329621783533,0.022081262542357656,0.019607986482073247,0.06074985414450589,0.04692356395654374,0.011424256399680317,-0.0028248014424879725,0.06971741459140808
3.184,-0.03615515877166025,-0.0036171774603854043,0.03299038278126874,0.02274271539765354,-0.035587604668140226,0.013234649965626644,0.006596547429395084,0.03689761174130442,0.03973059572286396,0.013852428912448408,-0.004001668430598123,0.06050824922285171
3.186,-0.02737263963863017,-0.011728526792102758,0.01639044992485747,0.021539294715080096,-0.023700480657829186,0.0007515594017481861,0.00908944512110279,0.04193328555010111,0.05469402959054881,0.022985262914156302,0.0028073821295207706,0.06361241518780318
3.188,-0.024321971193462657,-0.011048965523673775,0.013974786220306372,0.019006251794928087,-0.021083091700193943,-0.0006661404756050198,0.021372948033158472,0.06561099442589795,0.07293690590275223,0.02761247406203391,0.007562300211121781,0.07111108259961318
3.19,-0.02894931321016435,-0.0031519021349707783,0.026161415842569077,0.017153229991504013,-0.028872104856841975,0.00936695933494019,0.025125382673173775,0.07425215023220465,0.07145120109515829,0.023131121773516478,0.0032250055445908346,0.07111551656923089
3.192,-0.032549064239246875,0.002037509383558713,0.03474294541961285,0.016154799240946795,-0.034214351467600344,0.017173447624163063,0.015125445039944712,0.056298818913950235,0.05316783839255376,0.016819571296805964,-0.0043346590558795434,0.06434490444950167
3.194,-0.02880649053509735,-1.2971093557744432e-05,0.029005774379059664,0.015058748066025382,-0.0292341932692783,0.014408861386772021,0.006269179767915988,0.03752607494570333,0.04234226875829277,0.01712492195128449,-0.00418893778221232,0.06318923909697424
3.196,-0.02254424797996541,-0.0035447002700582163,0.01923713277560549,0.013845014586928904,-0.02185218655262985,0.008085546922367697,0.011935187293489085,0.045108282337583225,0.052027677049094535,0.022087568872119136,0.004041146705220321,0.07260808287182903
3.198,-0.022396411752542207,-0.002357220148243542,0.02011638107293888,0.013815343541237365,-0.02333955974417031,0.0085163817726624,0.02441375265913113,0.069593259618131,0.06673654370979544,0.021610553666043343,0.00918473510564309,0.08059194744103645
3.2,-0.02857366089593986,0.0010817613655217317,0.029568830105591415,0.01586337150981477,-0.03169196181854324,0.014263225422022562,0.024864751487751795,0.077006588453211,0.06359722192268477,0.011372481428696195,0.004233638156280922,0.07408546949825773
3.202,-0.032841356821677714,-0.000616417208812288,0.03213440603371703,0.01919737336843892,-0.034589544712918224,0.014606213081463806,0.00950432674977436,0.05483725855073288,0.04387662875081212,0.00035832377810248627,-0.003782162087783854,0.05775469167545622
3.204,-0.02993822749843212,-0.008978957499020133,0.020960195217244636,0.021893530785190685,-0.026876184865478592,0.005249433815699728,-0.004391682854205901,0.028672565365804613,0.031219036248757822,0.0001916255049513258,-0.0038101314163590796,0.048159592289014695
3.206,-0.02503473178744805,-0.017040875387722556,0.008043574022983073,0.023071486668790976,-0.018116346202167257,-0.00494529309464828,-0.0016194381203909498,0.027188343436569284,0.03876739596957006,0.0098687296717057,0.0035510871113584694,0.05234492972274889
3.208,-0.026623659154059707,-0.018414140429146818,0.008255062450936023,0.023851357379840333,-0.019530074311113314,-0.005831304039455884,0.010884825092140124,0.04448421647305785,0.05151480385831707,0.017211388893377446,0.006916804912639418,0.0604264358760575
3.21,-0.03354425999817035,-0.014919571010100963,0.018762230813262653,0.024868825625211612,-0.028022792378965787,0.000512948614169068,0.014875065878535028,0.051242184474219264,0.04861548765278248,0.015299022636763724,0.0008173612341660441,0.060373870543209696
3.212,-0.0359977837291632,-0.012782012943305474,0.023654121953809015,0.024646645915655113,-0.03087431466052914,0.003744858272727982,0.006527282857680744,0.03752628799727074,0.033365195848991946,0.010862704812653608,-0.006371587050465847,0.05413986000771145
3.214,-0.03001563274260341,-0.013697876797328408,0.017066601550441325,0.02205794344639133,-0.02427952900948788,0.0003395918458445984,0.0004279926374656239,0.025935712085472146,0.027869958820768693,0.013206594884681629,-0.005058783435041395,0.05366907989718616
3.216,-0.023405976892613745,-0.013405090586758225,0.010689586465078756,0.018858539638152583,-0.01824935872638816,-0.002082817052619308,0.007579206120321218,0.03771479520449696,0.04082222678554404,0.020035770369612866,0.0017945937131208629,0.06283646012342022
3.218,-0.025109503290237627,-0.009170011025951795,0.016196983619569172,0.018234386889122402,-0.022216434795537626,0.0032194107825510906,0.01956037405478651,0.060457143125815974,0.05425573278107769,0.02010157438858794,0.0027940180615780093,0.07067428740756204
3.22,-0.033570954352723247,-0.005373585910223883,0.028154170523672594,0.02121914209738467,-0.031992897458689905,0.01106429879944966,0.02005608291964926,0.0628131340931272,0.04748513130513542,0.009298416959055783,-0.006484436982937451,0.06581143691258645
3.222,-0.03928773233529061,-0.009247930114161687,0.030153653287840983,0.025901348379760807,-0.03499130337326931,0.009818582407275083,0.0072652241113743965,0.037329037013170856,0.025583860668414532,-0.001956407834877974,-0.017031234233568414,0.0521721209984863
3.224,-0.037216156454098794,-0.02142196952133717,0.016199191284587373,0.030194613922709865,-0.026780054303509868,-0.0033509990396948415,-0.003042613557461321,0.011786324122904895,0.01321089387264707,-0.0017847412836396106,-0.017651388271120765,0.043717284977249984
3.226,-0.03294211298081075,-0.03358146111892623,-0.0002790191544532191,0.03392573011439464,-0.017392120361422913,-0.017526673410812994,0.0015102613641109046,0.012079058226095004,0.021609861047605605,0.006995814111281317,-0.00930648877936596,0.04615397780156302
3.228,-0.034558544201454613,-0.037004111907750124,-0.0024113106509944813,0.03717299394168746,-0.018470721077666067,-0.02040156434347632,0.01281808925545372,0.028180386419368743,0.034048141497515116,0.01101724863830751,-0.003183156349994898,0.05083148735402818
3.23,-0.040201587554701435,-0.031317080289185145,0.008688749251540987,0.037801219930874555,-0.027386463428519307,-0.012535440824245967,0.013899580105084209,0.030388714751526196,0.03019571152576429,0.005211145844488629,-0.005545024273123139,0.04797128540456981
3.232,-0.03954008763271611,-0.0236843194265308,0.015593359949495147,0.03355439159426111,-0.030246489452272166,-0.005682860517447932,0.00373011319759839,0.01248529618890184,0.015018564230067423,-0.0008503576039473166,-0.010770882275768447,0.04076783130609175
3.234,-0.028852582838717434,-0.020515232063696136,0.00794001907404396,0.026223699881843948,-0.020769497397783172,-0.007810279074540065,-0.001512428442308319,0.0005692044394113075,0.010839354113008456,0.002482467195971531,-0.011091814074014354,0.04066096734724852
3.236,-0.017627570139884186,-0.021178391841271585,-0.00406931320736403,0.02075646146849667,-0.009122903939226497,-0.013819606995003422,0.007505644763210388,0.015465929316566613,0.024692807744859123,0.010833180221518744,-0.007488967073811025,0.049615145597988956
3.238,-0.01646166463823452,-0.020555545679339097,-0.004297058680370067,0.019978747091411883,-0.00836267079911475,-0.01340517847210267,0.01933009817675257,0.04123948248018382,0.037446539788675196,0.011312351188206548,-0.007178839506001557,0.05446211613281366
3.24,-0.022822677563586878,-0.016640153612642098,0.0066459292486804565,0.02152543229880396,-0.01661238766597141,-0.005875360478788015,0.01736682231338566,0.04438306458794624,0.029859445844202925,0.00039242488567464717,-0.01258431820052936,0.04389542520890125
3.242,-0.02454646005029366,-0.013691913454226871,0.011547363211639157,0.021145189878329546,-0.019324916865299465,-0.002184076058396011,0.003349988010824682,0.01945237790951224,0.009641902161547651,-0.009801474769620377,-0.01706308845733071,0.025769398016389677
3.244,-0.01717304114422226,-0.01734337133731778,-5.20627748560788e-05,0.01913796996922063,-0.009460727180353437,-0.010472840321200721,-0.0041866504641346275,-0.0028583958248297485,0.0012180315134708462,-0.00684549872899433,-0.013644162636891256,0.018110461870029855
3.246,-0.010799611603136215,-0.026654582767526715,-0.0164148092293147,0.020346911811051707,0.0018439054914236963,-0.023827208994881385,0.0051561851663518635,0.002605413713035908,0.01262598893573913,0.005216869373664152,-0.005034248925516058,0.02571392064939434
3.248,-0.01605592130047859,-0.03375630930947125,-0.018263011497088998,0.026697517002386494,-0.00016854031812837549,-0.028188183860990767,0.019379854147819106,0.022438447290004458,0.025355697937958305,0.011284971716463189,-0.0007868214224550165,0.03528548188186183
3.25,-0.029299828875049623,-0.034126451120618344,-0.004883834255575413,0.03402363790952899,-0.013638376426850653,-0.021340551872241605,0.019958653207976792,0.02470329967923486,0.019772657008922456,0.005255995757201462,-0.005093433334730685,0.03383546174574028
3.252,-0.03716490176217384,-0.032159554869524085,0.0052533047224583886,0.037038084761985016,-0.0225877865744228,-0.015310921735544086,0.006798308778115212,0.003549917146156126,0.002010681796585703,-0.003144852294403068,-0.011454796988739257,0.024915172333729658
3.254,-0.03245733839029164,-0.03240074318513136,9.312466868516731e-05,0.033875918759616305,-0.017797999697503262,-0.01824081274602171,-0.0020534858474851726,-0.012694722675709267,-0.00397537179154673,-0.00308818370977758,-0.011599719370598624,0.022388690396903364
3.256,-0.02119765235841243,-0.03159892290926464,-0.01077007389212393,0.0264523545537709,-0.007131979187419056,-0.023142081612348868,0.00443048544648207,-0.0006588733569425423,0.010496339409760103,0.002609884517309774,-0.00690644730715336,0.0308213219760379
3.258,-0.014689808411868498,-0.02491649415247316,-0.010639526354270767,0.019128645010994573,-0.004037869251175053,-0.019189031185471314,0.01565758099450374,0.025400942447553174,0.026132225440599614,0.002590430922700803,-0.006595145799704018,0.038720361027262
3.26,-0.016698766462284062,-0.015787005070137635,0.0009378015308985454,0.01591236933018688,-0.010437732529526482,-0.008384651239012669,0.014944696010507378,0.03161857755167938,0.02177873700173568,-0.00614876959108397,-0.014666161863434895,0.03379290714402878
3.262,-0.02009280911975582,-0.013159809939992082,0.007304702755131475,0.017041776496756512,-0.014952864917071686,-0.003856409844883605,0.002919930046811794,0.009676834626850338,0.0033384549191207624,-0.013408102805443205,-0.023687219568830603,0.01974725607200877
3.264,-0.017400528404444233,-0.019758296811055367,-0.0022227317796145295,0.019488165229987343,-0.008937004621318367,-0.012089734707566364,-0.003532216721839573,-0.012105194550467564,-0.004998087738146686,-0.00972869055236806,-0.024658290878970313,0.01123459094277527
3.266,-0.011915733073924486,-0.02830674038812524,-0.016655894373132522,0.02138364948226482,0.0006657534439408383,-0.02367481365601549,0.005109146030071465,-0.007578451247738138,0.005459692448962802,6.947764531471283e-05,-0.019359563527206986,0.01421130800860807
3.268,-0.013241474062523677,-0.030776863467846867,-0.017682131178589997,0.023774262721829444,0.0003090359258602395,-0.025469659250403252,0.01755123800324631,0.011983682522560324,0.01654050044913574,0.002442372124575136,-0.01764241766243443,0.019108718474346732
3.27,-0.023013839044100075,-0.0285897729933471,-0.005275899678312254,0.027809733330278356,-0.01091821080955067,-0.018290106259890943,0.016720880957839104,0.014998274502882446,0.009691887070249448,-0.006580520009078658,-0.02344799524258693,0.01508380283105155
3.272,-0.03143501914766831,-0.02953074128500623,0.0022077086048790406,0.03188361740563372,-0.019191315611262492,-0.015171683695977486,0.002989419289058644,-0.005057036393616017,-0.007190519365774909,-0.01514523032475643,-0.029576907773446463,0.005522391090344437
3.274,-0.030056846063582235,-0.03543058246873579,-0.005699829097399118,0.032927648783207905,-0.014672817439752111,-0.022033691222791477,-0.006309124812235854,-0.020439781155988948,-0.010796123534873659,-0.011308256233417127,-0.028209305328453952,0.0034608788937259354
3.276,-0.023735307195979605,-0.0397210367290636,-0.016912076103637368,0.03130374056361257,-0.00536649217077591,-0.029318067837144562,-0.0003925500306325671,-0.008753607210850119,0.004475197161566743,0.0004646198749376301,-0.021731586523311926,0.012536427348286026
3.278,-0.024102392273951005,-0.037191998563262996,-0.013931661437766987,0.031045912809284048,-0.006301068887776701,-0.02589420753135851,0.010955561900638263,0.01538511924385308,0.017967658762186787,0.004732434412813702,-0.01981007492293356,0.020404567668296184
3.28,-0.032157821021707354,-0.03025866550332339,0.0016616628344269556,0.03302745251456803,-0.017914454217324346,-0.014372605370643237,0.011337977593430606,0.020247825682969647,0.010192855310470712,-0.004692113239764454,-0.0270299104652965,0.015042475677197777
3.282,-0.0358977682482976,-0.02558599708003001,0.01044792809106682,0.032997645652037735,-0.02424051787153105,-0.008041744903990563,0.0002960561308559738,0.00018105920022797078,-0.01055198226340674,-0.016412700017944086,-0.03597125262435964,0.0016437866632198002
3.284,-0.027586794040931093,-0.02700450841508542,0.0005023001271242633,0.028717862695329905,-0.01478253205438023,-0.014303615351938938,-0.0057984955652568,-0.017175031996082876,-0.01805942917895271,-0.01631553876949671,-0.03569420108854197,-0.003648466924252794
3.286,-0.015574649694421853,-0.03148098776466012,-0.01634572702401574,0.024099183859020202,3.913581799263422e-05,-0.025063467427530326,0.003957782494209874,-0.009110736086147994,-0.002894487032286144,-0.006046323666477293,-0.026901314101251336,0.004851476145298966
3.288,-0.013812108125682305,-0.03289880300418934,-0.019481918963147268,0.024139639736077922,0.001943392014949504,-0.026915539320717705,0.019384084457939942,0.011138419734409702,0.01446658443160937,-0.0002229000568359986,-0.022124868579759715,0.014546753082817786
3.29,-0.02368195675758918,-0.030816086859537607,-0.007166308999642878,0.028914377317600517,-0.010556318703877299,-0.019478152242945867,0.022095096224849665,0.013310000380639371,0.011383512347167595,-0.006213160038951971,-0.028252732569443006,0.011696107818092038
3.292,-0.03254543268825369,-0.031315753257468146,0.0014015861371140738,0.033916084910046065,-0.020013550812176623,-0.015929968259647223,0.009765789997217068,-0.0071297394103176145,-0.006072483826310892,-0.014510379283122283,-0.03690514813411395,0.0005342013268822316
3.294,-0.030538478784612667,-0.03675462658601157,-0.006229878661563548,0.03500446802987749,-0.014212871745159101,-0.023150044623490053,-0.0012031249988678715,-0.02236766269898669,-0.01256826714439798,-0.012780932454453314,-0.037143879812936924,-0.003191300063738606
3.296,-0.023254708523532428,-0.04104432032379884,-0.018163395565315394,0.0327748049871954,-0.002954803556928302,-0.031200184135952387,0.002312363313922542,-0.011075136895575674,0.0006751091027276525,-0.0034293280850350286,-0.030765145793378496,0.004886342858936403
3.298,-0.02286279231491044,-0.03822100030168775,-0.015866988180482162,0.03113945678974945,-0.003505506585563874,-0.028045409496752514,0.012993288101401317,0.011412566434812681,0.014063486592265554,-0.0003479353360889593,-0.028391223983839142,0.011490160078532608
3.3,-0.029938838622323487,-0.03054148470605296,-0.0008963659691108192,0.031398341840717936,-0.015589883881774855,-0.01677490912148681,0.013637075812001754,0.013453612976258637,0.007172514396074807,-0.009393374681849398,-0.03387684412526876,0.004195679537294321
3.302,-0.03304634548944067,-0.02568554470817102,0.007294277531821133,0.031113234435081173,-0.02226536195427819,-0.011009723583218847,0.0015914935664543865,-0.009493849374264243,-0.013068786551996782,-0.01973471039621376,-0.03952935311797348,-0.011498515314956655
3.304,-0.025969601734643268,-0.027750734205992222,-0.0019352107843824224,0.02889210805927651,-0.01417327237620305,-0.01672971866201432,-0.007094516636492356,-0.028498327594877887,-0.021885118687656382,-0.01831220425083124,-0.03724767848005396,-0.019124737385921887
3.306,-0.016362206816658745,-0.032677595086636334,-0.016682950867366445,0.02636034269674335,-0.001547122703820351,-0.025493209583306555,-8.252569750817714e-05,-0.02027362997857333,-0.009486397617315874,-0.0069516051105165885,-0.029173492918516068,-0.012381360857761547
3.308,-0.014877199361193185,-0.03369884500665587,-0.01916418432688084,0.02543262887092583,0.0006523727648082744,-0.02642868535051691,0.013861525296221961,0.0023250845074966396,0.007264772751546586,0.0012181407424372336,-0.024219257317022267,-0.0027424938593179522
3.31,-0.02121826649602896,-0.03039040755524465,-0.009338782706179148,0.026270247979937357,-0.007718550992663923,-0.020311387056712923,0.016897847713765617,0.009049572376271969,0.00815821375786788,-0.00030791870069465314,-0.026191449346733956,-0.003290045135521177
3.312,-0.026000313304325638,-0.02940070430920893,-0.0035760339350459935,0.028251845124093806,-0.013546963368655488,-0.017703357086340136,0.006777684562886825,-0.006127271933369108,-0.004057775733947181,-0.0042269788040448,-0.030047473130855297,-0.010598217910126965
3.314,-0.024710148455531045,-0.03502792274789319,-0.010641169914061657,0.031151510508577163,-0.009713655737883261,-0.02398711776214686,-0.0007851822374542309,-0.017964897950581125,-0.009096152902077588,-0.0016212592959464949,-0.03077435108291019,-0.011086447648053159
3.316,-0.023153570132707534,-0.04228438010010928,-0.019418553412765684,0.034451644102081715,-0.004496580794719774,-0.03155643142861667,0.004962433845502713,-0.006508781970744389,0.0016364061053559436,0.004270557642105527,-0.030822001340287994,-0.0028712111260701155
3.318,-0.027315094496333698,-0.04318330417067869,-0.015911926025353556,0.036748231745302375,-0.008115392039294686,-0.03045001751692725,0.014558524761624201,0.01411915803258703,0.01224638281056184,0.0022270136352639885,-0.0354346741054796,0.0002804136810796357
3.32,-0.03342080555931794,-0.03804252880193282,-0.004491877151685556,0.036816440046246096,-0.016591964556183093,-0.022991785868853056,0.012046395581084474,0.014421834953398592,0.004759214239638931,-0.009803379414731413,-0.043537385807690926,-0.010600832835498905
3.322,-0.03276420544223959,-0.03514625044600903,-0.0022887312582569345,0.03485424040259546,-0.016714845959756218,-0.020891599727661515,-0.0016533740773633993,-0.009341053484155924,-0.013998058575360206,-0.019479757068686702,-0.04733927799104879,-0.025852959411536123
3.324,-0.02385676435618162,-0.038658016382098474,-0.014824304169242674,0.03198144220712353,-0.0048994017679207,-0.028331820638388776,-0.009064077809067813,-0.028593291709879287,-0.02045247962600531,-0.015971037451007346,-0.04179833952822157,-0.03042444795377181
3.326,-0.01485585278008509,-0.042385929283337585,-0.027591878326171007,0.029114745112209045,0.006878596807292017,-0.0356930251438374,-0.0002800788210229092,-0.02039136370361256,-0.00652912529692105,-0.0049219076663952616,-0.03218300605098593,-0.02372566701155216
3.328,-0.013907628030442636,-0.03903025538547436,-0.02516188676952513,0.027250984325093035,0.006076175779173788,-0.03291942262150185,0.013099631994784084,0.002195688902832866,0.009220738134295603,-0.001082769369527151,-0.028834624940540794,-0.01907607728715383
3.33,-0.019667782393947664,-0.031300893475243265,-0.011739123750794247,0.027205576217510206,-0.004443760195778528,-0.02329940239627817,0.013946798555772376,0.00855516831050395,0.00640909150695142,-0.00817773978471972,-0.03374349798663704,-0.025731185055517972
3.332,-0.023113875804684256,-0.028408971242090804,-0.005600979782959264,0.028055841353043107,-0.010134020058199859,-0.018953727679197493,0.0030725085081837263,-0.007508901448299863,-0.009982212068599538,-0.014150181529812279,-0.03746860346858713,-0.03676621120860742
3.334,-0.018976532598691774,-0.03360934236117996,-0.0150589188203802,0.028065296349354583,-0.003471829568497277,-0.02513020862943885,-0.002953675390694281,-0.020308827395593556,-0.016846002989863634,-0.008772184030006416,-0.032670697941704574,-0.038402812834577645
3.336,-0.012895843163646956,-0.040075406170769726,-0.027448522422924716,0.027513630573573998,0.006217541556066706,-0.033658336486357646,0.004718170061313871,-0.009186547516578228,-0.005017308727880463,0.0017129996220019684,-0.024720831163188187,-0.02894678151576856
3.338,-0.014488045186305396,-0.03966024451530298,-0.025151023275604718,0.0283703944121274,0.004618645495388202,-0.03307993242752829,0.015646674702488428,0.012098283443153009,0.007896017850969729,0.0029180524680765723,-0.024171048745602407,-0.021616686575769754
3.34,-0.024252333829065224,-0.03344264858933064,-0.009039344338634275,0.031196221048765297,-0.008460544904585327,-0.023543374465491512,0.01432335951888276,0.01373229188811834,0.0019643275328429426,-0.008709246726137005,-0.032669137866729606,-0.027142314407368712
3.342,-0.031678871966627824,-0.031034214374708238,0.0007127986262285513,0.034257983932851004,-0.0174003428830485,-0.018037277565483477,0.0009518109234113398,-0.008951722487997922,-0.016463286655491575,-0.02124449115519833,-0.04072722456191394,-0.03932710826977017
3.344,-0.028823243931902092,-0.038722223075389466,-0.009945579922731304,0.03601231594273396,-0.010593980413237529,-0.026304075935069934,-0.008203642284333224,-0.02795991284487316,-0.022723936042835874,-0.021705285253967498,-0.039692109520827155,-0.043641046094060304
3.346,-0.02142661926928467,-0.05063786276222392,-0.029270574544225356,0.03684651064722979,0.003233406390166343,-0.04078513462026156,-0.002090906725136743,-0.019691800706478836,-0.007937176096843744,-0.010291491575983577,-0.0327633099294509,-0.03709161120795449
3.348,-0.020498388711861083,-0.0549767567707574,-0.03448166350309442,0.037386951805333385,0.006456312671144305,-0.04516147333928183,0.010694623124577977,0.0038766168130707625,0.009266880887090118,0.0019254157257218853,-0.029874543568844867,-0.031106213262028684
3.35,-0.025977327317875634,-0.04884138635089991,-0.022833405491264336,0.03681816263296109,-0.0024419843572852902,-0.03630542431087542,0.01395752582682074,0.012027484093732785,0.008836229903947125,0.0067843490402666184,-0.033563085929675766,-0.03459401453666384
3.352,-0.027519517380853648,-0.04152466480982555,-0.013988709566284549,0.03446710121591507,-0.007779075506837202,-0.028041004201051836,0.005756244653701531,-0.002470647155411158,-0.0041374064056491555,0.006627132947311892,-0.03699107504443618,-0.04230315875107463
3.354,-0.021019434174341756,-0.04116739907305289,-0.020156822826297407,0.03174330562295284,-0.0011868551926922934,-0.03058329754135703,-0.00013844556837864342,-0.013890928786781461,-0.00803635928025507,0.007599804238354143,-0.03587066332061837,-0.04354065750859272
3.356,-0.01513987683225907,-0.04456401512157814,-0.02943733297542943,0.030968925585694366,0.006426914987646299,-0.03684311715933955,0.0053490269058673705,-0.0007049995348930914,0.004548269451385091,0.009578464630634264,-0.03496139249595425,-0.03732670864654876
3.358,-0.018527112836379627,-0.04396878674328528,-0.025443142484939917,0.03267763258544529,0.002084651374057201,-0.03484373827580816,0.013657677094317798,0.02234474683601558,0.016084113972513976,0.00660724018865394,-0.040645753442882494,-0.033838532339956796
3.36,-0.02751436749591868,-0.03947403887700611,-0.011953173119654837,0.03519556918911096,-0.00996918374490502,-0.02616540653790938,0.011002885925611392,0.02312188031843445,0.008324820621201039,-0.0030648049784671146,-0.0511865061790707,-0.040830435157348126
3.362,-0.03132002176675767,-0.03875938881192086,-0.0074354619946216645,0.03675753879291755,-0.01404264672971387,-0.023688609871864743,-0.0018480146516000483,-0.0026922391605829292,-0.011021876621920227,-0.011350478693667988,-0.057384495950793056,-0.05217549797890419
3.364,-0.026188213175971874,-0.045221499138754805,-0.019034966939627807,0.03721825831768262,-0.004598971817828847,-0.03288910355169336,-0.00993975718742097,-0.023679567457785527,-0.017078907546186028,-0.008819644767155422,-0.05320741492334212,-0.054914757109785474
3.366,-0.019796912310240236,-0.05251745917180801,-0.032723480821152943,0.037693133212118285,0.006229912422332074,-0.043719803048955175,-0.003994480524100112,-0.014488214907351325,-0.0016531760330768621,0.0023079006126562347,-0.0436339246484208,-0.04692987801202102
3.368,-0.020542217989053917,-0.052642787315333624,-0.03207911376300066,0.03838428208029641,0.005116741026712218,-0.043859226951578505,0.0068128318849038794,0.010186823875624695,0.014827453447665954,0.009525576706646178,-0.039336283725605915,-0.040641381213381476
3.37,-0.026227381738755155,-0.04588294562756173,-0.01952287820635701,0.037867673461827955,-0.004973475794801325,-0.03454863369854568,0.007091950564657058,0.01599642253210409,0.011049959506305409,0.006274335653674698,-0.04388620921610381,-0.046375385169646705
3.372,-0.028260034281042172,-0.04031510698102186,-0.011726735133351086,0.03584813709905557,-0.010194935586200984,-0.027933953028239047,-0.0027387156761261955,-0.003758207853029694,-0.005838785957563296,0.00040520628833325074,-0.049060896817106854,-0.05730091895287251
3.374,-0.024306741829675734,-0.04138039143838071,-0.01665135325951115,0.03414197379459063,-0.005176045517216645,-0.030446193846267317,-0.006421353291842355,-0.01920125582453883,-0.010794010056116955,0.0018916021942575571,-0.04513632907827787,-0.05800909995179146
3.376,-0.020693022648925304,-0.04476032553717662,-0.023812410999224078,0.03360800451735471,0.0007626104891315028,-0.035104667812413,0.004530456034302177,-0.006206297746592456,0.003795908142935214,0.008016270481141457,-0.03429896223993995,-0.04637198863366498
3.378,-0.022482300771009,-0.04247367897521151,-0.020017193002196437,0.032711991707048964,-0.0023629858023459394,-0.03230660136492708,0.01805259306560039,0.019801977087872336,0.017955422220918824,0.007816826476479867,-0.028668253399787142,-0.03698294761377846
3.38,-0.025877780070921147,-0.03470217924434631,-0.008969909235126432,0.030263154950418696,-0.010355977011852806,-0.02409095177593212,0.017970672776668542,0.025755486947305423,0.012243946287713563,-0.0012129313074006063,-0.03382782589694493,-0.0410403033983422
3.382,-0.023914363610754292,-0.031164185538415275,-0.007312823636941399,0.028134959306880723,-0.010109464296459356,-0.022470477285626587,0.005521646689786164,0.006204552857211384,-0.005694984555449048,-0.008548872596908341,-0.040922008575160075,-0.05214324954186128
3.384,-0.017483719541473867,-0.03849681459786342,-0.02096701929194014,0.029433129963789148,0.001042586601852165,-0.032810824001289055,-0.0031382656048422604,-0.01132686685002931,-0.012128804918125942,-0.004653146331986926,-0.03923974272018712,-0.05647700009269131
3.386,-0.015448152182704731,-0.05051583416648259,-0.03501140631429119,0.03434561617175306,0.0097753050359124,-0.04483841798893358,0.0018930633821710062,-0.005332847124967896,0.0006507558476379711,0.006003509598000059,-0.031196231868603937,-0.05107647347484692
3.388,-0.023108616789919007,-0.05578580963546558,-0.03267507029205078,0.03977503597136011,0.004080099675064871,-0.04531754326129457,0.012390828732536156,0.0113472029871301,0.014578602293169391,0.010548084005347548,-0.02832931288655949,-0.04658406668670187
3.39,-0.034360117973439366,-0.05208341290239972,-0.017730901694505165,0.04269678312037411,-0.010451966715866307,-0.03574587670943814,0.013787666479357035,0.01137884492792744,0.010364360030736205,0.004563254453240475,-0.034480233172550195,-0.052312574781200466
3.392,-0.038133988884366365,-0.04764032997832876,-0.009390294281376856,0.04245670057037827,-0.01741658605203632,-0.029985479801683517,0.005074346013821068,-0.007064088053524217,-0.006420605123009755,-0.0024869976653748944,-0.0408211809967613,-0.06274086936649334
3.394,-0.031222400994587816,-0.048528210015134944,-0.016969577898881063,0.04017313601833071,-0.009881546217274674,-0.0351185810703143,-0.0002657013165070408,-0.016856315678575755,-0.012641595774317536,-0.0009061319062904587,-0.03931078025377973,-0.06448604539183443
3.396,-0.02190599413819888,-0.050971469537418004,-0.02863033530607646,0.037421122085559796,0.0016362734895683706,-0.042521283316622166,0.006226886151631437,-0.0005994344245263408,0.000794993821899294,0.0055878659471866555,-0.034032568205805434,-0.05547671038805795
3.398,-0.020101765935235855,-0.0481969833800522,-0.02786043794701118,0.03547996431300057,0.0026426766172347902,-0.04023775733305533,0.015627792467421582,0.023257415055900683,0.01598824837822113,0.005477765442405951,-0.03499837948415302,-0.04826362310234677
3.4,-0.02531125189672833,-0.04025905452193189,-0.015111068621261993,0.03432768595342666,-0.00702241501625557,-0.028796747268835254,0.013978778611511092,0.023824463257396115,0.012461508688279315,-0.0035769258035881577,-0.04414927064452848,-0.051944952965635185
3.402,-0.02811826951190893,-0.034289297275518445,-0.006647884353363813,0.03306392006559795,-0.01355305120086924,-0.02054595120944855,0.002363395012009636,-0.0005955106426262216,-0.0046351735352367345,-0.010576459782139377,-0.05229023920669845,-0.05969755213709961
3.404,-0.023943420596396467,-0.03623002445970584,-0.012770738524125363,0.03225167338697146,-0.008200927442520153,-0.02432406058742597,-0.003967242785595097,-0.019774436507930173,-0.012401855649828705,-0.006330455051176917,-0.050697561636168884,-0.059682008481874695
3.406,-0.01964336531458951,-0.043748043766190334,-0.024311296857427916,0.03395743615599635,0.0008131758259672848,-0.034433973911762304,0.0032273702564400587,-0.012050375595664114,-0.0021366194149192255,0.0032313429977321303,-0.042045815373108864,-0.05189195365457232
3.408,-0.023599144428415146,-0.04879775033066195,-0.0251161005911722,0.038460494619292865,-0.00024551574575530925,-0.03787504985943835,0.013489688904664149,0.00720254236616973,0.009718711361690587,0.0050636836985653135,-0.03611402518875224,-0.04765760933696882
3.41,-0.03280192579843163,-0.04700807371555489,-0.01405951649542044,0.04225668451860621,-0.01100215129427623,-0.031254759785285496,0.012021053700835194,0.008126018946266777,0.005217262595802842,-0.0024296963477876046,-0.035983090722868476,-0.05375573262099581
3.412,-0.03553530302215692,-0.04196138082646801,-0.006393327093812969,0.041140277276712316,-0.016878207498809167,-0.02455424439199653,0.00042227282714458005,-0.011454193801062825,-0.010404813611652918,-0.0074668318136905925,-0.03469545949925966,-0.062283668645747525
3.414,-0.027342461641327694,-0.039320246562170626,-0.012038919824436205,0.03536129794798413,-0.009813747184175698,-0.026314813946598268,-0.005824052598194693,-0.02387843015647738,-0.01663604977566576,-0.0028070353072859548,-0.028037742623464444,-0.06090608970598378
3.416,-0.017810464520993764,-0.038928696591563915,-0.02116521093637341,0.029655390711829963,-5.8018181603895834e-05,-0.03130960501549496,0.0004320239136720546,-0.011135555349330214,-0.00642295185376278,0.003479287475860566,-0.02346244530036199,-0.05009950126934763
3.418,-0.01844910380799534,-0.03613001811992993,-0.017670384949692614,0.02798087657579635,-0.002053577679318491,-0.028402310984929416,0.008586555765737497,0.010785928203747606,0.00408739966428027,9.37897112918238e-05,-0.030373065290968657,-0.042857679606791335
3.42,-0.0278915751050655,-0.030860794160366883,-0.0029387028527392686,0.029931443569855044,-0.01420814666102983,-0.01807487002920766,0.005987818917872189,0.014050024426646523,-0.0020600144973278046,-0.011146899266478705,-0.0460305565314408,-0.04757702296724634
3.422,-0.03361293128251359,-0.029576844236543585,0.004044915703968917,0.03223852942906142,-0.020555396931587117,-0.013595514562008087,-0.004385419470953064,-0.00414121796818399,-0.0184974099150278,-0.017620134281396683,-0.057394069068914685,-0.05732811530262949
3.424,-0.02826313124367418,-0.035447203066095154,-0.007196489060779864,0.032534440429147944,-0.012360770970822749,-0.022231801547116046,-0.007935733463026513,-0.018791956692324047,-0.023438346591221522,-0.012263521458262292,-0.05600757668536973,-0.05930196816891429
3.426,-0.019134733045908205,-0.041959371081485494,-0.02283538033300861,0.031125651889779966,-3.4115464443565076e-05,-0.033686902799092706,0.0017643757736151425,-0.011454419870130642,-0.009979478503890447,-0.002273662781728357,-0.04704954145419217,-0.05201957697612351
3.428,-0.01805397998008703,-0.04085242355549624,-0.02279679840366903,0.02999533047584828,0.000901484507165243,-0.03349088664824417,0.013346536759889555,0.004544281645676228,0.002873764222122787,-3.34689864612995e-05,-0.042520252727128026,-0.04731164639144178
3.43,-0.025629727740815227,-0.0339064124608198,-0.008270037500973026,0.030791565523261552,-0.009408070184882131,-0.02300835881391342,0.011554119113639983,0.0026281951385710043,-0.004564643425244118,-0.007415280554306241,-0.046584748423172596,-0.05390641762682299
3.432,-0.03125718461777104,-0.03119599706809021,8.540412618931765e-05,0.03322265639515887,-0.016039233640549218,-0.017492486295678483,-0.002292463259717154,-0.018589419016086357,-0.02444158669000055,-0.013459706425013977,-0.05105368191301244,-0.06491818880069683
3.434,-0.02851334227855852,-0.03749519455542713,-0.008853076442983911,0.03566287190591656,-0.010487787528563493,-0.024787725123824385,-0.011272544578821337,-0.03111279724513137,-0.030955451116566467,-0.00977856826328332,-0.047986648289694546,-0.06704250529586009
3.436,-0.02404161944239016,-0.04615791469939823,-0.02179133195058013,0.037433552453015606,-0.0021573470485706887,-0.03518158807231293,-0.005435585974092805,-0.015989181474047032,-0.015871006363792822,-0.00257348054861122,-0.042015063378258964,-0.058834165794826476
3.438,-0.027466923299009433,-0.048600626933335174,-0.020710885306385613,0.03928534196154741,-0.004402808566902342,-0.035792723740395556,0.004699141402085502,0.00913995819948824,0.0001634409645058728,-0.003751664935226927,-0.044181133424172854,-0.05291374631887334
3.44,-0.036931226608432524,-0.04511841058777655,-0.007952140973876436,0.04138347034811214,-0.015362692161915381,-0.027941021958148095,0.0031012311601394905,0.012897156187027236,-0.003659750799432717,-0.013757654885715795,-0.05589201570774688,-0.058957213816104005
3.442,-0.040552412644414206,-0.042253682527871886,-0.0018576866545597205,0.04175858385367653,-0.02013191359392462,-0.02362961504127133,-0.008536424303670706,-0.007677789997746581,-0.019785324700059437,-0.01994359707098009,-0.06527060361629708,-0.06969778983677022
3.444,-0.032063970414816866,-0.04287387546898783,-0.0112836341941606,0.03843707043170029,-0.010952521631509308,-0.028428557397119386,-0.012868205462710173,-0.023854834757453123,-0.02399590752248766,-0.012792098900768368,-0.0613918372148905,-0.069972781708316
3.446,-0.019669327344111316,-0.04365845395885899,-0.024475505206044395,0.033229751030542654,0.0020488739131618913,-0.03511726300755791,-0.001667329954229989,-0.014303310770893767,-0.010001699395559106,0.0010347384206909752,-0.04824332194713888,-0.05792375280638014
3.448,-0.015998900008344103,-0.04083168788120359,-0.025042184780784144,0.03038846580256515,0.0038225483835017423,-0.034142131590836206,0.012345024318342189,0.006858932982333552,0.002592098292708238,0.006271605216582571,-0.03954627415968643,-0.0484270453593647
3.45,-0.022786088211027015,-0.035936322719291855,-0.013067831782635894,0.03146836312043478,-0.0064289123873605735,-0.026279701686236317,0.012542201675966235,0.009617686768459569,-0.0037041234547364895,-0.0016575041138578925,-0.04095543246127016,-0.05342596750558817
3.452,-0.030231045660661565,-0.035054840172651154,-0.004675695798159148,0.03442885892902886,-0.015076074055762011,-0.02192326938452483,0.00047760882218150113,-0.010804595581418726,-0.02053805289791942,-0.011409126288388475,-0.044295759318196126,-0.06634796270896037
3.454,-0.030119116360213735,-0.040852817338753004,-0.010700193427815708,0.03683493845610822,-0.012163380989006599,-0.027227079152419356,-0.006714231767252429,-0.026922954948441723,-0.02553679458199997,-0.01185149860744096,-0.040981606171875046,-0.07153449829629836
3.456,-0.025320154706734863,-0.04717223385357639,-0.021913653278251122,0.03765524198000764,-0.003918501262647728,-0.03493858281345562,0.00032297223935099143,-0.016899389604211383,-0.012543717432132069,-0.006697496137931121,-0.03429047522427565,-0.06502538138381177
3.458,-0.023987874407717876,-0.04518188738215407,-0.021241614664804415,0.03634422066974578,-0.0034452099219281955,-0.03332658447115138,0.010832331906197699,0.004774170445871144,0.0002324609322149454,-0.007876884099918217,-0.033935537145721506,-0.05832950433250646
3.46,-0.02703687515468812,-0.035071299667965926,-0.008045892569888007,0.03256259403127942,-0.011779464902290487,-0.022614450162038138,0.008840215593191949,0.007044945826708987,-0.004833633315388554,-0.017732004223872153,-0.042086102220123135,-0.06145887788551686
3.462,-0.02782559172155861,-0.027518096767559806,0.00020700767346042582,0.02811174130747759,-0.016481372206434496,-0.015750690585900395,-0.004801463479290486,-0.014639258918771455,-0.020940255709470227,-0.024802128107642225,-0.0503678553571576,-0.06945557271350546
3.464,-0.023303402367297076,-0.030490321829107894,-0.007505329158802937,0.026289838975136478,-0.00994716249145907,-0.021005080944696056,-0.013105861011083408,-0.03201631634996294,-0.027344427182033063,-0.01969434380640577,-0.05126970165433961,-0.07026647895341909
3.466,-0.018583646900310658,-0.03847713054747615,-0.020328590207080412,0.02774245019039915,-0.00037640207042007084,-0.03052975670437776,-0.005912986073093407,-0.02259514632317662,-0.01808498948409676,-0.008849716427283813,-0.047952195833762146,-0.062064500792387366
3.468,-0.019626181688368053,-0.03977065159936853,-0.020432831288637678,0.02963400034716697,-0.0004979002159994636,-0.030663768180873067,0.006524800625896726,0.00027037639344402575,-0.008459957978325579,-0.00546791171193707,-0.04907856329256968,-0.05564007120847049
3.47,-0.024787553276544954,-0.03217949437122653,-0.007495958622915434,0.029392651151382513,-0.009836900867913721,-0.02044095260264436,0.008086288225570245,0.0059472479706560175,-0.01250796514329336,-0.010816289201913507,-0.05590060793573036,-0.05897291460608331
3.472,-0.02655870740935802,-0.025781223019723666,0.0006025751537178417,0.027587589722730815,-0.01490515377620441,-0.013475556312046548,-0.0015719134716128018,-0.012134833793476655,-0.023736525495846372,-0.01408192157352915,-0.06012721920500215,-0.06646323580058058
3.474,-0.02235494367127438,-0.02936703255837939,-0.007369158783189807,0.02725105746024782,-0.008331178369297221,-0.019503330093971614,-0.00803855222658138,-0.028656645128137027,-0.024949971307644127,-0.00940947775245098,-0.0558295319654365,-0.06769841068588175
3.476,-0.019190693288134938,-0.038996597538802844,-0.020110130416572492,0.030364730136099066,3.395507023506262e-05,-0.030672286660986686,-0.00241204235824645,-0.021821006259789652,-0.013198818406830296,-0.004033292032112245,-0.04815294439131534,-0.06219214561129655
3.478,-0.023601874484486755,-0.04315983420882466,-0.019591191089527716,0.03464695305817643,-0.0028865250681170893,-0.032147784747473575,0.006980811532506157,-0.0027355340442586753,-0.0054249008588373995,-0.007666993284461906,-0.04680247018100381,-0.059660362379136606
3.48,-0.031241486821932087,-0.03770142324179982,-0.0063160939908876584,0.03568260879610712,-0.014422751757231917,-0.022509590068882434,0.006168011997625133,0.0009351581562194594,-0.015517741966614377,-0.018653183711180393,-0.05330756600363113,-0.06593984511093834
3.482,-0.032991943762155126,-0.031518514118403056,0.0015677069564279666,0.033204402831931115,-0.019953039447007305,-0.01558138749040298,-0.004835607890156351,-0.01660559803528984,-0.033552596572761245,-0.025186428286924023,-0.05892090776983165,-0.074101783055026
3.484,-0.027925315179140712,-0.034172581446329904,-0.006277495372980188,0.031716726482810695,-0.013189977004222423,-0.020981902683758623,-0.011736122605242547,-0.032352198346761354,-0.03783578849045918,-0.020548218696488287,-0.05631581523804405,-0.07368000989128934
3.486,-0.023434570544937125,-0.04155237049849897,-0.018183555415594077,0.03339134230619731,-0.004081737148734721,-0.030604569221828023,-0.006042761025814036,-0.026980289071166876,-0.023705062804907064,-0.012167154902964968,-0.04960878930395153,-0.06475828591464357
3.488,-0.024698181467350772,-0.04165191363199623,-0.01696902380718493,0.034917299918383334,-0.004884169067109325,-0.03023229080596238,0.0033289242459792236,-0.011018799901279568,-0.009284618349348725,-0.012007662845238293,-0.048656914674299154,-0.05770809864853485
3.49,-0.028798984549714787,-0.03281380351298758,-0.003986389562302553,0.03318604222514232,-0.013970152048333266,-0.01984193704761322,0.003482332494503476,-0.009135093480788328,-0.011365076868253686,-0.020250638991908588,-0.05521647269385173,-0.05998602141074585
3.492,-0.029513552528966907,-0.02638530473820406,0.0031282293554172618,0.03001071211850102,-0.0186685361453274,-0.01344479716741985,-0.003637586962420858,-0.024043417314746046,-0.02361265393217494,-0.024453006833161803,-0.06069736212857987,-0.06670965187042914
3.494,-0.02579415832355706,-0.03010007991688358,-0.004442262697318268,0.02906431201680347,-0.012821859734098733,-0.01889380867037925,-0.004491586520649517,-0.03232295868165266,-0.02630144261686564,-0.017061991748842372,-0.058610257925724725,-0.06738289198391594
3.496,-0.023265578968098718,-0.037555710661116466,-0.014631907151796623,0.030733535506147266,-0.0051459119956376405,-0.027066887646803175,0.00583809083247461,-0.019225843613585144,-0.014839345029113014,-0.007039852703244785,-0.053539482768306744,-0.06084587408304191
3.498,-0.026644043449810154,-0.03791933952966137,-0.011702016261032764,0.032282745931093655,-0.007184132336366899,-0.025399287433361912,0.015172809536753816,-0.0013049934609769963,-0.007020380683178006,-0.00849059712919493,-0.054608009626357104,-0.057659708683786524
3.5,-0.03250090151786375,-0.030763607244315077,0.0014876217921635667,0.03182238953440572,-0.01695065553453841,-0.015841477341620162,0.00939904419730294,-0.0043065452996462715,-0.017770399312981393,-0.021518284382847006,-0.06267984848154558,-0.06503203391920077
3.502,-0.03313183606821404,-0.026412128193144473,0.0067723692439496325,0.03057444676325345,-0.021119465246578192,-0.012283022190838615,-0.007737414926680784,-0.027591725991704546,-0.03700429817307144,-0.03114549398441399,-0.06814666441887791,-0.07511213040002372
3.504,-0.02748809596274456,-0.03228608004851143,-0.004521662775074135,0.03129244658261676,-0.013539214959678459,-0.021573483266780682,-0.017428583769584782,-0.04399265696705026,-0.04245421630537873,-0.026222894637902262,-0.06287383720359933,-0.07493273914119136
3.506,-0.023171532958155053,-0.04277165314003771,-0.01921261819096124,0.03452941313761316,-0.004022721272696588,-0.033849266922666515,-0.00938244477265009,-0.03495216638225461,-0.029006367573649498,-0.01355307460487203,-0.05101901797753415,-0.06431671285286637
3.508,-0.026348875427667024,-0.046062548402104914,-0.01933826235032231,0.03759341093114615,-0.0052524555209119295,-0.03481109477978258,0.0050713984306740845,-0.014364645761622956,-0.014731656527526556,-0.008721149671594467,-0.04416421014951243,-0.05619267742649118
3.51,-0.0335828728009458,-0.039462690310545764,-0.005679494076505713,0.037980770497465344,-0.01585032098142143,-0.02401747527482947,0.008147007601601464,-0.009846507947739266,-0.01714212557234564,-0.015798889028344688,-0.0467518503244395,-0.059832815708963254
3.512,-0.03603472357242943,-0.03211675042316807,0.003891293268673201,0.03609653245933081,-0.022198236745998974,-0.015128276696585792,-0.0009896771668310778,-0.02515094323081554,-0.0307298121777725,-0.022909819988620638,-0.0514961131187271,-0.06960087134546102
3.514,-0.030636276723188197,-0.031828915492302504,-0.0012869938538245995,0.033817179690215776,-0.016618051010846707,-0.01757216528069203,-0.006432156541069286,-0.03490451041276776,-0.03506938797657279,-0.019438335305062907,-0.05147099370842057,-0.07284237534960865
3.516,-0.023786621183454586,-0.034804539453822315,-0.010913239989814045,0.031715979143715586,-0.007428246858793745,-0.024168998446513733,0.0014921688124457705,-0.02035456791587534,-0.02295079981971497,-0.010532427349257939,-0.05031914513926574,-0.0655981869998834
3.518,-0.022802768599329806,-0.03208801201722657,-0.00878946754632412,0.02893486059098754,-0.007333712933561911,-0.021677414847832702,0.012865813782443896,0.003111027317266003,-0.010398228368917479,-0.0092599578692196,-0.05495500404073031,-0.05671649654816712
3.52,-0.027016910356450038,-0.023634258647241113,0.0041548315856576035,0.025928514758548432,-0.016190272626624994,-0.010286763564827725,0.012231480916496678,0.005219937479397706,-0.014851572923510652,-0.01848855826169259,-0.06375664759062197,-0.05665348860269532
3.522,-0.029669861553914857,-0.019707146719397065,0.010510779866326134,0.02520472073667758,-0.02149201120355938,-0.004434515230796761,0.0001448192750722507,-0.018279246278494785,-0.031103623767604092,-0.02716244362578174,-0.06884208345903721,-0.06451727828969486
3.524,-0.027052437871960572,-0.026657845623016985,0.0002737162682978115,0.02797875205487111,-0.015590610098749966,-0.012853380865653784,-0.007804344509246669,-0.03932979118241455,-0.03844896756792142,-0.02518455688092067,-0.06739772913846215,-0.06986896987605938
3.526,-0.023659926566896444,-0.03747183944750307,-0.014417800931496206,0.03218638449442684,-0.006383792208599246,-0.025869881372025064,-0.002214882939112656,-0.03504299617335566,-0.029394423961503328,-0.01661819948676083,-0.06466226774529249,-0.06722450434349912
3.528,-0.026483166030281533,-0.040618457894379324,-0.014592777546645525,0.03486069074479812,-0.0069082570158419,-0.027937997760236977,0.008427571290512128,-0.01695488478669544,-0.019400937383762407,-0.01353362903840376,-0.06572849238028818,-0.06257169253674225
3.53,-0.03451324960619832,-0.034678708356309706,-0.0001470556709673063,0.03495530746795107,-0.017460861825091524,-0.018288266499513275,0.009980630328208215,-0.012972435326514915,-0.02417032418507333,-0.018989329153173706,-0.06876981667975784,-0.06320326797768581
3.532,-0.03857651108336125,-0.028793854619416245,0.010031832961867247,0.03331449389571933,-0.025054974632856136,-0.011012725212118553,0.0020792322421850852,-0.02791220900747271,-0.03692734536185851,-0.02327979354958063,-0.06802427675946195,-0.06671896746602633
3.534,-0.03354377982724134,-0.029332393729050197,0.004350162545633033,0.031105379917250996,-0.021182782348809635,-0.014816370441075727,-0.0017334957867991023,-0.03749377744817457,-0.03802188945856176,-0.019036483777618726,-0.06204385618059574,-0.0654041060510981
3.536,-0.025513452186029035,-0.03175476571643005,-0.006164454647799447,0.028909115993016064,-0.012789976290504938,-0.021508859590926667,0.005962659766494345,-0.023880038520621382,-0.023341594054629176,-0.012812032414347257,-0.05680595842280373,-0.05852020015762859
3.538,-0.023211102036152433,-0.027848741979798856,-0.0042788896654521935,0.026504981650749954,-0.011857187945481625,-0.01840577701295135,0.01536004829542181,-0.0021000094274173887,-0.011328934397600647,-0.016018164706877707,-0.05915849422535149,-0.053814696632770144
3.54,-0.0266765942051224,-0.01826783355151391,0.009152314857089118,0.023959445188834704,-0.01908400045211927,-0.0065905421085310535,0.013146765422945407,-0.0006106288764202817,-0.01822264545540606,-0.02803265703375734,-0.06824536196158953,-0.05687722954923185
3.542,-0.029287537322646016,-0.013550848477112095,0.016466131773699093,0.02328077789006899,-0.02383803448765147,-0.000358693648988077,0.0009540936457252473,-0.022906993879686706,-0.03580285833150353,-0.0354122109889092,-0.07562484360345643,-0.06378050324598107
3.544,-0.027992973577453884,-0.02054188252898858,0.007708982240656144,0.026465712498448726,-0.01933681713007676,-0.008256341373132733,-0.007049570597950663,-0.04238516853711657,-0.04297593405262403,-0.029421495568239236,-0.07457109052273109,-0.0664227586259737
3.546,-0.02677612708744494,-0.03209668652384166,-0.005484678317098715,0.031630062688418566,-0.012217582253652572,-0.02092426127265466,-0.0032295665790414486,-0.037673273839210125,-0.034321422318048043,-0.01824382134696304,-0.06778138500092945,-0.06279140534988514
3.548,-0.029739092768198867,-0.03549935605248548,-0.005860213314697353,0.03402751867814778,-0.013044511381245384,-0.022940451723138293,0.0040796068928984925,-0.020950838627531783,-0.026015390123821827,-0.01637107495685185,-0.06376559514141532,-0.059352656742063345
3.55,-0.034079513664982256,-0.028961759768086185,0.005425419186639799,0.03165050261860731,-0.02047108317093052,-0.013437000683796144,0.002837749547398663,-0.02056486006590125,-0.03263907087620773,-0.025527041012348085,-0.06628306326716696,-0.06275056385840837
3.552,-0.033967259083188296,-0.023498596610917476,0.011004684832897902,0.02805870409647289,-0.02314125250986783,-0.006801700477137722,-0.005579308360569055,-0.04056751785304203,-0.04651446015178588,-0.033241713577336844,-0.07058046759559392,-0.07006630654363416
3.554,-0.029469109693712393,-0.027136144738335824,0.002675671899364586,0.027771017771897513,-0.016923433518505813,-0.012093836325268639,-0.008160352523256763,-0.05350881349627372,-0.047708163869554815,-0.029920935072723743,-0.07089635930181466,-0.07142502450380635
3.556,-0.026480158090283614,-0.03350799699870401,-0.006930458003009533,0.02999034405294437,-0.010915649037917656,-0.02034602549017373,0.0007417591183108885,-0.03841094943547482,-0.03250397253871235,-0.020890841061430063,-0.06869426036187938,-0.06395871654173023
3.558,-0.028520074698633543,-0.03114658630567271,-0.0023415020295397392,0.030022475618154416,-0.01414072185831028,-0.017451006405368317,0.010201852743926628,-0.011274407503149557,-0.020562295961450986,-0.01848528497832306,-0.07073333779271684,-0.056920929935761366
3.56,-0.03220311447139432,-0.02025349950576309,0.01276038444640574,0.026289333555863537,-0.022857332438635705,-0.004498338669157153,0.007158250338840914,-0.004863318061183157,-0.02851950939482332,-0.025548145749963575,-0.07938640777937071,-0.058872323853738244
3.562,-0.031982822078136366,-0.013267342541668545,0.01979084992565094,0.022770469849898247,-0.02571813608984306,0.002722226304943523,-0.005590419352675331,-0.02553979868870552,-0.0466582581332057,-0.03214631298067427,-0.08816078150094793,-0.0657266910911985
3.564,-0.02793239289849089,-0.018615421172496396,0.010041178093952309,0.023907906717266676,-0.01921550096932085,-0.005232672370172491,-0.012661388626559564,-0.04601906850266687,-0.052313841550860586,-0.02945896596021646,-0.08952546783094986,-0.0673679839954785
3.566,-0.026634847152872135,-0.030105082814015142,-0.00338960766094575,0.02936019645351438,-0.012854140066259997,-0.018584546026158222,-0.0058302373926533676,-0.04232890480709177,-0.040613140306790016,-0.021853841879021264,-0.08508781071372784,-0.06242393787702667
3.568,-0.03299782263068272,-0.03536127426244354,-0.002638776732576001,0.03485262170893122,-0.01695273471337893,-0.02129478170304742,0.005609747472122321,-0.02473133432699576,-0.029784819040510436,-0.02046957737422444,-0.08337314524731165,-0.06006127720732248
3.57,-0.0422133446570563,-0.03095239126666712,0.011080540785145202,0.036620901354523866,-0.02820569167103597,-0.012147736557157793,0.007234863756512338,-0.021683090121021435,-0.03548546428037714,-0.02705751379845888,-0.08773884186437883,-0.06661071799852729
3.572,-0.044495025856523006,-0.02536507165282966,0.019183072318956516,0.03495488853775274,-0.03305093708677089,-0.0053247678525616985,-0.0015460447641118776,-0.03897334243737044,-0.050212913638140184,-0.03167341506090135,-0.0921623035157008,-0.07558735132192117
3.574,-0.03835112351773487,-0.027183001341386237,0.011288976021878202,0.033778223317332094,-0.025858700550554597,-0.010387364500971254,-0.007651331217667501,-0.05150396228828135,-0.05470800377267846,-0.027738708342185305,-0.09047005556152406,-0.07591029369633773
3.576,-0.03269450121918107,-0.03324445840749782,-0.000520795128310033,0.035252894959930864,-0.01688657335793449,-0.019212885000751623,-0.0027207889263834795,-0.039149206489077146,-0.0442078480389003,-0.021650968026860954,-0.08467672492938413,-0.06715243622231575
3.578,-0.03423958195303895,-0.03287534060232864,0.00133469841103388,0.03630555432874743,-0.018372193836749515,-0.01744080374481893,0.005955043857960308,-0.015340872571224233,-0.034550252879540694,-0.023481675877853526,-0.08160142103296487,-0.05993482637382415
3.58,-0.038637410477033805,-0.023692043503947404,0.01503631200230531,0.033243805001388446,-0.02759877892652841,-0.0050821471175179975,0.006253298159450088,-0.00888275727693261,-0.04046982003348379,-0.03311631585360706,-0.08355550306081776,-0.06143021527643609
3.582,-0.03704932330707925,-0.015982855988930005,0.021380735381168692,0.02757998084736629,-0.030327186336811335,0.002401782998855298,-0.0015013117056959407,-0.025042987775313174,-0.05471759004729477,-0.040192704907757816,-0.08548815832728687,-0.06665795670634037
3.584,-0.02805811492583429,-0.018223347834157275,0.010174199677960821,0.023916035178064055,-0.020101510473058144,-0.004863277090428104,-0.004744853126823185,-0.039571336959379845,-0.057077462632177486,-0.036555350283302285,-0.08196440646672207,-0.06643511884669011
3.586,-0.0194666147694309,-0.024938619307973007,-0.005382913384365742,0.023529011241713464,-0.0073764398379626535,-0.016915758144296078,0.004214500808999966,-0.032632404698614226,-0.042034430120121126,-0.026129723498985204,-0.07457028463317307,-0.059641572678092745
3.588,-0.018891626936762853,-0.025086042353651864,-0.006194573155985073,0.02378277364362761,-0.006311537531608463,-0.01743625581369845,0.016999355408246635,-0.015817174559342388,-0.02772120267827998,-0.02086353539789552,-0.07055291659362775,-0.05449818163727811
3.59,-0.02478248099882007,-0.01864340362085934,0.0064565464038623035,0.023260157788274023,-0.016246883106539052,-0.007056764725715549,0.01850919672388336,-0.015673824675225972,-0.033037463188336086,-0.02604784268468208,-0.07421557274082141,-0.058138224260471764
3.592,-0.028809067085156567,-0.01649460016986148,0.012825115443582153,0.023679342263174533,-0.022885734201467074,-0.0022813137286294472,0.006564066453354068,-0.035407219307057994,-0.051895412265923806,-0.03322325494096823,-0.08126807213936417,-0.06686929490592361
3.594,-0.027210668903233603,-0.02376080237980043,0.0035499544700178997,0.026478230621309037,-0.018511447594201633,-0.010707898941853956,-0.003888027936222222,-0.04877076781480824,-0.06015182389087595,-0.0318707550476662,-0.08409973142910546,-0.07058319188284777
3.596,-0.02571272580713161,-0.031241267939146784,-0.006000997011836207,0.02988777654683621,-0.012756426595047207,-0.019290311675608126,-8.776123744119354e-05,-0.03640472012070567,-0.04778137871051868,-0.024266134319829873,-0.081690460367292,-0.06617148066090375
3.598,-0.03052716888847249,-0.027671742811230526,0.002366674852261082,0.030634803453607137,-0.01799396329535321,-0.013041215605423668,0.011280849745642758,-0.013281514573598614,-0.032242736928419356,-0.022091752759677518,-0.08025738541776366,-0.06122816490043801
3.6,-0.037968762676496355,-0.015982027365402843,0.02201655492383574,0.028004326711845617,-0.03017277165336653,0.0026531951433674205,0.01356532297276104,-0.008799086977283438,-0.03430107520440388,-0.029493875671236545,-0.0836271730721483,-0.06335300398581645
3.602,-0.0378216102255061,-0.010107918372959209,0.028118891900280243,0.024357529811486624,-0.03288678009050125,0.008060793063939168,0.0035108311695936268,-0.027266345775591668,-0.05058401381031491,-0.0369000364254036,-0.08761572151153939,-0.0699091153948038
3.604,-0.027260480771191968,-0.016251842058482912,0.011133969632766071,0.022060383501643053,-0.019908304540686747,-0.004347676376281523,-0.004549292011912314,-0.043187073543072156,-0.060307575266570046,-0.03452176194402353,-0.08669373660812026,-0.07206647092948874
3.606,-0.016797625784373233,-0.024978045390482463,-0.00872009502859575,0.021848644716706347,-0.005354320751308918,-0.019200697706083073,0.0008015060373374451,-0.03715740132176029,-0.053869573830864464,-0.026226650314204233,-0.08256725847788542,-0.06689043388012972
3.608,-0.018247057805312383,-0.02447650195252575,-0.007042676306583805,0.023207744104039113,-0.006500204360129612,-0.018155533108460502,0.012106570870993495,-0.02229477856401002,-0.04416334855660977,-0.02424829543254764,-0.08186584890420308,-0.06116264023597412
3.61,-0.029635954118430126,-0.01649257035274034,0.01273972512217145,0.025140871154251024,-0.021362775267217308,-0.004040116246161024,0.013541154760918887,-0.025051362456979913,-0.047907127460840186,-0.032119017246421105,-0.08673531885839357,-0.06277248386867501
3.612,-0.03822162986095652,-0.0134916790723184,0.02488436628381814,0.027148986813502127,-0.031838583913477665,0.003696401658004367,0.0029558842954695644,-0.04692843461895404,-0.062161121111552135,-0.03973361075170614,-0.09219559765370841,-0.0700965402914712
3.614,-0.03728213558239112,-0.021098673757335117,0.016475920490605134,0.029303593540550732,-0.028131216401561902,-0.004263414262296303,-0.0056277254499127564,-0.061038939379392095,-0.0677703270995748,-0.0377060376158397,-0.09344974669619908,-0.07347390108935242
3.616,-0.033323154568961365,-0.030121623889422213,0.00326768736223963,0.031161369555327983,-0.02049522304208759,-0.015348107226506239,-0.0021154387833951832,-0.049002744887926684,-0.05644979113250519,-0.03069225953674752,-0.09202679404668135,-0.06854396950664092
3.618,-0.03558586590493647,-0.02886932150973227,0.0065922914022398214,0.03168928009812077,-0.023487449262547287,-0.012918242919404205,0.00591171505666978,-0.026619287873199293,-0.0441562961010912,-0.030872229865115026,-0.09293834174918075,-0.06287387058930219
3.62,-0.043553252914197337,-0.01906922939256549,0.02438844856028365,0.031031240141228537,-0.03574274584188999,0.0012114440395240113,0.004328026437538981,-0.023548945384739395,-0.049989165637651795,-0.04083636284460827,-0.09748026446926497,-0.06533926992914416
3.622,-0.04842023539783779,-0.013787648276316216,0.03465420689467948,0.031027808079370507,-0.042396366384126666,0.009237403530915171,-0.00724562978239966,-0.04424760963365907,-0.06835660214036905,-0.049506426641429506,-0.10044014424442241,-0.07278200576147409
3.624,-0.044895620697827876,-0.01951253853840955,0.02544539420195763,0.03245485750219646,-0.03542647029374662,0.0016273197301571827,-0.013834759979376833,-0.06162236522307454,-0.07504244581711919,-0.046539314229261323,-0.09572819400709565,-0.07356498889571964
3.626,-0.037051791471819126,-0.027080486945655152,0.01001121895679466,0.03282636299061248,-0.023653058002073638,-0.010158805045502357,-0.005474723182326547,-0.05299378117374229,-0.060609945649188604,-0.035961261011533775,-0.08532079475225775,-0.06420581969504247
3.628,-0.031472043402511064,-0.024354956980029978,0.0072449481973200815,0.028918607181248092,-0.019774918756969462,-0.01017060112573602,0.008045903879542338,-0.031247821054566284,-0.04388408184285402,-0.031001164763873327,-0.07920680876672581,-0.0556621267405296
3.63,-0.02875022766795455,-0.012929138469224015,0.016257893120878553,0.021520990448584913,-0.023685958162082032,0.00014548965097220862,0.009755721167761258,-0.027362141120586957,-0.046256237652567665,-0.0367210171778368,-0.08299652567029102,-0.05926178894100427
3.632,-0.025276324980912226,-0.005763456861778765,0.02026627422869713,0.015696756192746505,-0.025006520949579742,0.005388024656502005,-0.0009660851853525629,-0.04683107274938768,-0.06306978628216679,-0.04374730549411974,-0.08976939123631131,-0.07106393071797883
3.634,-0.021096253831488443,-0.01001857452761839,0.011769407508023157,0.015517445715357743,-0.019444537538184817,-0.0016734154725733356,-0.007220253969753113,-0.061805615170613094,-0.07133732967130418,-0.04180326507698854,-0.08951936226081926,-0.07649686637104523
3.636,-0.02148637938442623,-0.018918495400684993,0.002802392960642654,0.02017281376187364,-0.015255587040405659,-0.010979403438548502,0.0017954424722137902,-0.050345741645953394,-0.061510527136032736,-0.034480667476820125,-0.08327778872323642,-0.06925683046773873
3.638,-0.02922701841308436,-0.021466408792,0.00760588418969636,0.025305516249712515,-0.02109596454298601,-0.009541320169306844,0.015221987990464482,-0.027111999149353784,-0.04927203331557485,-0.03458231461848955,-0.08166991837198327,-0.05925015866626261
3.64,-0.038527541885927684,-0.016283295763068233,0.022161535101372205,0.02731139674723481,-0.03232036402062985,0.001144112325533816,0.014956029491447751,-0.023388704879579614,-0.05263246356711429,-0.045501651423928945,-0.0898767446553905,-0.05924322612328845
3.642,-0.0408173967216809,-0.012676757793206626,0.028473351673562484,0.026678575024013912,-0.03571985457614148,0.0069723683849693754,0.00041077819613135843,-0.04461287655404486,-0.06721902032949167,-0.05494425189064233,-0.09996402134442726,-0.06817037570062544
3.644,-0.03494197057253081,-0.01697808950723187,0.018623296899317198,0.026113629955730997,-0.02702445024018326,0.00030932122244430754,-0.010337077284041879,-0.0632850080999911,-0.0736790734049345,-0.0513743320951041,-0.10099358426369774,-0.07353436118716848
3.646,-0.028124251109923813,-0.022652701721841792,0.006114256000696442,0.025925487018611696,-0.017031086886430048,-0.008945669458371844,-0.004175310620139578,-0.055929925085823326,-0.06527190998342472,-0.03993395890848423,-0.09313814729922379,-0.06880654680625474
3.648,-0.027176063291777155,-0.019536919433266856,0.008029520158464913,0.024103503190922353,-0.017648706492647978,-0.006546760505833629,0.010214910369410513,-0.03422197343063455,-0.05669879124274376,-0.03512204509473847,-0.087252522639461,-0.061493634728821966
3.65,-0.03079051383311844,-0.009083654221826932,0.021923796043940114,0.020479341955054638,-0.026506435352439628,0.006115987862939406,0.014538354632464185,-0.02869143899144117,-0.062287442556189385,-0.040971166829992176,-0.09024926508692052,-0.06131049028019763
3.652,-0.03235482805533075,-0.00307488669153232,0.029643318770917457,0.01791973845836603,-0.031008727266648637,0.013597045849712055,0.006199522044629397,-0.04630787216965569,-0.07468855594594914,-0.046296993646832735,-0.09611730731140113,-0.06595129533244844
3.654,-0.028705117974806522,-0.007193506773539875,0.022183991192533847,0.018237699552624637,-0.025393803309886952,0.007665166574239747,0.0011372233933544728,-0.06072727592932309,-0.075211104701708,-0.04149119794214474,-0.09539778706946203,-0.06517199745419137
3.656,-0.023365168008615107,-0.012597327325583461,0.01145323134274006,0.019097916801880707,-0.017730464414937114,-0.0012947007974969003,0.009938885671524216,-0.04946029083652311,-0.061028225377901056,-0.032809196486608384,-0.08900848575083192,-0.056361204051585026
3.658,-0.022288547598006043,-0.008328412261547657,0.014232983736937951,0.017712921274164607,-0.019261611234976248,0.0014635742831685947,0.022414371199429864,-0.025788530121399138,-0.05028893046682124,-0.033249829287536434,-0.0865319429798239,-0.049072640050898925
3.66,-0.026859325707996495,0.002289834558475237,0.029016244144920683,0.01561381370671972,-0.029436755444458066,0.01409464454454081,0.022083563676263185,-0.02106768978451934,-0.058109803661714976,-0.043814878653670036,-0.09237925686537295,-0.05274586635890683
3.662,-0.03136407533900095,0.00516783324792549,0.03643908158900661,0.016413020062911426,-0.035466186222280885,0.019600409027899862,0.008958205530513358,-0.041960585411641056,-0.07640509012218122,-0.05235202575061047,-0.09954645051343654,-0.06373022475535459
3.664,-0.030018056487517656,-0.005069746579541008,0.025242481078506674,0.020153340407016662,-0.02910467543145652,0.009124892264878217,-0.0006576709746577625,-0.06171708463621109,-0.0845560122322911,-0.04969149409062916,-0.09901391944318985,-0.06924059893538984
3.666,-0.025143044559027296,-0.01702556964950172,0.00864316092013132,0.022961602900043947,-0.018555206615987238,-0.005179613567521524,0.004239917593802635,-0.056866540310336826,-0.0757327003811113,-0.040497251880226105,-0.09164632070163543,-0.06397501576190769
3.668,-0.023748184439257563,-0.017540054810051334,0.00655324502809454,0.022173877493247052,-0.017326519527754446,-0.006541382120142851,0.015401141307209732,-0.03832543912864584,-0.06430165707511663,-0.036486878646652086,-0.08679917598354349,-0.05684478937171579
3.67,-0.027029580029796274,-0.00836554439009251,0.018768201791634173,0.019205671995255785,-0.025504141257339658,0.004162964569969409,0.01728498162372453,-0.0345570306716089,-0.06568656704628446,-0.0410573023087142,-0.08957785195640647,-0.0580025647587055
3.672,-0.02910437503123812,-0.002053986069733519,0.027315385892629582,0.01698040708928163,-0.030799351896983126,0.01140716389418072,0.00908863688878263,-0.05087924063337473,-0.07543456114165567,-0.045318529860276346,-0.09421984794447465,-0.06457311433309094
3.674,-0.02647103421608941,-0.004851650848615895,0.022296055530971814,0.016555500860484716,-0.02655129712186098,0.007092094073508177,0.0052288822577063595,-0.06271621096514994,-0.07637592345273382,-0.0414374403336506,-0.09316313050312337,-0.06583777690183684
3.676,-0.02322373627977227,-0.009629418941337835,0.014339888719592134,0.016727824073102172,-0.020386083482295828,0.0005477921907689475,0.013601246649906801,-0.050873080954604195,-0.06433904972140794,-0.03414549810529143,-0.08834089097019565,-0.05896975410856742
3.678,-0.024984261814975192,-0.006579689812665674,0.01870655429613324,0.016114563386858377,-0.022971893578224472,0.004414885430813259,0.02400462773056486,-0.02837858661533315,-0.05537465932707662,-0.03435633268202228,-0.08782559092595033,-0.05242290305098293
3.68,-0.030644806210971924,0.002799576755512144,0.0332928907209708,0.01506316226399597,-0.03272077802686992,0.016524740050215536,0.02214239330904852,-0.023557510423260035,-0.06370269044229931,-0.044460645037013476,-0.0936440497481715,-0.05431859602362234
3.682,-0.03348152527584087,0.0070589050785222224,0.0404445334031464,0.015239712719789775,-0.037387882386534836,0.022284967777762035,0.00889896825746275,-0.042574931168377655,-0.08152188579429108,-0.05472565210557348,-0.09917288169207884,-0.062057935440760006
3.684,-0.030656690164438446,0.0001795852528826068,0.03125982463031811,0.017624714251292462,-0.03136470679151485,0.014479082195504199,-0.0006077182568517375,-0.06131223190054407,-0.08872292059256233,-0.05497070291315017,-0.09862115525798949,-0.06597618595448311
3.686,-0.027613968075880603,-0.009709781209843511,0.018770000409649185,0.02100245401900612,-0.024184820195760195,0.0037078096353177236,0.003466139961575614,-0.05765628040695007,-0.07901131953943961,-0.047149016910810575,-0.094154416742219,-0.06199346422635864
3.688,-0.030376484233101655,-0.01091058863095782,0.02021881615652469,0.02282242485988894,-0.027015473596628998,0.00427393435097833,0.013371878555230154,-0.04080398440716118,-0.06795823321881406,-0.04281644981346799,-0.09212505306138105,-0.05684937573199438
3.69,-0.0365835052121866,-0.004062656366252607,0.032745720830169335,0.022238210556661645,-0.036298456951716816,0.014105223450744756,0.014639512533680215,-0.03787637774595144,-0.07213712265406784,-0.047316259179684905,-0.09470045002126334,-0.05876950354832401
3.692,-0.038301975607626305,-0.0003606044858572475,0.03786963857689815,0.021019825114836424,-0.03872796886738942,0.01803741551593399,0.00595904931205109,-0.055274438362073325,-0.08644041465591973,-0.05259692963866303,-0.09728310617680612,-0.06545128597340924
3.694,-0.03291090569572378,-0.004688686520435332,0.028461061454510155,0.020545337950816627,-0.0303952049913176,0.010331067271034952,0.0011938576297035267,-0.06840935342364761,-0.09111661469865945,-0.04998354976971039,-0.09472242115309232,-0.06647055315905469
3.696,-0.026885195785099136,-0.00879367379646624,0.018848443746343587,0.01977737182423927,-0.02246125781585874,0.0029833053251499325,0.009783688701355901,-0.0559387526515715,-0.07937298853121752,-0.043169380470017976,-0.08907738852453104,-0.057804841286217504
3.698,-0.027080648037399985,-0.003470355063278958,0.024408373559903083,0.017210658608742414,-0.025988147934105792,0.008419871078430547,0.022466798037036904,-0.03168381379714476,-0.0673073308538296,-0.0427073530544578,-0.08878185812810241,-0.04819242651493789
3.7,-0.03161749975675532,0.007934426872920205,0.039835590744594584,0.013641803432496527,-0.03702994232882007,0.022016412817063145,0.023213696730258773,-0.027973461461627387,-0.07205541162463838,-0.05129117932130928,-0.09802809699401822,-0.04806144345566727
3.702,-0.03295938996329629,0.01270517533628851,0.045475818807665304,0.012016192136955544,-0.041551609827887616,0.027742341761828056,0.011597204249073283,-0.05122416895989958,-0.08755907341762255,-0.05934235366624938,-0.10906954088796075,-0.05577219406953469
3.704,-0.02890253961731938,0.004595122859940567,0.033372029331638214,0.014404398058766133,-0.0338942885126929,0.01856385494699755,0.0037323180833802915,-0.0726745646881456,-0.09258219865081685,-0.05694251517112688,-0.11041978923408219,-0.06020983336114604
3.706,-0.026248951165127293,-0.008003327086651003,0.018554444807024388,0.019564082995544158,-0.024633575568345376,0.005438323195325638,0.010044593173588254,-0.06783604245922134,-0.08073786449000887,-0.04770269002006517,-0.10232323298786863,-0.056304231657263185
3.708,-0.03122141760081413,-0.012432049262423429,0.01933993371154232,0.023904978042806536,-0.026377242099801187,0.003324830618446989,0.021360039207328117,-0.04844924469393071,-0.06974313661178354,-0.04442506393594331,-0.09670410386314784,-0.05169987000430497
3.71,-0.03980404230748634,-0.007623245306969828,0.03252981347196761,0.02512015058545507,-0.03643182111050921,0.011859971109788993,0.021880872580901226,-0.043998232754744834,-0.07663879908652868,-0.05066218707927918,-0.10046911822987388,-0.0551353056545118
3.712,-0.04239841205950881,-0.003800692308819603,0.038690178941406764,0.02410695359054084,-0.0408680119793899,0.017025381188251948,0.010695387374001076,-0.06024852048643462,-0.09378789771620784,-0.05558060948560016,-0.1069359685097989,-0.06284404155799378
3.714,-0.03602450785348326,-0.006654979783139762,0.029626805071510713,0.022507201998470786,-0.03364176201377312,0.011380341252065534,0.002945803643458222,-0.0719096473203933,-0.09901109164964954,-0.05046657110555002,-0.10680597532991291,-0.06327622028253904
3.716,-0.027537561794379856,-0.009774968901589114,0.018441965755769035,0.02022945305265253,-0.02403271608997942,0.0037117896074815816,0.00899099259325546,-0.05902582692384446,-0.08590060180823679,-0.04185979672684971,-0.1011615591128435,-0.05410674754352736
3.718,-0.02493817315521673,-0.005227974914666953,0.020461272247255084,0.016739801928104453,-0.023753618393842914,0.00598915893242492,0.020107232796118098,-0.036483613563283515,-0.07288523339468303,-0.042403722482208465,-0.09927902600445311,-0.04633987562334331
3.72,-0.028009546992618192,0.004656587627512583,0.0329692714003826,0.013075162106995285,-0.031661081617500565,0.01699118466218998,0.02057627633123358,-0.03495278125705743,-0.07841497580709206,-0.05336664889699234,-0.10605560647677725,-0.049400700954679244
3.722,-0.029380572605878938,0.01021991123019544,0.03942460053479247,0.011052112509751199,-0.03568031117342205,0.02377564587232202,0.009290966742741602,-0.05867434216520645,-0.09591250000834603,-0.06280247414414783,-0.11543442741947564,-0.05867043336942039
3.724,-0.024733691196832597,0.006940282244561254,0.03142302014916467,0.011075700208054835,-0.02915491933274683,0.018540900271607597,0.0013597250986123752,-0.07891587946649961,-0.10282971189320153,-0.06075579241675112,-0.11784327211116709,-0.062078865000791676
3.726,-0.019541651290274253,0.0006917194453101036,0.020198662695084104,0.012344591509094997,-0.020582377142616768,0.009129386076342345,0.007870753159160953,-0.07243847365009651,-0.09138988393307174,-0.051544000312252154,-0.11242100369884579,-0.055895403261180955
3.728,-0.02240110956541563,-0.000511258322460748,0.022006851446313657,0.014562478221314935,-0.02289080705704219,0.008615523244654984,0.02079452856637211,-0.05202452276691343,-0.07916119139885829,-0.04779311161440588,-0.10758150832172977,-0.04924215686136948
3.73,-0.03266186909851735,0.0029434586447144445,0.03568042019644987,0.01767940140157688,-0.035264130645620693,0.01725460891410239,0.02340883867981391,-0.04788200962545017,-0.08457110774129992,-0.05387502985173738,-0.1088258058636336,-0.05166194633004113
3.732,-0.0404879678495094,0.003338100992346575,0.04382056457104386,0.020942340099302563,-0.043544000930009284,0.02230219116544179,0.01278579496223907,-0.06571093949629238,-0.1009873540207652,-0.06106314581048979,-0.11165207084480419,-0.05983654578800913
3.734,-0.03959504817952817,-0.0028451672124831496,0.036827262297618714,0.023044767461412527,-0.03931774452245756,0.016316435369560532,0.003513966165084095,-0.07905702080442784,-0.10588646966569557,-0.06052413241120179,-0.1093305300846027,-0.061825049723482725
3.736,-0.034242961211063044,-0.008582108820731689,0.025977470041137374,0.022581624305694145,-0.030639920294736202,0.00791423334496433,0.007595303899905202,-0.06629158601259405,-0.09197015900283036,-0.05501963303928676,-0.10316408277165096,-0.05334762962683931
3.738,-0.03175423075023885,-0.00439957744832991,0.02780150677087917,0.01869138019960098,-0.030138959052605874,0.010309953813748992,0.018481044963983284,-0.04103401501351015,-0.07766439033684146,-0.05404453464988227,-0.10068686533134712,-0.043919862271935006
3.74,-0.03220807662179803,0.00927707909236644,0.041758166396406844,0.012064193936901585,-0.037656911507237587,0.023561463467777488,0.02099567738446163,-0.03392235913683197,-0.08266887869047018,-0.060050488454632976,-0.10472149642427134,-0.0440893592804723
3.742,-0.030039201368932362,0.021543098609204354,0.05152979964441164,0.005458471835546937,-0.04179739027956051,0.0343064428598182,0.013232084222231896,-0.05069448570209236,-0.10040255316348522,-0.06405450321067016,-0.10870965982559125,-0.05047210442761524
3.744,-0.02377065741315353,0.02348144089307884,0.04696311894842791,0.002001146340920138,-0.03673426765784517,0.03307890329309992,0.009633344438397048,-0.0648601359127103,-0.10589617180716135,-0.0574216060812803,-0.10540669511241085,-0.05029838271888031
3.746,-0.019330093698781615,0.01798118894100613,0.036917646939679805,0.0025652209939755434,-0.029917610275363906,0.025944842238773476,0.020519957317594782,-0.05511674034974444,-0.09012234635356418,-0.04538250201877656,-0.09761969940967108,-0.04032208547455796
3.748,-0.023324114261640674,0.014378608361699682,0.03733128995596162,0.005835332852993012,-0.03207128336917678,0.025339255570808922,0.03661917557499628,-0.03541626580488214,-0.07275329639920924,-0.042076479561627224,-0.09534693246968436,-0.032344161890803476
3.75,-0.03412530131364574,0.0161635045000912,0.05009372971971772,0.009916308507695672,-0.04321700390779158,0.033132442531573575,0.041271480582703794,-0.03498950273430687,-0.07463056365139825,-0.05091601153281434,-0.10153991725912472,-0.03594703935757924
3.752,-0.04185361972940579,0.019096567155742587,0.06097720230303553,0.012487339598802423,-0.05229352445296829,0.039582337695534354,0.03410365012063737,-0.055646694718586256,-0.08943484694565278,-0.0589764440227184,-0.10739052587773093,-0.044051627358755875
3.754,-0.039116889565276924,0.021135220497333358,0.06036570144600047,0.010562697288296246,-0.05134498958850187,0.039398054390025514,0.031977290387302605,-0.06774395081193864,-0.09409523093788405,-0.054786179846394244,-0.10496837148057382,-0.04328434287280442
3.756,-0.029501658088572844,0.027765975330296788,0.05733667578276911,0.002445634056450483,-0.04575869951723832,0.04086957760632157,0.0455932718108751,-0.05088714562641366,-0.08058348623813015,-0.04303229787945744,-0.09755498381604948,-0.032392290551374006
3.758,-0.023118726722864923,0.04319082601431458,0.06640459848676027,-0.009134886532815974,-0.046892727852442855,0.05355182531481084,0.0646446680028092,-0.02284391991374783,-0.06587490007243005,-0.03709936359979268,-0.09376067180982364,-0.02285422549803973
3.76,-0.024179049990240776,0.060772660803804446,0.08521426789259423,-0.018121729139666913,-0.05614953758368832,0.07214186440690108,0.07117152986272719,-0.01720410950121401,-0.06855600961383682,-0.04149128244808415,-0.09592258303448253,-0.023806070124099327
3.762,-0.025944169967345616,0.06904135130652617,0.09527571527772201,-0.021312693853709135,-0.061776717169931994,0.08109576721973898,0.06266663633021212,-0.038396654291656285,-0.08262668591059621,-0.0460981064478785,-0.09715647603887102,-0.030659138124541695
3.764,-0.020483787525131903,0.06583854804104576,0.08627320785637578,-0.021602225820185273,-0.05441861552524125,0.07453014513033969,0.054192239230272145,-0.05539747926220962,-0.0851223726920988,-0.0401496901868499,-0.09011284233402121,-0.03139093693614061
3.766,-0.010226958781465704,0.061077581177768306,0.07086772402988535,-0.02357926357974242,-0.04099514269225997,0.06425268556132865,0.05801674240292519,-0.044207182912329196,-0.06880634587764822,-0.02851585814344381,-0.07796675399955795,-0.023628071534366055
3.768,-0.004965094874349959,0.06442980401962306,0.068986640067996,-0.02769386778129416,-0.03666261698020286,0.0650175263204113,0.06918093024254998,-0.02029709933176088,-0.05329734938075374,-0.02582560907891916,-0.07219635839506418,-0.01868823042216469
3.77,-0.008462407190096128,0.07319705979417108,0.0815904303407044,-0.03055870517217627,-0.044515342839002416,0.07574815121809028,0.07485979817683736,-0.016062790648627034,-0.05827198341325858,-0.0350345279890883,-0.07736980208298967,-0.02477375784771104
3.772,-0.014025839723033678,0.07597415871242556,0.09003788287833668,-0.029703302284162028,-0.051947752764479174,0.08160270976703501,0.0719947251359557,-0.035804645286071884,-0.0770320433794815,-0.04340726801043044,-0.08528797811452565,-0.03389362591071275
3.774,-0.01503780660782311,0.0680775311565262,0.08278107455168994,-0.02599570764058127,-0.049494281263627524,0.07451175857942091,0.06767542969612368,-0.05234588605059,-0.08739970464163795,-0.0421957783258912,-0.08827798122934598,-0.03383166385404217
3.776,-0.013534569733250904,0.05857875852726241,0.07132207490472157,-0.022421201146794585,-0.04375163383024271,0.06434239650545515,0.06439748811580115,-0.04752840603549989,-0.08265442007557391,-0.03885594706375346,-0.09007527177301725,-0.02647349291000174
3.778,-0.014743881996804072,0.059239572012984916,0.07321795265668558,-0.021797478196033396,-0.045833032860816005,0.06559643297738413,0.05474433185768868,-0.036805390803145245,-0.07890024068217483,-0.04443264281248092,-0.09782570752573452,-0.02437869352136411
3.78,-0.018088878482432527,0.0689956110007448,0.08683501174719371,-0.024236428313044,-0.054094340634564766,0.07710788407499478,0.03342646004593056,-0.0458301903720299,-0.0904866404332915,-0.05627283031681966,-0.10922313137887729,-0.03300881231857172
3.782,-0.017821314590593745,0.07443624918570403,0.0924671691977611,-0.026619515121540708,-0.0559537708399093,0.08220173908660396,0.008497983337115232,-0.07333740274588865,-0.1082693461170653,-0.060679132344566226,-0.1141246320431349,-0.04336403325609025
3.784,-0.0108870543253204,0.06719631588956082,0.07832129076904956,-0.02646574081070237,-0.04499051408648917,0.07070036392314827,-0.005826537918575226,-0.09075414949739778,-0.11139785552944462,-0.05183390214259954,-0.10791875445048699,-0.04242833094227096
3.786,-0.0016166837749666315,0.055720372078909265,0.05734715730001545,-0.02551332443629674,-0.03033667273515654,0.05377398322146731,-0.006769661151724285,-0.07967469464969118,-0.09647435631563582,-0.04085758086230617,-0.09752122164066075,-0.02863149342250039
3.788,0.002432997334303279,0.05393640473036305,0.05138175493174236,-0.026705527261232,-0.025959129068360728,0.0497889380026939,-0.006604156411249568,-0.05691219854097855,-0.08294697286997695,-0.04143087193918828,-0.09183994046540513,-0.014249191393438061
3.79,-0.0005415072477898172,0.06140066306767189,0.06187827741267307,-0.028818045883880313,-0.03257630475719933,0.059133303236551284,-0.016753319881586272,-0.052776109742706655,-0.08761647917484511,-0.05176331188303907,-0.09149116064388572,-0.011242906593740385
3.792,-0.0040538072422790705,0.06462133376680633,0.06871047238113832,-0.02831752060043466,-0.03707262891838832,0.06471400913406977,-0.03301013698584919,-0.07114802704170232,-0.10298816103838916,-0.058397349299120424,-0.09121417119675117,-0.01730872500803648
3.794,-0.002469877336845964,0.05738861728920228,0.05988814563678422,-0.025256781746660684,-0.03156015554960547,0.05746384967397383,-0.04012447543660973,-0.08514375027243493,-0.10797040576493143,-0.05531430605566477,-0.08830696719762576,-0.020095406901094296
3.796,0.0002483925298991948,0.04799424561138004,0.0476199151250905,-0.022392100191038246,-0.024298899886881723,0.04754123794782737,-0.031369626230711344,-0.07467592213886773,-0.09727597963586501,-0.051375767253949406,-0.08596022090839855,-0.014868355509810305
3.798,-0.0028874088986056232,0.04542984098128427,0.04796427106272826,-0.020643472914598747,-0.02620725965506768,0.046796826760408985,-0.01921063269649924,-0.05537879565904113,-0.09053274153836037,-0.057622713978906885,-0.08900154916841645,-0.011165436753089461
3.8,-0.009191252838511892,0.04799613222065925,0.056749643142441505,-0.019466312430268265,-0.03363506958623504,0.051752010822822,-0.020102732960950876,-0.0584557887055274,-0.10624383957007377,-0.07227348024959726,-0.096478212465457,-0.018065701776470353
3.802,-0.008771753840039325,0.0478194647038985,0.05636433496726976,-0.019127445201499078,-0.033092048422303004,0.05033574105636922,-0.032167350207149566,-0.08697565226254952,-0.13409033263245929,-0.0821541848125363,-0.1008452278083932,-0.029171679383895557
3.804,0.0015502221327028092,0.04215643403448769,0.040774668983555196,-0.020338134780809952,-0.020223948586134216,0.03947321017493724,-0.03789632748663563,-0.10967591514297516,-0.14585488247394524,-0.07844239401620648,-0.09707621774324642,-0.030273000758525823
3.806,0.013534096338470285,0.037041728597519114,0.0239826594165741,-0.022862815098875305,-0.006261436934624132,0.02929232112232212,-0.027861028391687845,-0.10272416396232731,-0.1319596825307369,-0.06745162410956633,-0.08952763800474155,-0.019568319027906674
3.808,0.017214557241615098,0.039218863190469265,0.022484733920312795,-0.025380274277016165,-0.004240799601823199,0.030268668980692734,-0.012452971430922556,-0.08080464394887656,-0.1132027130063033,-0.062496068236512346,-0.08601437725273747,-0.010684357208329394
3.81,0.01249235642710031,0.046289860744005054,0.03402529020361659,-0.026640247886923513,-0.012686961232029843,0.03957514015936894,-0.007487427864379474,-0.07472684765750377,-0.1125342728289615,-0.0669583777448152,-0.08760763721702185,-0.013840055076224485
3.812,0.00859822653320877,0.04880104345136276,0.04025328138228469,-0.02648652701465529,-0.01769043965775271,0.04384566147363789,-0.01357274359501405,-0.08916755360808261,-0.1261050590295426,-0.07136173999149316,-0.08828575762523362,-0.02256490635802279
3.814,0.011891612396720814,0.04343156365050516,0.0317219503102481,-0.02614275213296549,-0.01159912347757127,0.03686668873450252,-0.01623089578404073,-0.0988033743492904,-0.13124505023479913,-0.06741703907577005,-0.08333129780594754,-0.02355488946710958
3.816,0.017269149911105546,0.03845675847935314,0.0215551994608034,-0.026847297060189703,-0.003616354192942946,0.028984299244424933,-0.006747296590678592,-0.08540321318110912,-0.11914750109454937,-0.058870084435714905,-0.07552900186580606,-0.014455965132598345
3.818,0.014473250273632492,0.04217396154671211,0.02788525522685204,-0.027398034068492488,-0.007700326554985153,0.03357686247426768,0.004189461125457887,-0.06498442680749343,-0.10831538579537009,-0.055768596427304994,-0.07260171374719333,-0.006700563249427278
3.82,0.001771097574920487,0.05093034043691406,0.04885291632076049,-0.024959066718254735,-0.023923964572722965,0.048416316167895615,0.0001480812127141841,-0.06799404128319626,-0.11945885357912908,-0.061398373420968114,-0.07786707513731633,-0.010878433459367889
3.822,-0.011641637777984557,0.05376376913953768,0.06482681927728433,-0.018927604008701023,-0.03840836295302443,0.05809920705729947,-0.016736841279329975,-0.09708863675675232,-0.14480263398815593,-0.0688192614289358,-0.08520500243259081,-0.022991451763615025
3.824,-0.017924022702065584,0.046885382357247554,0.06446041274847343,-0.011980087808068467,-0.04153726332415885,0.054422290780585136,-0.025858179397675506,-0.12070310741970892,-0.15600844969334007,-0.07020251865407998,-0.08643963981022394,-0.029213464299236026
3.826,-0.019866644905100043,0.03806847160247771,0.057998037623206114,-0.0068314182526324,-0.03944201564626505,0.04630620886368736,-0.015543876150027086,-0.11424583193020596,-0.14254233952080722,-0.06739850493589902,-0.08212376920450075,-0.023793554268567822
3.828,-0.024620043939068935,0.035255366163177836,0.06011180333333267,-0.003531262063380841,-0.043215210724902815,0.045678628648120195,0.00018347175211935664,-0.09325905898831696,-0.12712113690620985,-0.07067265327794474,-0.0809699131444215,-0.017070530790627828
3.83,-0.031672411945025125,0.03624340169906269,0.068123192521277,-0.0008389957767640782,-0.05138771007860185,0.05030516097687578,0.0003886126028357029,-0.09137379902199624,-0.1340714943318357,-0.08408121555644144,-0.08792512981439547,-0.021326407285249184
3.832,-0.03344949186607745,0.033704572822104414,0.06740417352892339,0.0014205258177070307,-0.052138813908150804,0.048688542711367286,-0.013865677760089883,-0.11277502933039023,-0.15471125793365773,-0.0962638339289165,-0.0965932594609288,-0.03253322240566862
3.834,-0.027786027652430247,0.026655946827952245,0.05478626010277189,0.0026835571185246394,-0.042455601735026736,0.03868887076486238,-0.021089555889525994,-0.12670871316148755,-0.16098276681218965,-0.09425703383102635,-0.09742144559009353,-0.03561928585152777
3.836,-0.022802966720742474,0.02179105183810368,0.044853934170749725,0.003117117567456709,-0.03470002585614877,0.03164957307891372,-0.008945853651322354,-0.11132119535825624,-0.14622015139159122,-0.08307244110612423,-0.09122455794548325,-0.026873723699652477
3.838,-0.02687488930563747,0.02341956351342457,0.05031345230557313,0.004131862247516148,-0.04030038194532869,0.0361579370058296,0.009638128570381235,-0.08435968255752271,-0.13281404799976865,-0.08015549610939733,-0.08832291827214475,-0.019909726670983157
3.84,-0.03771180485623337,0.026147184224521357,0.06373214087288673,0.007477737700578379,-0.05369752929400425,0.0448329613294,0.014787500838716735,-0.07916268117480588,-0.13947561635152791,-0.09102160176795505,-0.09389527588206946,-0.02682475781692814
3.842,-0.045035409876481754,0.020946474384134245,0.0659033599759588,0.013371139396618518,-0.058874450569586984,0.04308570282350151,0.005759271435363132,-0.10011001642333117,-0.15678800378424881,-0.10203405213169296,-0.10124905672999439,-0.04233130532186958
3.844,-0.043410345534577434,0.0072357077799095615,0.05067453762137029,0.019656463031245953,-0.04989627397171309,0.028175321840629652,-0.00020848493958777498,-0.1181393561867236,-0.161697182390857,-0.10009302534785296,-0.10240408063718999,-0.05180327861783771
3.846,-0.03868427115430968,-0.005217858619759953,0.03352275653297173,0.023708405440666214,-0.0382805102014189,0.013261433109955117,0.007612533079797542,-0.11079171909686653,-0.1484824067036307,-0.08994374043637449,-0.09964200108515996,-0.05023816379594177
3.848,-0.040352379335314555,-0.008383275645980475,0.03198085799235465,0.025690334033560476,-0.03801740284144114,0.011059440480574126,0.0194732184326751,-0.09183816761934543,-0.1362585872704858,-0.086207877313043,-0.10206545871128295,-0.047138714016622674
3.85,-0.04955680624523674,-0.006256696818496357,0.04327512607643508,0.028338337112052654,-0.04802894606637611,0.01796680148813065,0.01955683616440385,-0.09093027307419832,-0.14327365826251265,-0.09319174171079106,-0.11231964803443195,-0.05225187308092857
3.852,-0.05730373019002918,-0.008044677028233986,0.04924070750515792,0.03227615555007626,-0.05449893540279088,0.020160189414452807,0.008666389036609195,-0.1110607832117846,-0.16170165541846684,-0.1001298554487508,-0.12147361833038138,-0.06156787232721564
3.854,-0.05558902061802738,-0.013954675141356836,0.041617258206619705,0.03405128635047898,-0.049360567677922906,0.01344751676125941,0.0030578598888797823,-0.12383160020252162,-0.16917096230899828,-0.09750231804800329,-0.12009618145500528,-0.06320542253701847
3.856,-0.047895553211203624,-0.01480953335399587,0.03296702663738581,0.03105874968765718,-0.040754026037831174,0.008671443779430184,0.01080058152160477,-0.11043250223089686,-0.1608155360090485,-0.09135335639859342,-0.11107227372807078,-0.05515295310782224
3.858,-0.045202137314297355,-0.006142230829899771,0.03873572535638563,0.02642410196817266,-0.04208419784641874,0.01540602533781961,0.020247037378493146,-0.09013257753137466,-0.15546014797816865,-0.09500305703603569,-0.10605600181146418,-0.04905870529570731
3.86,-0.05147268250380711,0.00369278554342861,0.054737685654958415,0.025598153163577404,-0.05346284476931338,0.027334085827516296,0.016890770273694653,-0.09477281597832249,-0.1682537625147796,-0.1095711748599555,-0.11066095698783195,-0.05432406398312722
3.862,-0.0577990361059954,0.003713614258216476,0.06125287008676689,0.028866195515564085,-0.06047861132353704,0.029918508288424708,0.004212666443912502,-0.12373603591262884,-0.18814774584461297,-0.12121794422009599,-0.11849868125152731,-0.06500125666344234
3.864,-0.05475943978158312,-0.005647800646321842,0.04913811282307174,0.03156235745588405,-0.053444890201298466,0.019584034052823995,-6.917131361532265e-05,-0.1429936797783486,-0.19149214679352178,-0.11923236402641982,-0.12056700796613071,-0.06763675619790765
3.866,-0.04635214744792969,-0.013930287077536161,0.03257035281747261,0.03141815723933747,-0.0412884996538526,0.008386764588684075,0.012731699074676346,-0.13079429191574934,-0.17456116688596215,-0.11042904878937648,-0.11698796552611763,-0.05923154597353379
3.868,-0.04463197934361565,-0.013940309343378187,0.030733797053798282,0.031049641482334134,-0.039836863270043925,0.008416986179800318,0.029812830288952312,-0.10695519902895204,-0.16060596935150015,-0.11033977780958887,-0.11632031519405801,-0.05163494782056218
3.87,-0.05216963963081222,-0.009941163792189912,0.04204996543789951,0.03303182496376614,-0.04961821439036143,0.01586367191337023,0.03235863472299715,-0.1053454654763403,-0.16974278112382662,-0.12219267512046923,-0.12362524083188314,-0.055999482265827925
3.872,-0.058542506849625774,-0.011331297084078538,0.04680445980734218,0.03623185955870979,-0.055298144607695235,0.016293703546827097,0.02006699719837587,-0.12738011961909157,-0.19146067619017343,-0.13211593929353932,-0.13323967301026568,-0.06712994328311248
3.874,-0.05626904551169176,-0.019426174340063603,0.036308844976002244,0.03801679459715771,-0.04865785754548743,0.0057348841583663495,0.011482276019494949,-0.14106908181813937,-0.19851552279985557,-0.1279814580052891,-0.13598172059459973,-0.07033993995819172
3.876,-0.05170906835932456,-0.025253749115272967,0.026055807221246657,0.038012846120508176,-0.040738187767987565,-0.0025376339460489853,0.01898360110569884,-0.12592837126221168,-0.18334968310478045,-0.11588194643574312,-0.13064095940223094,-0.06176467767511332
3.878,-0.05445750605887902,-0.02209786971451663,0.03243697448768223,0.037940742856210116,-0.04477039761350708,0.0031230956887671577,0.033076753386847076,-0.1008589563651448,-0.16688915663319612,-0.11115984186864213,-0.12406749319929325,-0.05260240878123791
3.88,-0.062079009094076675,-0.014902737363697637,0.04780751449196421,0.03855885679337928,-0.056002006403386984,0.015565695136038947,0.03672700605826855,-0.09844045073199326,-0.16984679249428075,-0.1172589208995386,-0.12121902619036345,-0.05300882807075719
3.882,-0.06306147638579322,-0.013460543916410928,0.050355179764310136,0.038635423234027605,-0.05781280167776248,0.018211201631374987,0.02897481806047779,-0.12126822926984741,-0.1857926939737341,-0.1220305357252731,-0.11970181235452687,-0.05933586691454339
3.884,-0.05317021101475419,-0.019837491218500345,0.033683017074838034,0.03722401740503742,-0.044528460197712436,0.00673005002945469,0.025586950140696833,-0.13894795641986996,-0.19062938322831827,-0.11541793135755747,-0.1148971958636098,-0.06021042079559055
3.886,-0.04286108984650221,-0.02669768297959445,0.016158405404719425,0.03600554261748007,-0.03029634297085112,-0.005794622272440042,0.03622053059314817,-0.12963231723936938,-0.176042121005421,-0.10338055751857023,-0.10781003455144189,-0.052435287888816205
3.888,-0.045431437863790114,-0.027103074629228133,0.01853350082593182,0.038004370929236996,-0.03245818157829992,-0.005167620880709275,0.05004613542356652,-0.10897058813145666,-0.16183744815608467,-0.09929126596305052,-0.10450408027214317,-0.04610898587606118
3.89,-0.05977521510428018,-0.02367193149414517,0.03680767857653219,0.043685169483388665,-0.04894525490263801,0.0056903221402474285,0.05047200236271881,-0.10688632273780829,-0.16836338641924864,-0.10583288296694657,-0.1074160308005786,-0.05105752956160735
3.892,-0.07083664982114608,-0.025551434656839685,0.04607621724240651,0.04976549262215508,-0.059632032304318766,0.009612665389374688,0.0383148695629206,-0.1253729118282668,-0.1871304489785237,-0.1131887928095689,-0.11216117455483658,-0.06281606699822294
3.894,-0.06865388439866756,-0.035059276466797296,0.033903423213857614,0.05254223532000164,-0.05264403193635306,-0.0014053321677103044,0.03048158612643929,-0.1365881580585243,-0.1929317580720378,-0.11405707671868179,-0.11455430651204526,-0.06897821396892673
3.896,-0.06032245495182219,-0.042729875727540896,0.01739777288995893,0.05175459581292202,-0.039762821700501154,-0.014181412750486042,0.036640813627119496,-0.1226413764351256,-0.17976622275398113,-0.1130088240376304,-0.11600765235800671,-0.06643362680164067
3.898,-0.058482844966380905,-0.03992494725244928,0.01829482672077345,0.050233969079168106,-0.03863168757370151,-0.012982210631989554,0.04640767827549498,-0.10084046065780225,-0.16816781098868558,-0.11890343084451886,-0.12031123341061474,-0.0644797651705536
3.9,-0.06379385589748993,-0.030593953616014895,0.03316971975288941,0.04974418960589821,-0.04855333198221843,-0.0011867761750736611,0.044304017007213245,-0.10013251426933323,-0.1749892010701964,-0.13113781294106444,-0.12740566679510634,-0.07065964244507397
3.902,-0.06621159509954437,-0.02529140900493495,0.04104595366237461,0.04899128244339044,-0.05414469726011935,0.00527148637042489,0.03221323823463091,-0.12141308358329665,-0.18978915093021104,-0.13791111664463404,-0.1318702557219332,-0.07946345432519145
3.904,-0.060277730472101186,-0.027543752000741564,0.03281078822692857,0.046392856464331306,-0.04761707499256203,-6.71099321419486e-05,0.027433380378192613,-0.13621487472799165,-0.19005964257729055,-0.1309057786971434,-0.12880426702892553,-0.07947934795319292
3.906,-0.05228640479854549,-0.0310837868506111,0.021171210437379805,0.043110642165780304,-0.03801826916333039,-0.007446404370960943,0.038154056816037396,-0.1253327854175634,-0.17306400071634132,-0.1175176930233559,-0.12119132571285518,-0.07009695471249379
3.908,-0.051808474195728975,-0.029777719599903614,0.021973990080892528,0.042043798425625944,-0.03815579817172328,-0.005468796773495202,0.05145813813742235,-0.10441127080644391,-0.16077377654092545,-0.11247150136862775,-0.11777036382312168,-0.06418738069326609
3.91,-0.05949246253363854,-0.02661731315675112,0.032887098857177936,0.04468932840383707,-0.04756915366256323,0.002883309682310396,0.05107723864060116,-0.10168858685492917,-0.17026729004664146,-0.11897080671254097,-0.12130948512574907,-0.07065747766634028
3.912,-0.06699335266884847,-0.02945284636206338,0.03769800223914294,0.04998000101972991,-0.05411958457763763,0.004369367438603616,0.039211377525171676,-0.11864075988639776,-0.18932909587327593,-0.12509383860303416,-0.1245906934128795,-0.08136631169433646
3.914,-0.06839362600632787,-0.0384008979983424,0.03033809712320149,0.055063157126054786,-0.05144412838026744,-0.004834664435538806,0.032223905736976706,-0.12843674770575367,-0.19238982385353928,-0.12074707005717632,-0.1218926529056782,-0.08259994645884274
3.916,-0.0671776005930465,-0.04377130785252677,0.023823185707685376,0.05733952142616524,-0.047148987341375785,-0.012426889820091882,0.03813164360906942,-0.11402130851923174,-0.17516892127536784,-0.11199630986067274,-0.1179201007360932,-0.07413404353481846
3.918,-0.06992322155776381,-0.03901660077755064,0.031149638432675496,0.056699329141731224,-0.050979365300892025,-0.006888465947321807,0.04658456745120456,-0.09305476013876474,-0.16018425147137946,-0.11248435366750364,-0.1207600348464171,-0.06903960722694182
3.92,-0.07558106832098609,-0.029684973862107895,0.04586755693182853,0.05470878232894633,-0.06013268064038771,0.006284338309178344,0.04349708291830386,-0.09488585136290714,-0.1661214193630137,-0.12325913007519305,-0.12989910007621366,-0.07601143237796627
3.922,-0.07609814547048055,-0.02601338978773642,0.049944425090850765,0.05242853658057307,-0.06248772963499336,0.011538039703422725,0.0310897986181422,-0.11935084221437557,-0.18241807784870231,-0.13004521392212165,-0.13537923707846025,-0.08762633434160637
3.924,-0.06822871361712057,-0.030159285362672855,0.03803232596263753,0.05014133443444892,-0.05360908263573764,0.0034754921523675775,0.026047216806982944,-0.1352858575493114,-0.1839166558899849,-0.12228301958344968,-0.1291090976924422,-0.08920568725178127
3.926,-0.05898609358337185,-0.03392603169807156,0.025258457880836437,0.047680887850219025,-0.043676904040958114,-0.005964728032475913,0.03723856549740114,-0.12297306515807593,-0.16567535364997038,-0.10666099171323824,-0.1149506387790534,-0.07721812400527611
3.928,-0.05683734655811038,-0.02985238576946347,0.027475424031054182,0.04517154457559829,-0.044139867858357516,-0.00338622290795816,0.05342850968276235,-0.10093451636649803,-0.14997666138697868,-0.09753648773137355,-0.10505821883026036,-0.0643422760501724
3.93,-0.060906287768765145,-0.022429639104116945,0.03909674451993815,0.04400372193732248,-0.05177644300541481,0.006881391650475759,0.05831720617856897,-0.09872661233854975,-0.1558458414170916,-0.09870132971385265,-0.10540252222927479,-0.06360460685286631
3.932,-0.06269421566842648,-0.023107562275817343,0.03990890570409931,0.04545230483903466,-0.05284499951689901,0.007955970207179322,0.052309706607827584,-0.11454670274593956,-0.17276046708251017,-0.10069869839968634,-0.10912825107243908,-0.0712014147122143
3.934,-0.05803506004431009,-0.034126317881857805,0.0237016484088118,0.04839214399361919,-0.04257591270784366,-0.005611395309894468,0.05064256230263386,-0.11842924574367368,-0.1750832170168498,-0.09610202012536379,-0.10795132758067692,-0.07303837162805966
3.936,-0.052971132339280955,-0.044144584990495755,0.008408199924205294,0.05033636787111412,-0.03258048215521013,-0.019304297627258105,0.06164726606610435,-0.09509894345654578,-0.15687440165090016,-0.09069666497801515,-0.10478509642439322,-0.06613592889876423
3.938,-0.05560717856276421,-0.04232990068815811,0.013105904487425392,0.0505988159844072,-0.03592146028841701,-0.017209317109708095,0.07614891675062473,-0.0652247584895417,-0.13921729599660376,-0.09523519458144465,-0.1091473501579617,-0.06316036259432796
3.94,-0.06513215807947137,-0.031263728053862856,0.033998128484617064,0.05047416444276969,-0.0506514558846434,-0.0013516003042868677,0.08144507580771948,-0.056821588797369184,-0.1405219767023808,-0.10945844018933262,-0.12268469920647723,-0.07404739734899507
3.942,-0.07272579731615576,-0.02203809717258045,0.05084740692599156,0.050536433179909586,-0.06315260139927567,0.012851098431024013,0.07993815991578587,-0.0671827252524792,-0.15038625529871025,-0.1200432024342405,-0.13511263910608576,-0.09039382505894757
3.944,-0.07298755861449707,-0.020081334462808426,0.05291524178886519,0.049979375409760954,-0.06536439874201407,0.016301610893712647,0.08632255168465355,-0.06837718885833907,-0.14495865854265547,-0.11668609225767561,-0.13674745361642351,-0.09463687995672611
3.946,-0.07071615925209998,-0.020214892230616916,0.05041907029639446,0.04854652934592168,-0.06353840586465978,0.01533955139190326,0.10681535076901466,-0.047274493926771646,-0.1228979797231778,-0.10677150503080174,-0.1308552943731531,-0.08327724879817888
3.948,-0.07440611225867776,-0.015619191625998455,0.058742504022669714,0.0476083729557188,-0.0686293389407561,0.02070312615584037,0.12985266447186855,-0.023008001278543137,-0.10938736104911441,-0.10809674195922439,-0.12844889636845838,-0.07260715817076914
3.95,-0.0851031018296673,-0.007814828062454971,0.07731174745030886,0.0488430939297331,-0.08152677239037857,0.03234271309208332,0.1418707181636237,-0.018358903607268964,-0.12100570683709017,-0.12609064325894165,-0.13363180717470938,-0.0775986666810458
3.952,-0.09506795360670911,-0.0032299473508403276,0.09187342973457718,0.05157933624862975,-0.09274481394669878,0.04117412523333103,0.1455768149959512,-0.02465531429519769,-0.13848216236565292,-0.14395265001525148,-0.13931239523928624,-0.09196129805545572
3.954,-0.09735707993324919,-0.0022403760917143606,0.0951208258838923,0.052315045523350305,-0.0957146094033276,0.04356706940902622,0.15299507013028563,-0.012376655722617456,-0.12707878699757671,-0.13933080054230845,-0.13556903875349788,-0.09637797211237902
3.956,-0.09228905118822416,0.002038086383555028,0.09433172252230553,0.047561761834800716,-0.09353873012945912,0.045821712246778626,0.16214580847606214,0.02021855531062509,-0.08484183552168592,-0.10805901943644058,-0.11889873475239293,-0.08191896955875576
3.958,-0.08285408460288715,0.013617382125133038,0.09659224463226482,0.03670861336600701,-0.09060478031804173,0.05284984143683135,0.1512393076939553,0.027236531730788008,-0.05689584435380336,-0.06704886746931227,-0.09412937917122922,-0.05806502920512181
3.96,-0.06821025975300743,0.02509896162773942,0.0936410772183063,0.023178225557802974,-0.08244096245336098,0.05701680170951806,0.10152473425774611,-0.04001119640878402,-0.08818891204552756,-0.03296849162263418,-0.06750572793854077,-0.03928626195870032
3.962,-0.044217098344356824,0.02398775904888295,0.06863533224776575,0.01141986033746921,-0.058679970249651464,0.044122721584262656,0.02128836002312395,-0.17518347471567805,-0.16859350902663864,-0.0021359264208850675,-0.03742838122196866,-0.026930414331420537
3.964,-0.008546755496297338,0.011596158467479592,0.020399792303996144,-0.000387091298101149,-0.01723890647793492,0.01412084149574388,-0.06215639034904961,-0.3229025537935727,-0.2442200050466196,0.0448385092028693,0.005456530798608239,-0.006572561926577021
3.966,0.03541268820050298,0.009238184277414605,-0.026181893432800543,-0.02127475018675321,0.028076728464667546,-0.010257180829026123,-0.1345916706601193,-0.44223758100732163,-0.27900423419590065,0.12304207799618214,0.06789294291417959,0.03439074629504476
3.968,0.08172928183732948,0.037065031541906136,-0.04468120726500532,-0.05806920748981628,0.061035723452307455,-0.005577260770035178,-0.20782328363406044,-0.5430406175737553,-0.27977917361289095,0.23575538312506278,0.1480600056342884,0.09151580735784344
3.97,0.13098282785840284,0.08986709282073536,-0.040850719436020796,-0.10838995417341084,0.08449647478427584,0.022996931611045556,-0.29567159666892656,-0.6506346760714815,-0.26192611439730223,0.381637576330313,0.24102762811054096,0.15186733860550722
3.972,0.19010650725504902,0.14133531194166743,-0.04827878130072231,-0.1632338853438025,0.11836903394343005,0.045433602683733,-0.3876365821172647,-0.7537977842741524,-0.22362943940995156,0.5514190825566924,0.3417408481102576,0.21091434134818662
3.974,0.25906825788652466,0.1724968456317363,-0.08612774999739399,-0.21368708736479675,0.1720542151904746,0.042314555975368415,-0.458660959288016,-0.8134650336594668,-0.16590082246749657,0.7157336091892224,0.43961116469055295,0.2711353247491777
3.976,0.32587454636465085,0.19049989666193684,-0.13507150702656104,-0.2569067590736465,0.22984161738896788,0.026649067056401677,-0.5017018888763441,-0.821555813321461,-0.11170565573087002,0.837417708010612,0.5206566706462132,0.3296260967248573
3.978,0.3817252699208935,0.21580604284095262,-0.16567260069983378,-0.29780775168692997,0.272489168411215,0.023657170627518296,-0.539161174964259,-0.8259254223574213,-0.09068630754176092,0.9050562837936116,0.5815225387911301,0.37894964306060774
3.98,0.435873462453185,0.2537942135745343,-0.18190210067414192,-0.34337423813375234,0.30687071958803713,0.034584146055192486,-0.6006734527576634,-0.8844686882069936,-0.11472949095459388,0.9451760474986445,0.636767350891335,0.42092413975261966
3.982,0.5076631344924012,0.2875233857590993,-0.22011008917904684,-0.3953172221539063,0.36163394584312614,0.03276305734281894,-0.694599805723857,-1.0023367743169114,-0.1650427612748811,0.9983128894001616,0.7069174570579994,0.4709893878128606
3.984,0.6040451134719846,0.30257432657984695,-0.3015474938346129,-0.450591687255172,0.45121620891965236,-0.0002280844667674832,-0.8053061828107398,-1.1271410116665115,-0.19664008965493776,1.0850953693830008,0.7989926878915538,0.5428736734829905
3.986,0.7100764950565008,0.31092852744297544,-0.39920799195069495,-0.5078796680980111,0.553947030637124,-0.04514469135033106,-0.9191346839171809,-1.2128837059702793,-0.1713184346358474,1.1961342852535335,0.9026012355765547,0.6328784073938359
3.988,0.8033046686020026,0.3406698877039033,-0.4626466184406424,-0.5696874804120667,0.6325443935989657,-0.06240697475256654,-1.0407838806857288,-1.2785987734547684,-0.09820805580734362,1.3128081640271874,1.00492340213781,0.725588610314832
3.99,0.8716422016209874,0.4035605550964991,-0.46815355216530635,-0.6356060721773285,0.6691090152620167,-0.03405340211012141,-1.1712804105208692,-1.3880124345273714,-0.034152507886694265,1.4247386901096926,1.101628662871076,0.8124331580726523
3.992,0.9121125875874313,0.48020642096512395,-0.4321114564935471,-0.6945444632684072,0.67087946871701,0.02202114351252177,-1.2826411639810713,-1.577241486072483,-0.04065181696661064,1.5174766950131944,1.1882527415033988,0.8954641859872116
3.994,0.919993260085656,0.5355994783328115,-0.38463449685347545,-0.7268733461042324,0.6508280799439347,0.07350156321547856,-1.3349492919056936,-1.8173415488270643,-0.14221505749723098,1.5547117996807407,1.2437386559833925,0.967945040680214
3.996,0.8893223063874827,0.5397397123513533,-0.3497786344145589,-0.7144520937210475,0.6179690220444933,0.09354815310317796,-1.3146608091570657,-2.0407848076844233,-0.31905306373120457,1.485904056157355,1.228240393917391,0.9983842628807853
3.998,0.8233505496199917,0.47700375396567557,-0.34661832988805397,-0.6503617736621319,0.583426671321422,0.06428417163221033,-1.2427055533389855,-2.1913388768289694,-0.5319167069309355,1.2764880635234106,1.1067620788167674,0.9479349323090372
4.0,0.7394397784409829,0.35346423102723573,-0.3864303288031259,-0.5458091453857541,0.5614850969452687,-0.017464670384309856,-1.1474852004556388,-2.2488406706125237,-0.7458751614929146,0.9409099856247275,0.8841647466667442,0.8104705838493276
4.002,0.6584292475143111,0.19927350907754665,-0.45961010374877875,-0.4268963757235645,0.5577049060257014,-0.13151725441555728,-1.0403620408052503,-2.217009389880928,-0.9297590679520331,0.5491049656758061,0.6134635420832996,0.6279354663534089
4.004,0.588069948341623,0.05130156342305396,-0.5368590217044333,-0.31720463822693745,0.5613045536132674,-0.24411198949608012,-0.9191050421012462,-2.1105898658601823,-1.0624478734639848,0.18581144362632507,0.36122295142797195,0.4575414598369036
4.006,0.5215892359318497,-0.07015388772560374,-0.5913402215159729,-0.2239417158252189,0.5554294743947191,-0.33148025392062497,-0.7866016605520284,-1.9642092689867643,-1.1583684727634374,-0.1035776195186658,0.16594055082669543,0.32814786044589456
4.008,0.45140622129580915,-0.16392552607643324,-0.6147332055240313,-0.14301186233193966,0.5320470298429592,-0.38934024898051267,-0.6573021507296112,-1.8276361435453854,-1.2567129559205903,-0.323759403925411,0.02909312154696251,0.2314905698175724
4.01,0.37912202082814467,-0.2354307383208952,-0.6141036624723446,-0.07140678290435591,0.4956916840137814,-0.42478017748011737,-0.5450180862777165,-1.7270133802241243,-1.3662754591921253,-0.4969265232030065,-0.06582708814017457,0.14768543020232755
4.012,0.3138539772162597,-0.28839935125365923,-0.6018820561587188,-0.011639533038146077,0.4574401067165947,-0.44621461585672806,-0.45108472029114405,-1.6381628681545406,-1.443294644378622,-0.6309612294957183,-0.1331474601149335,0.07244709686336157
4.014,0.2642505253541066,-0.3214360852336879,-0.585133905162993,0.030435205108110732,0.424940369816748,-0.4555297551431505,-0.36864803946830854,-1.5169040012181807,-1.4364871801744743,-0.7136021273441011,-0.17827815048913603,0.017486292927511728
4.016,0.23092245432966918,-0.3280835090964606,-0.5583603848531589,0.05025692570633571,0.3952242988841691,-0.4454092218906202,-0.2947988414478914,-1.3553607049008565,-1.3410698744354477,-0.7303287892293644,-0.20252313025513938,-0.010885328027665227
4.018,0.20630276092950617,-0.3059185921659935,-0.511803841970707,0.05042910307867179,0.3595199429623438,-0.4098362990375106,-0.23468265090244747,-1.1927756798934965,-1.2004712852999726,-0.6862949145027765,-0.20898297836706026,-0.02267901738680253
4.02,0.18295333423086937,-0.26576025264256575,-0.44862193344643087,0.04136276920219054,0.3159993464508058,-0.3573402635373855,-0.193166736742022,-1.0657426299418589,-1.059796439360589,-0.606215868893875,-0.20196932815206298,-0.031542147103755074
4.022,0.15818541568156058,-0.22491244141368397,-0.3832219771019017,0.03405119046495288,0.2707603554051272,-0.30485951861175226,-0.1611763719477151,-0.9613896322490898,-0.9265739585463388,-0.5139771720466607,-0.18391566494089037,-0.03953540446244757
4.024,0.12882865994970524,-0.19173940903835046,-0.3207935537231626,0.033684028879369006,0.22477904820644826,-0.2584978066703594,-0.11614082973149932,-0.8351549068287947,-0.7830918042334201,-0.421309780468931,-0.1575793144144185,-0.04023130217679391
4.026,0.089412076140268,-0.16328029973358377,-0.2528851657268,0.04008382528520839,0.17079118888605163,-0.21097549366690718,-0.04665776479160584,-0.6718252445319804,-0.6288708129747731,-0.3363377815481271,-0.1313566578696155,-0.033569114536672426
4.028,0.040560320205448544,-0.13699926522640288,-0.177605338085728,0.050965573380702026,0.10788788959258112,-0.15948683091208365,0.02671652079576014,-0.5104930348677933,-0.4934420040424887,-0.27082499097976737,-0.11672860734214732,-0.030778721305059365
4.03,-0.006320779888604216,-0.11719014321790555,-0.11079898381458571,0.06337377902548323,0.05008807552380937,-0.11509289614685021,0.06961730603697018,-0.39949614008271933,-0.4031687086260149,-0.23027736961243978,-0.1158970350605042,-0.04068896114965596
4.032,-0.037675686622621975,-0.10718255530752253,-0.06944378368353776,0.07335747604451924,0.013587705561111428,-0.08906796472816103,0.07399699493499291,-0.3388771769033092,-0.34921702490700857,-0.2040760823859765,-0.11667262066042663,-0.055107509022695275
4.034,-0.04965171128641228,-0.10128497325391145,-0.051638427094362435,0.07648642257120575,-0.000309849100705522,-0.07744029473285488,0.06598051865459961,-0.28556711266043255,-0.30059571903226323,-0.17716447314428088,-0.10632783259721934,-0.05779796014762348
4.036,-0.04952818172527851,-0.08919757625034312,-0.039705813004436895,0.07040976827593817,-0.004913535728641227,-0.06534472393856,0.0710255424207391,-0.2122333588781575,-0.24400193283843413,-0.14927192562221953,-0.08728407337273499,-0.047794839966470604
4.038,-0.04660069012506779,-0.06670000779293568,-0.020114137348136767,0.057064674161130195,-0.012835472589851352,-0.043934006903438114,0.08626994784670226,-0.13910664017741228,-0.1965311504446908,-0.13313046043239168,-0.07311707044497827,-0.04153313901168648
4.04,-0.043860516069288306,-0.040566169442722004,0.003306994902228971,0.04195432506705331,-0.024066415994086245,-0.019463249369817692,0.09391293354925768,-0.09962212500257009,-0.17619127003369126,-0.13460452835518236,-0.07165873063568194,-0.049501791487614494
4.042,-0.03936559076729118,-0.02283478189164464,0.016544917892294602,0.0310065101554966,-0.02992752417412673,-0.0050691769998482475,0.09012390621935612,-0.09192638652717236,-0.17396834347940682,-0.14402542472606233,-0.07803873506778615,-0.062302161400371
4.044,-0.03377056194568718,-0.0194939376006909,0.01427647336029338,0.027439730422043895,-0.026988167666005876,-0.0052671971620812195,0.08868364580127074,-0.08226074855034884,-0.16626392460879358,-0.1499694876012859,-0.0838957939089742,-0.06508763566810098
4.046,-0.03277795927731157,-0.025167178898986595,0.007603015509687516,0.03049297384211054,-0.022991459660186803,-0.011194349026624842,0.09898310221179107,-0.05108571753284789,-0.1462099024946839,-0.15273837436316517,-0.08830948827281546,-0.058348619444901356
4.048,-0.04006185449208884,-0.02992144214588161,0.010136786620076483,0.03646853148467537,-0.026641161791774344,-0.011675274833187211,0.11242906976285506,-0.016770770504251464,-0.12826069416100855,-0.1571845663425372,-0.09677179381625896,-0.05704384635391702
4.05,-0.05068116675767785,-0.030783405932770822,0.019900265835176956,0.04179420957314502,-0.035233205956114476,-0.006878445909736169,0.1158178340566908,-0.006199986750355864,-0.12299925168658986,-0.15903791979807635,-0.11013747036144818,-0.06943572248174497
4.052,-0.05630138870715283,-0.03342517171033322,0.02290133147152063,0.04574681539334381,-0.03866442210787986,-0.006641664218857909,0.11134395170474709,-0.014590807096244137,-0.12039223409275708,-0.14869028425087352,-0.119285512588712,-0.08346015591118397
4.054,-0.056004499178241914,-0.04164474778966625,0.014491216564165282,0.049784761981619824,-0.03470937145890317,-0.014909065816812265,0.11359306247749741,-0.010965519571617226,-0.10466216831017817,-0.12664827626547487,-0.1153635571919915,-0.08127495818428024
4.056,-0.05681161512830907,-0.0496502604061571,0.007487112587318555,0.054303793892718305,-0.03286278979299475,-0.022433030570845704,0.12724894574436396,0.018862551264095275,-0.07805524259884049,-0.10637420793517187,-0.10192685419783315,-0.06417787000437561
4.058,-0.06261095786855939,-0.04820839922831263,0.014802349236521562,0.05670414145271493,-0.040572095370372964,-0.018403114480069288,0.13851299038985157,0.05221028876562342,-0.05973167146941805,-0.09969447785989603,-0.09070153498416142,-0.05216956057399
4.06,-0.06757751601621359,-0.037056544391871754,0.030645685136520277,0.0539842266670063,-0.05144479383104526,-0.005313231369733712,0.13387799349141133,0.05965782244444213,-0.06134634769795875,-0.10397596950116478,-0.08727306174678169,-0.0580147019102215
4.062,-0.063918763695898,-0.026609967226571055,0.036956414840418714,0.04723670640777838,-0.05255023542742853,0.0031008750674805176,0.11989457952751527,0.04451599109735859,-0.07123393360522613,-0.1071161222522573,-0.0865762327404306,-0.07237908464927424
4.064,-0.0529953113673695,-0.025274012192108033,0.027152970268258313,0.04107475564951541,-0.04158303057724625,-0.0009426174439531252,0.11601244381184737,0.03875401687849599,-0.06830380814793398,-0.1032494798931006,-0.08217244278859684,-0.07803298315883075
4.066,-0.045125881412205256,-0.0296560621374706,0.015150709771919315,0.0387717360943215,-0.03126800696763464,-0.009364096355255308,0.12984883328900002,0.060404784277753254,-0.048824395710408065,-0.09865961163469614,-0.07576071948618424,-0.07126062309379848
4.068,-0.04810587202840196,-0.030904451385825957,0.017251075940229288,0.040006372033397394,-0.03405188532176189,-0.009140672474009803,0.147109645744944,0.08925211508586949,-0.031091875438656172,-0.10121935410932996,-0.07503355310522772,-0.06461423661018659
4.07,-0.05790993429107435,-0.027508997174874657,0.030471929413625008,0.042791701354306204,-0.046003159101229534,-0.00010756305773488461,0.14996482807956044,0.09448699428386181,-0.03063983560821299,-0.1086325253610545,-0.08251855999124429,-0.0694826281535178
4.072,-0.06400741818822912,-0.026865467952627665,0.03688006627253034,0.046137269838383135,-0.05231430346515303,0.004768994346087184,0.1405792886486968,0.07760065618399256,-0.038728855013295004,-0.11092930172146338,-0.09047122655679023,-0.08023583047529599
4.074,-0.06276575519168293,-0.03324792902553372,0.029019509987369446,0.049798227065264974,-0.047435078294301464,-0.0016465980465553644,0.13703859898303514,0.07035180986167956,-0.034412754415512586,-0.10332600120182912,-0.09041284190120513,-0.082100960265847
4.076,-0.06085904919505651,-0.03957392100473061,0.020979715894206337,0.05248639962172868,-0.0419895311071467,-0.009237068243256824,0.14679105364631528,0.09005648511341974,-0.01473278311063706,-0.09294419666503213,-0.08463352776205754,-0.07249987380505311
4.078,-0.06488966838091749,-0.03639958401209073,0.028653684215468902,0.05267646200223271,-0.04747503924303431,-0.004649463747062896,0.1557702569524635,0.11576158470381512,-0.00098483463161748,-0.09034297919522774,-0.0827639673076037,-0.06432305266179209
4.08,-0.07144797663846038,-0.025551634900657712,0.04638980686834337,0.0502227803658146,-0.05968024470248345,0.008951054916939542,0.1487724591473699,0.11807370849178857,-0.010109384049870742,-0.09589976287833471,-0.08803138480606769,-0.06717087495647474
4.082,-0.07104150796083905,-0.017728917771282975,0.05368363730276091,0.04576626730359131,-0.0637768584159347,0.0159392309686976,0.1316819237610347,0.09922554371684968,-0.02962441036190463,-0.09945182232671985,-0.09246657129807465,-0.07515346161231654
4.084,-0.06124852974249986,-0.0177402236564115,0.043375195267640235,0.040179867018733266,-0.05460406592816424,0.010346866719303368,0.12433125609040765,0.08891370070174828,-0.03262607072430882,-0.09407145110923637,-0.0874579497433197,-0.07694607020137191
4.086,-0.05164605220422837,-0.019430437125575496,0.03171662376800883,0.035663214021426255,-0.04421669676201917,0.0035898414429919594,0.13490100095673985,0.10460280494987455,-0.013468783078672315,-0.08477783970236381,-0.07610323251654365,-0.07141356036892144
4.088,-0.052657793652863036,-0.01635853400962733,0.03602756450784549,0.035096554301411495,-0.04607653005012697,0.007566940109805988,0.15015072036315508,0.12943613605402354,0.005338654217031596,-0.08094938093807562,-0.07068034880924916,-0.06864712789192844
4.09,-0.06177682511154575,-0.011318561796929725,0.050764897451068304,0.03845285246324712,-0.05701506357244679,0.018024163458651835,0.1531842376724643,0.13555676997798402,0.004782347865096292,-0.08392636587660832,-0.07643937015400569,-0.07597312728170832
4.092,-0.06693142365318958,-0.012343075645730195,0.05509095842884264,0.042453887395308115,-0.061827797086790544,0.020460329775747056,0.14524080268491366,0.1220517186067852,-0.004942461057426284,-0.08609969650841363,-0.08416320534489748,-0.08629351915526437
4.094,-0.06311759841331067,-0.02182253003262956,0.04133098885968393,0.04499338423158681,-0.05413314355130152,0.009394866541647678,0.14227505324021764,0.11556469982353076,-0.0008718707736081883,-0.08121532333185903,-0.08308196656228134,-0.0861300267086522
4.096,-0.05852009355024462,-0.03211072846730458,0.025922827038559637,0.04688262172724627,-0.044911314386381636,-0.0036276766644073046,0.15133558828428031,0.13211012179776316,0.018900557125350603,-0.07290506501768301,-0.07456195872653024,-0.07449646418140776
4.098,-0.06255472253059599,-0.0334990872105447,0.02872023555421023,0.04897316578046576,-0.047844029820351415,-0.0033364069830726967,0.16002660312741596,0.15360929700064085,0.03190046630429455,-0.07103600791626492,-0.06807674702344166,-0.06512796438587187
4.1,-0.07257397160416292,-0.025882472123743425,0.04710345085027187,0.05009647779260711,-0.06071762917281545,0.0099213589998123,0.15348250214988263,0.15225923460613183,0.021629531524274534,-0.07892187971968545,-0.06822392960090978,-0.06763415133478619
4.102,-0.07711311394338505,-0.01908067198902677,0.05901746022392361,0.04911162480577254,-0.06800264801498189,0.019914374788233134,0.1354005250321629,0.1291210219649299,-0.0001287986799797972,-0.0887210811542198,-0.07052496124187368,-0.0753275150184046
4.104,-0.07207822176116807,-0.02094109151667704,0.051938575859065084,0.04800266612329538,-0.06225811626770166,0.015433062113125597,0.12416788333730504,0.11315355766868343,-0.008365923016935027,-0.092247628952462,-0.06886232462040649,-0.07680082373339941
4.106,-0.06705477130004357,-0.028413460599789175,0.03868463984159231,0.05017622904023425,-0.05437638517233257,0.004473816832050347,0.1294449130404592,0.12286685074875263,0.003926373705184024,-0.09098587844720159,-0.0636904835850897,-0.07195889207752401
4.108,-0.07153309208087852,-0.03263760844301118,0.03829122946496159,0.05532938316993052,-0.05728511039391472,0.0018559582783817122,0.14126560064151203,0.14360867008306308,0.019771920630605105,-0.0916319253079352,-0.06103524628580884,-0.07055739752861152
4.11,-0.0804753441375654,-0.03056088203080257,0.04926226833212519,0.05864206084112186,-0.06669767274144764,0.00846293145977621,0.14558973450587134,0.14996539323497676,0.023741357870952582,-0.09399089481665966,-0.06288815792042786,-0.0772540459971587
4.112,-0.08096238820768517,-0.027114220894093728,0.053623042236596676,0.056303910096790546,-0.06774338158846943,0.01225341723577221,0.1435069200358466,0.1415818227615417,0.023213837551333466,-0.08877386416296663,-0.0626820365877306,-0.08296227618298363
4.114,-0.0706875968786535,-0.026475123667990944,0.04437460353738554,0.050316902673849695,-0.057220487040472105,0.0073848519811710945,0.14699923975451548,0.14211226758446951,0.03544831105138602,-0.07141019712984897,-0.05546585144894023,-0.07657173376611397
4.116,-0.06134429525694045,-0.026149301682239872,0.035389662494012326,0.04589049853797605,-0.04839994612290118,0.0023844754771653346,0.158961995264385,0.1629721039754144,0.05902904065634196,-0.05285754118989427,-0.04773198178927861,-0.06288500543170128
4.118,-0.06303423378374258,-0.021974860125441694,0.04107201113782571,0.04537804004610773,-0.052901219262825164,0.007199429221154557,0.16727099449229554,0.18401421291436396,0.07161583257901076,-0.04838244162561114,-0.04947825559472656,-0.05895456065908938
4.12,-0.07184975322979671,-0.016317246611188992,0.055435700339693014,0.04716786308842182,-0.06525114055931237,0.017986029846027863,0.16102779514566337,0.17967410913909612,0.059302172434293504,-0.05782526085265842,-0.05984766336712248,-0.0715255502763133
4.122,-0.07609889245309973,-0.016469443527828045,0.0595764091391843,0.04912739766940138,-0.0699323529408352,0.02093180298722496,0.14605829482590116,0.15554977703750505,0.037566178149393135,-0.06575229879525135,-0.06771189436860683,-0.08719753069092381
4.124,-0.0718504393933186,-0.024428581263186956,0.04747087962628281,0.05085816546836654,-0.06156478534685705,0.010842480498675184,0.13810147100360162,0.1430076823570525,0.03284587216683409,-0.062157411284260486,-0.06580638768016299,-0.08953838857506932
4.126,-0.06663914527682181,-0.032591186728204505,0.034242937234676335,0.05245084412323294,-0.051397184816476024,-0.0009146758374794224,0.14310838550309155,0.15736084943745565,0.04875880999525219,-0.0550517298141128,-0.059315195160877326,-0.07941873409060396
4.128,-0.0670903160050986,-0.03194405970524709,0.03561013991034162,0.05233849636944972,-0.051483948657556164,-0.0005743430547724781,0.1511017688878227,0.17805628365186574,0.06379332893764489,-0.05770422658032455,-0.058435468619440975,-0.07189090065213487
4.13,-0.06963006326807733,-0.02319239753038648,0.04716740002197228,0.04873443376745952,-0.05884429049950476,0.010178196803316112,0.15073463928865186,0.1782862718614451,0.062335637645570555,-0.06871588973981815,-0.06452461138467364,-0.07582635895727485
4.132,-0.0669089418623932,-0.016131673371356292,0.05142098050690065,0.04288553330783765,-0.060763044698533976,0.016944107882965395,0.14458071373655473,0.16259129530822025,0.05505543202894667,-0.07308093677531988,-0.06785722880240687,-0.08273439414069339
4.134,-0.05903760799409618,-0.01667348275751157,0.042467781358186754,0.038347054011439605,-0.05300110220405992,0.012796785153592592,0.14449795595113987,0.16016039944185265,0.06199823728226889,-0.06270619928437492,-0.06072261214438473,-0.07877363975572557
4.136,-0.05414595437424143,-0.019110867723261166,0.03454545322899881,0.037002419419070086,-0.04609433720780099,0.007641173577169089,0.15395494808438887,0.183351665847492,0.08341746902002219,-0.04750502172400614,-0.0482171670856491,-0.06457295371290159
4.138,-0.05763757429635602,-0.014922300652093603,0.04210723069702272,0.03724964407371275,-0.0506552993767873,0.01320043115518274,0.16242336758735354,0.20949295485501085,0.09791251574829529,-0.04224500636638755,-0.041688885741442576,-0.055377852408479145
4.14,-0.06460159904272592,-0.006048204966291167,0.05840781328851153,0.036781248029296006,-0.06192745381941422,0.02508557562964143,0.15913426751091075,0.2110386412965567,0.09007206378677636,-0.04828611016912184,-0.04450807504756512,-0.06118409866117491
4.142,-0.06624966579977211,-0.003128712945229444,0.06355172217506926,0.035888395148615165,-0.06604060070239945,0.028282293523359373,0.14715935586026566,0.19227420050006225,0.07124248433217863,-0.054361317126718066,-0.0494231472927043,-0.07464303125804392
4.144,-0.061535506635978225,-0.010674885823975605,0.051379155856076573,0.03664594717034251,-0.058772189674037384,0.018231854475344606,0.1395762036538274,0.18273615425911108,0.06539916531297091,-0.05235949928435186,-0.04899179730855771,-0.08108709650929419
4.146,-0.05852019840420923,-0.02119921642300015,0.037440174158180545,0.04023225291316165,-0.050607231064498985,0.006827966258184447,0.1429987804898407,0.19761609061771693,0.07862560241286914,-0.04612126530049131,-0.04424762419138761,-0.07578964706881004
4.148,-0.06366197883314272,-0.02587453340113037,0.03770731638267199,0.04569993149491232,-0.05215602944881233,0.005706566040244875,0.14950264854608009,0.21871736698584765,0.09330232747696801,-0.04441802720811721,-0.04128579147580823,-0.06808713228173154
4.15,-0.07241528213317704,-0.025456494707527522,0.04722172741074545,0.05050457049226316,-0.05970175078751148,0.010944558393172401,0.14806823917953768,0.22034293501654592,0.09427933696222283,-0.04864084811968988,-0.04142866871028968,-0.06814160196252546
4.152,-0.0745109118648734,-0.027174334864615995,0.047864408919291584,0.05263140646653256,-0.060695417372849184,0.009886214156358,0.14090350466534957,0.20476795343567217,0.09000702878224699,-0.05036660687576487,-0.039235797476302986,-0.07299714618714341
4.154,-0.0678847481101313,-0.033110909750228124,0.03493367396297866,0.05231886632912619,-0.05197666042932209,-3.400028895706033e-05,0.1406883830906939,0.19916596104193238,0.09841432371040525,-0.042702001586540334,-0.03146550752435139,-0.07155256848690757
4.156,-0.06165255481331525,-0.03628595966348751,0.02503413652245536,0.05089949057843282,-0.04484997384989174,-0.006670267632591373,0.1510857479044703,0.21816780373073189,0.11800305447879963,-0.031270700427283006,-0.023643030625018432,-0.06194001304217108
4.158,-0.06308784535231697,-0.029108468496434812,0.033779638658152165,0.04796054893249719,-0.04954508511792662,0.0012837794821041154,0.1591142966651447,0.24296765550016586,0.12717192189400506,-0.02797856470727521,-0.023812643912853742,-0.05521968708971832
4.16,-0.06702121828325312,-0.013692476477191996,0.053659195254967276,0.041756007464821304,-0.06056974900865268,0.018729017678528376,0.15219960421397832,0.24593896544536598,0.11469887686993588,-0.034516726244022355,-0.03105685855977125,-0.05938494789571538
4.162,-0.06366099083158282,-0.002019793409903546,0.06213074428986873,0.03373669015754803,-0.06333208854988173,0.028563958519628164,0.13635033964375579,0.227984587730511,0.09754224523035863,-0.040510194781415945,-0.03529790837196806,-0.06811472357071931
4.164,-0.0532823921321141,-0.0037007216154468087,0.04974768829811374,0.029360353106907718,-0.05308658484221494,0.021673672069199148,0.12930147819967025,0.21719766612491043,0.09896085725366804,-0.03919311836917259,-0.03061484111956855,-0.07043578273646071
4.166,-0.04654334636405667,-0.014892930384264057,0.03159308257356624,0.03197807528936607,-0.0411064313214072,0.0075556015151980165,0.13800785923146264,0.23103999966539995,0.11816249832044536,-0.036247981190919064,-0.023574956712270053,-0.0651310397798424
4.168,-0.050726355442362495,-0.02335959105684706,0.027496208029068117,0.03857154002185664,-0.0405125649529958,0.001888063060165441,0.1505780499792487,0.25379087957479707,0.13361170088644253,-0.03969076421027936,-0.02367962752023331,-0.06069726217025615
4.17,-0.06053930775378943,-0.023563143107949967,0.03728268515292512,0.04362429275893089,-0.049866322821276635,0.0070421559697720435,0.15245839744957299,0.25881218627871116,0.13297603250075635,-0.046824235520587315,-0.02999707227342133,-0.06366176814614227
4.172,-0.0655463635863082,-0.02204736203909916,0.043508235314814965,0.04567365918752944,-0.05598318899045002,0.010758399693689538,0.14502928439287735,0.24496505152316614,0.12788257377835094,-0.04696550375622931,-0.03394638816536865,-0.07035880109386003
4.174,-0.0633474937122146,-0.026043486825252017,0.03678764003690949,0.047173433211431186,-0.05211094683733565,0.0047318466129024185,0.14177162657762069,0.2373783040612844,0.13545091635640719,-0.03532828419472127,-0.03201699008078002,-0.07231520572114634
4.176,-0.06014753731395198,-0.030940028759969672,0.028573721738781702,0.04812351453332821,-0.04612492226536935,-0.0023630058336836296,0.14833923536405258,0.25243268225705096,0.15382255413557905,-0.01893406519975724,-0.027983474588436537,-0.06785146658770909
4.178,-0.060246082443639125,-0.025853351620467657,0.03422012008903379,0.04461252493797206,-0.04805697688436269,0.00315016075962375,0.15436507700768504,0.27525541764780953,0.1641473288458759,-0.008477284956539512,-0.024957674987825182,-0.06375594524269314
4.18,-0.06005763021818209,-0.010766869315567926,0.0496505184769432,0.035370857080133114,-0.05503585801526385,0.01884167891228526,0.1476810405500519,0.2794435471285941,0.1554807067704998,-0.007404322424559031,-0.022575112841219512,-0.06520930770661797
4.182,-0.0539260080551421,0.0011146930509621164,0.0554636722889922,0.025409793690921306,-0.05514585959337785,0.027782168983056375,0.13178993154931926,0.2628677796669842,0.13979485372962028,-0.010306909460861283,-0.02058033682767976,-0.06845596423150771
4.184,-0.0437857164699393,0.0006822731834176337,0.04455429256545984,0.02095572070032199,-0.045394341226492815,0.02203300078890706,0.12255714381226084,0.2510511815605367,0.1371148598520396,-0.010963603873521736,-0.019951366154738255,-0.0666524752457396
4.186,-0.039141088950969585,-0.005996799936672649,0.03296845935278302,0.02331739864867242,-0.03769802414553175,0.01294349472014485,0.12775359371108905,0.2625236493045084,0.15085777971677944,-0.010663569498856247,-0.021763566859687892,-0.060464308672878976
4.188,-0.04538374611722557,-0.008308420545476505,0.0369395115889929,0.028657060038120834,-0.04262935616217187,0.013574085446653977,0.13686548654908656,0.2833300069776044,0.1654289529975811,-0.01666534422414956,-0.027132114763932687,-0.058266935275105666
4.19,-0.05556213764942145,-0.005816502148044264,0.04975148326291187,0.03221717803257829,-0.05380524712633547,0.020667073996255912,0.13594533936798184,0.28710886981400646,0.16817621421512005,-0.02939402858791954,-0.034558105790172294,-0.06450939987560328
4.192,-0.058994840268150404,-0.006492376411819345,0.052458027491377256,0.03291739256845057,-0.056810115589591696,0.02141773424225488,0.12790120865944193,0.2744400106531435,0.16673126084840806,-0.03615426685895405,-0.037087416934949755,-0.07121681133177347
4.194,-0.055564154945530186,-0.013470329896216281,0.041792995083228146,0.033645794249685806,-0.04984887186994376,0.012994657559920443,0.1279882230078675,0.27379282007285516,0.1773445758263212,-0.026394624555522307,-0.028816306039350696,-0.06695786992267382
4.196,-0.05435269450948613,-0.019201364685367078,0.034694169048605165,0.03602587525910288,-0.04552360827006351,0.00721222976950744,0.1403240851339726,0.2999511985018615,0.1996658504131533,-0.007531019544685576,-0.014353013635222196,-0.053199261513821455
4.198,-0.059310070898262277,-0.014996961799959864,0.04402657392264696,0.03737719888353955,-0.052095928668542686,0.014184460925507394,0.15058817995960436,0.3301611044151125,0.2145733869341221,0.004016586938128137,-0.00485862606869477,-0.04357862659674111
4.2,-0.06312387454836081,-0.0036754031310463,0.05947818512477685,0.03476966776109052,-0.061202659046706576,0.02704776188003711,0.14477913494770475,0.3337454568160795,0.20960079311940746,0.002587991608789688,-0.004462280837159924,-0.04585733255603287
4.202,-0.05728893217054059,0.00279506515142126,0.06024863091810121,0.02942723060777389,-0.05885306068032749,0.029997640489451624,0.12777978041035581,0.3144485019738404,0.19737001935079246,-0.0026218768756230584,-0.00615474798635386,-0.052266116222379644
4.204,-0.044439743259573165,-0.0008787044212106147,0.043609106782124527,0.025015626802088433,-0.04510417797038629,0.02006478543225131,0.11794398370558878,0.3057468587312523,0.2002507198385495,-0.0007083396060464472,-0.001776547553532119,-0.05105468306316999
4.206,-0.03606656944031976,-0.0055315188811819235,0.030350569896543066,0.02276607821392419,-0.03526795735427166,0.012192774203669422,0.12478604555903089,0.32540984840484893,0.22058060630518203,0.0078088358930528574,0.007724443340214066,-0.04201408595922112
4.208,-0.03827738626957088,-0.0006423197543069318,0.03724416270773311,0.02098057323654838,-0.039774020815666,0.018658587630159953,0.1377131975119318,0.3528750687988038,0.2380583189073051,0.01316202529973134,0.013876758562570916,-0.03563242785835038
4.21,-0.04477598505398404,0.009108483517125742,0.05346016608975161,0.019394470487708294,-0.05027082423372651,0.030978672256824092,0.14005649830413822,0.3591293417164972,0.23833668476090503,0.010237898788641208,0.01125403099629895,-0.038858662351462694
4.212,-0.04616654565298696,0.010115421554026182,0.056060110192762455,0.020009149437622803,-0.05195242234812101,0.0319553828540328,0.13066700728975358,0.34607996379474554,0.23212426645153894,0.004723959838449502,0.003978504948143469,-0.04617296423279892
4.214,-0.042080388041933904,0.000575947883437466,0.04267708279931905,0.022810830246710295,-0.044091991076288126,0.02062694931245435,0.12435337838277602,0.34226018880045866,0.238835446624693,0.004049473044578259,0.0005146254000755235,-0.04689894346059543
4.216,-0.03974828415862533,-0.006106213721461643,0.033646314479126645,0.024423438844605492,-0.039579169028878175,0.013343688036621152,0.13002491806049518,0.36300967909280535,0.25890893010260063,0.007674217225322608,0.0035839181112174807,-0.0393834499258088
4.218,-0.04258582701365708,0.0010059765444135399,0.043335372635156806,0.02168115378991196,-0.04627016461182336,0.021677279393717115,0.13736098730797625,0.38953551935851466,0.27274808041233045,0.009828529727238326,0.008189557032223096,-0.032898771351745904
4.22,-0.04513710540685497,0.0171082022270104,0.06188476802412638,0.01467519038457714,-0.05645580913913234,0.03822935762186137,0.13166363442247356,0.3944793287621457,0.2679063344725321,0.008960092015559907,0.010035167566353352,-0.03409983864570412
4.222,-0.04037570767773121,0.028158056503360167,0.06842507500881354,0.006592602106771109,-0.05660208184732634,0.04630532864234598,0.11585704872961468,0.3801234070243464,0.25787039849621984,0.009701459090572566,0.011819296159505591,-0.03781881750606746
4.224,-0.029572731337161165,0.02716467600562879,0.05686017292522571,0.0014139587753289008,-0.044669350651943,0.0399391278323947,0.10798547851914012,0.37641221769530453,0.2655632336835519,0.015122050283656843,0.01822521825314109,-0.03558024586686001
4.226,-0.02212490941861267,0.021087452120684597,0.043240670767411296,0.0008114577228741058,-0.03393537956404395,0.03052995675067954,0.11771593356321952,0.40001630150757866,0.29300718294993366,0.021488655412999144,0.027554878636808704,-0.028000900109595488
4.228,-0.02398349407355895,0.021039477918498705,0.044970387730213335,0.0023376871053623106,-0.03639256967862215,0.031794509497105584,0.13374683931156697,0.43151215688631855,0.3183686357318055,0.023877511983731347,0.03244938155972447,-0.023394616778729144
4.23,-0.029495970935758294,0.02802472845572016,0.057803925209233865,0.0019306644255981265,-0.046400620177835514,0.041665429835911406,0.138060025379297,0.4421461776253868,0.324372714953343,0.02486349566230535,0.029693976433523804,-0.025652424024836373
4.232,-0.02947858052593344,0.03306050082060725,0.06332615821638245,-0.0011309187880968717,-0.04907530176003794,0.04655548638262522,0.12841219846175975,0.4324851733822553,0.3197888378061604,0.03303110782143644,0.026551137293285957,-0.028189558027635918
4.234,-0.02409137346351424,0.030856413756774604,0.05586420660048688,-0.0035916723005448717,-0.04166891606702215,0.041578343850727076,0.11994826322700672,0.4304499725935278,0.326022727790463,0.0512769835639439,0.03265842689141329,-0.02346953351865659
4.236,-0.021736424595971634,0.026635663265761098,0.04897518913613483,-0.0027103091360473485,-0.036445782620449986,0.03646648628207983,0.12385018448000042,0.4523726327878515,0.3481763938526464,0.07024208758273924,0.04606910853703077,-0.015211690818315521
4.238,-0.026586845610364288,0.02820521431431115,0.055007207816353196,9.228617295671181e-05,-0.04251935502610281,0.041032021962851516,0.13234982883097146,0.4802811515173245,0.3685825845178162,0.07796279656389644,0.05498370269862224,-0.013797006571145973
4.24,-0.0322344632519168,0.035820369892712686,0.0680589523906696,0.0006125769979657108,-0.05284789663539512,0.05188310620194545,0.1304976077239897,0.48668459167290234,0.3704297733265376,0.07465776410018829,0.05448240091932158,-0.020690357720118895
4.242,-0.02956125638112289,0.042111760829993745,0.07162949868347773,-0.0032184518886655094,-0.05320312907679076,0.056652469193886376,0.11714033926681412,0.4730425015199574,0.3608062097876402,0.07201588420266543,0.052275096448977834,-0.025455154580108826
4.244,-0.018346636910775316,0.0419455883531561,0.06024979706079338,-0.00917559206126133,-0.040743868136105726,0.05018654974591903,0.10579522437863235,0.4683789128097179,0.3620372592697639,0.07700254542153805,0.055813779244894626,-0.01969635086568498
4.246,-0.007896130301383565,0.039888968889135006,0.04766044386724059,-0.014135582911627493,-0.02830646142514062,0.042249672250738134,0.10622743796213775,0.49022436662436525,0.3818479333270559,0.0826769487107891,0.06206197587802577,-0.007918935275346276
4.248,-0.005927060026122949,0.04403608940629118,0.04964739760774199,-0.017711632115851732,-0.02855888665438228,0.045165623447575756,0.11295240715945248,0.5214608549444582,0.4034960902771989,0.07933514026140286,0.06330778083455617,-0.0015771066817833806
4.25,-0.009775185640783205,0.053615913738120545,0.06297047210239902,-0.021017220454068307,-0.0379380669483623,0.056811128556585266,0.11470272788539772,0.5342399986389321,0.41004008534100694,0.0698472920191765,0.058609406150239005,-0.004778978472397405
4.252,-0.011346970165742081,0.05907911973189681,0.070165496734623,-0.02338346182386245,-0.04231085354367332,0.0633714692895468,0.11060747113270972,0.5282445447705096,0.40794861743991184,0.06645832430697517,0.05517940163611105,-0.00970491591144035
4.254,-0.00788706035134205,0.055864885169632165,0.06375231133659283,-0.023305432444974836,-0.03641198480272171,0.05863158401615666,0.11025201500777287,0.5299886597113539,0.4169674838921196,0.07444220452618983,0.058746846043478324,-0.0076018225314974115
4.256,-0.004096378734913301,0.05120884196134305,0.055320845539549864,-0.02181578159998678,-0.029687105519483795,0.05198733812103539,0.1173557598311086,0.5543293628531576,0.4419699387248487,0.08654750466451382,0.0664613395508766,9.08927008215798e-05
4.258,-0.004875356446197276,0.05415671452358211,0.05877023425728362,-0.02191053418370197,-0.03230734457449907,0.055081119637180605,0.12157428935839103,0.5822025426511478,0.46541634414655647,0.09411557714493478,0.07177415399525826,0.005134101419525388
4.26,-0.007976012666082251,0.0638254345797315,0.07133321260586002,-0.025282900636110873,-0.0409945332699862,0.06636107348473805,0.11245897793744292,0.5860207033378858,0.4703302364597946,0.09763596241811222,0.0741428368011393,0.004484312907390447
4.262,-0.0056122287546492835,0.0708346635082447,0.07613388115919224,-0.03091320271020297,-0.04236686153439357,0.07260606610133939,0.0958324531481331,0.5687756057897809,0.4635833004868411,0.10319009756533423,0.07953058115838965,0.0048845976166553
4.264,0.005437489664427014,0.06917758036128349,0.06376282819838994,-0.03636181775215196,-0.03023898234371941,0.0655522452736701,0.0876272584294823,0.561720750985128,0.4671750817131223,0.11249723485643522,0.09144663866308518,0.01328160946206809
4.266,0.01789083305887063,0.06372328084445963,0.04602999413566394,-0.0399144525493449,-0.015115250093956359,0.05349773686747504,0.09329346244581245,0.5821056691453412,0.48853026921554665,0.12075351108868312,0.10528535534351266,0.025618305144132537
4.268,0.021724877379131126,0.06305529944016709,0.04154079233540996,-0.04122668657794794,-0.011420745317990966,0.0508021225543201,0.10095569073676325,0.6098357906235227,0.5105131727877246,0.1228493986008263,0.11246367045408233,0.030845571557737567
4.27,0.017236719373724292,0.06773660930479214,0.05077249523043619,-0.04123532832969925,-0.018229034406227626,0.058260296462248756,0.09750408597101372,0.6163220918184601,0.5151933505966689,0.12011166302385981,0.11020112292241056,0.026296885925825457
4.272,0.014972089335507737,0.07146274187414538,0.05684405481174107,-0.04222231213662102,-0.0214230357255697,0.06364145128770271,0.086439873612913,0.6045690122069824,0.5086514354580589,0.12022358730740186,0.10559046041843373,0.022733831525598217
4.274,0.02099680386150886,0.07211156030239285,0.05136676826340299,-0.04610228525283031,-0.014722309206905326,0.06132917752131666,0.08267319820800614,0.603267269967605,0.5119251633681682,0.12826231162493684,0.1065946454376755,0.030319270183541063
4.276,0.02865432105641917,0.07511216927031295,0.04646810321984078,-0.052042873140281116,-0.00842870484880346,0.06036613423709524,0.09116940072334642,0.6251940738152431,0.5315919366840233,0.13959335631479844,0.1122253494562116,0.04522876289274043
4.278,0.028529498235784996,0.0842722907688716,0.0555941408258325,-0.05681658264856377,-0.013839729952383157,0.06938276048805367,0.0992946659574991,0.6490189828627868,0.5506641751762169,0.1453850652324154,0.1158730570437311,0.054660214475933444
4.28,0.021722950021348445,0.09377537998809299,0.07184742611331836,-0.05778262367454389,-0.0262725637340648,0.0816587554688464,0.09316785384871665,0.6480464318006018,0.5514493005327674,0.14364613821505093,0.1151879005468561,0.05205100624012529
4.282,0.01849811982566236,0.09392150924823216,0.07512669014819016,-0.05552181133483747,-0.030066930871889178,0.08248404366197545,0.07619100107101888,0.6270827225344995,0.5403494673637459,0.14164281405882315,0.11527603924250886,0.04493096015374351
4.284,0.02497893322438544,0.08407460706248261,0.05870590158308904,-0.05333973917827085,-0.018796099365199808,0.06907095629022282,0.06516886616501506,0.6171980957366492,0.53990064752705,0.14714796611932687,0.12176123409256488,0.046038659436143985
4.286,0.035814946369083805,0.07560062464430448,0.039408605636771524,-0.05428814621512406,-0.0037387070254634256,0.055818888739403806,0.0690269590202098,0.6343552906196375,0.5577995733334865,0.15903952155865314,0.13239505471885119,0.05713372205793814
4.288,0.04230072447811117,0.07923457135368946,0.03660703427512886,-0.05905329983054074,0.0010518271404775753,0.05674425368161638,0.07797327116055801,0.6584074124226702,0.5770871761544168,0.1687193595964261,0.1398678328700557,0.06724345432386011
4.29,0.0437765555052014,0.09174187565045884,0.04767120127192168,-0.06575440341636364,-0.003377666558443527,0.06797084658385462,0.07719018457495891,0.6610244237108791,0.5805639255345623,0.17073985742842107,0.14254453813780105,0.06824816768891816
4.292,0.04552561311251626,0.09999447993455549,0.054281934419827385,-0.07082321073754921,-0.00525278704296255,0.07451184862705346,0.0671593259342292,0.64424879025822,0.5735824455834532,0.16901901291181232,0.14611983986549165,0.06575781904345725
4.294,0.04817329638438643,0.09761040802519196,0.04942867072084215,-0.07141966405433384,-0.0009469917718544613,0.07113301595827327,0.06203869512469194,0.6362842938526705,0.5738427627261012,0.17046848068394346,0.15386018659983322,0.06994705906342334
4.296,0.04729490186254242,0.09265437843395453,0.04545165134064172,-0.06892169866978637,0.0006340445469728603,0.0681519067139356,0.0677459932643345,0.6508295273711452,0.5846868791947334,0.1749468198937229,0.16096112896971151,0.07997012710927182
4.298,0.04322902732257879,0.09697793579963257,0.05382668217468733,-0.06890182323005713,-0.006457649670723136,0.0759377029795447,0.07223329295131918,0.6676008904262304,0.5904965982910714,0.1760704594033656,0.16068836892954225,0.0847845015812977
4.3,0.04309540576240095,0.10985176044589177,0.06686712694411309,-0.07478707042098637,-0.014150122886007904,0.08921360993673105,0.06254568603587689,0.6605291595786422,0.5798628254114365,0.17117708881747074,0.15316575336131194,0.07882181112979973
4.302,0.05071915843551866,0.11744948094890745,0.06701757069727571,-0.08248314261419275,-0.010543866721980457,0.0922767811760281,0.04416121026233833,0.6340885052864977,0.5633995674665239,0.16527522280771598,0.1457485149328994,0.07021080702096488
4.304,0.05998929915279548,0.11081943943781501,0.05124440068784396,-0.08450195722009714,0.0028991090982915246,0.07983175636787668,0.03476719833362733,0.6176115115541498,0.560813519344419,0.16439738935829049,0.1448487515808189,0.0705199394898306
4.306,0.06206753556108752,0.09858264562227097,0.036788443121357275,-0.0795987373074354,0.011893048162770772,0.06574490210883474,0.040904750189999915,0.6258301447324236,0.5742733582120749,0.16830219703225746,0.14948633650612356,0.0801043795574817
4.308,0.05703675539757985,0.0963122183981049,0.03926283972253158,-0.07523012524205094,0.007747854538804234,0.06608337923901757,0.05001538063230288,0.6399658990646963,0.584831241490186,0.1715003736672016,0.15454504336096908,0.0881730396840436
4.31,0.05342474958240508,0.105144113578599,0.05157010904080223,-0.07722713827376113,-0.0012665834139218037,0.07735206710259343,0.04791975710385626,0.633696011917356,0.5780108274134561,0.17141787901176764,0.1579284304652135,0.08714081178398189
4.312,0.05607129200970913,0.10943177623010694,0.05328850138321586,-0.08064920328216146,-0.0014580744871219827,0.08081021112526575,0.0373388383772077,0.6085883637393934,0.5637441160398751,0.17261395910753327,0.1615446284340178,0.08291277049860737
4.314,0.06056505361700087,0.09993521581704602,0.039435931341281955,-0.07799436948235043,0.007863285476113391,0.06929330576079472,0.03300225933367225,0.5921233653761503,0.5619979791538211,0.1796009146469462,0.1668616860303143,0.08696323852908386
4.316,0.06133938827438441,0.08883231747168302,0.027684348044924766,-0.07237029748296293,0.014752444342056314,0.05774785163723043,0.040351785905555486,0.6004428382063289,0.5739365130727597,0.18870685990171346,0.17178952739006947,0.09971988438717017
4.318,0.05999300667358386,0.09263843290151447,0.03297802155276853,-0.07364634622176429,0.012137633411610192,0.06162390505237172,0.047208557243475315,0.6155012565423147,0.5794744477629852,0.19247922315428254,0.1726547492785731,0.10878174808382877
4.32,0.06249485318874487,0.10855217803633035,0.04644975359829862,-0.08382375560236069,0.007228957860515647,0.07531430595212693,0.0402511255972388,0.6085036391603815,0.5649246297890933,0.18998173372039856,0.16982826753272823,0.10564347256612201
4.322,0.07015942319279429,0.11788859099184519,0.04796747211763887,-0.09340265809634145,0.010730592433305292,0.08032995075408106,0.023536331054887654,0.5787614983355354,0.5424475056240423,0.18769907887104223,0.1691997099010172,0.0971478636483922
4.324,0.07693535176191395,0.10999773055759281,0.03304492152183309,-0.09303074672110936,0.021919328271072503,0.06952280689404111,0.013760756389729307,0.5545058936407936,0.5338801787597166,0.19070968312252434,0.17493099382398455,0.09560726004979635
4.326,0.07615378365580171,0.09423300461529303,0.017946748262078902,-0.08410094805053446,0.029212256295144248,0.054988494255965296,0.018596547609758367,0.5542336758178786,0.5412692210933827,0.19551688694273509,0.18269034109309173,0.10219529424744611
4.328,0.06783289098861615,0.08607119092768985,0.01819890436289907,-0.07517671546680504,0.024628661593856797,0.05145415011699726,0.026528140157149792,0.5616899112333166,0.5446232134774037,0.19324953385384416,0.18450642110861143,0.10603918611232634
4.33,0.05887643326923794,0.08785077326059491,0.02914541365773507,-0.07146278133898178,0.014102082535518971,0.057898168966209605,0.02248105382280823,0.5493359871821493,0.5293355715263914,0.18081176575829613,0.17952181674594514,0.09975367994310767
4.332,0.05663734244346978,0.09014049117440186,0.033882916560390546,-0.07198667600737219,0.010355528092078771,0.06157680278556933,0.008994442708064147,0.5182046774336778,0.5061790642752877,0.166666889630859,0.17541485156601147,0.09066083050971921
4.334,0.061900770414311725,0.08849365314645984,0.02704112221581367,-0.07464752374448518,0.016587811330129557,0.05736504586510634,0.00285357342167912,0.4973721792666482,0.4970265852546791,0.162478331397152,0.17878075281880904,0.09184890459409101
4.336,0.06790802846257019,0.08858148386578771,0.021033659328317245,-0.07840966003481149,0.022463085547556338,0.053777608530773784,0.011407263743178962,0.5031373014366681,0.5050433971908489,0.16962350330031342,0.1873474491632508,0.1043805139965523
4.338,0.06797028323362288,0.09461836457777219,0.026935082322075615,-0.08168554175361162,0.018760391836112812,0.058673462588451464,0.02202188357832587,0.5155073759273449,0.5092929747368,0.17795134944090854,0.1934729267357531,0.11490635817669943
4.34,0.06477989766743564,0.10169462942538766,0.03719902362458288,-0.08349393990882364,0.011525770890903848,0.0668923736823576,0.01862448441430562,0.5044099410319204,0.49148480292932556,0.17857390198863035,0.19350293177343528,0.11238859410572909
4.342,0.06767424826772334,0.10215324778498858,0.034682938507718516,-0.08500439155663603,0.014913335967334754,0.06671369500696893,0.002500679677466037,0.4693640760022759,0.4591513732350727,0.17282775334445644,0.19012748389777315,0.1015877387562972
4.344,0.07866517006331736,0.09545106029173019,0.0168078104487656,-0.08703506105777371,0.03067679163578145,0.05590596098907243,-0.00927867856277665,0.4393415457800832,0.435014746109494,0.16718054136663818,0.18649134293068664,0.09608435522468974
4.346,0.08756658161628258,0.08927972886795196,0.0016181310061296095,-0.08816127661251116,0.04331309596956126,0.04606898887020385,-0.00527558565650735,0.43405689823575055,0.4281299679302869,0.16408427914384105,0.18222225003564294,0.1006264552725739
4.348,0.08513290743306144,0.09030336363824847,0.005105910138246714,-0.08705465281691617,0.03971967348173014,0.04808014521395361,0.005833846447035994,0.4387237912046862,0.42473348463503763,0.16137567189761734,0.17625956117380112,0.10517299463425092
4.35,0.07532229130532213,0.09487090962398952,0.01956655146150638,-0.08418815074311721,0.02654353078102482,0.05678499367603839,0.007013379142971528,0.425611444342776,0.409786015946091,0.15941815768187292,0.17131858333964226,0.09922941813657683
4.352,0.0687398283612892,0.09301069859563461,0.024314548540602957,-0.0800350409989591,0.020228145575434994,0.05751143218150779,-0.003808294947521813,0.39193468528416564,0.3879322882319011,0.16212668209652123,0.1714124621068627,0.08730709684475146
4.354,0.06870760113365665,0.08233856416069824,0.013642407658583803,-0.07469420562912009,0.025252686486874176,0.046540451239129456,-0.011795626758371747,0.3619459631530425,0.3737965123453718,0.16771298953359298,0.1742491636958266,0.08255950097375059
4.356,0.06988946654049616,0.0722760961474974,0.0023684037613324765,-0.06987170422469155,0.031322154136046526,0.03598950939326189,-0.007118771776904613,0.3535595365544082,0.36902767543119247,0.16625011687385594,0.17203854740009897,0.08862833640132935
4.358,0.06774050137809749,0.07197821488507276,0.004222764642082729,-0.06803546362003612,0.029528785804948166,0.03703921047831527,0.0016293848230477582,0.35580342789056424,0.36008576006980775,0.15182619401856265,0.1623507103867134,0.09566630426586323
4.36,0.06497119348863938,0.07915479183796315,0.014186386333435125,-0.06994666977190832,0.024016790561992653,0.045772589702576916,0.0003145794125713069,0.34425945477280945,0.33736099291586924,0.13187847991475615,0.15258709563335993,0.09381132081047772
4.362,0.0673541096003813,0.08368415003398816,0.01633952351374515,-0.07394724678996259,0.025228696030098714,0.04919051377837598,-0.010766805608174298,0.3139372114938309,0.30999677815314886,0.12006843028166501,0.15057469722900726,0.08532285063816997
4.364,0.0740916292552184,0.07929897221722428,0.005210351173504912,-0.07623316948802701,0.034560448436142366,0.041449325622241726,-0.017086615962025126,0.28680287377316294,0.29617900413013554,0.12165487593580773,0.1552930410661544,0.08044932182830344
4.366,0.07724090113745513,0.07018817895215755,-0.007056459567698095,-0.0738323282947466,0.04167851531082268,0.0304506183461545,-0.01008849653665808,0.2817643647417458,0.2984550963119796,0.12816046881227997,0.15953275237802322,0.08336069056231853
4.368,0.07237611160568924,0.06513596546435668,-0.007243572672838577,-0.06838106176560832,0.03869060210985381,0.02731613352395794,0.00021923587990202936,0.28691614224021444,0.2976922123167118,0.12722680186846771,0.15777825601838827,0.08655524628707581
4.37,0.06397064335547291,0.06460986216313173,0.000639621676163846,-0.06317508299311972,0.030687416954520534,0.031117799873939287,-0.0008453143255695187,0.275505193936116,0.27788862243266466,0.11684575526799655,0.15054448014726043,0.08151956153319713
4.372,0.05773946366695697,0.059557860886004246,0.001820459547216188,-0.05739086429043506,0.027328164494738384,0.030287582939100683,-0.010954592599769164,0.24514162112551804,0.24872019856555558,0.10654915441476405,0.14424177182724288,0.07150739557510409
4.374,0.05357281449832223,0.04631521897114255,-0.0072568303145193365,-0.04869507633607576,0.029225594470001136,0.020294589118911233,-0.014332110923061326,0.22158232695152752,0.23246291151111967,0.10435020189016614,0.1450990640541243,0.06707276525327872
4.376,0.04869576491870116,0.034932198876047496,-0.013764325994977289,-0.040049206249554686,0.028834674455125154,0.011524026977207051,-0.0060683465108967325,0.22099142047671216,0.23285529841912034,0.1077189480981289,0.15075825661066167,0.07042699234916067
4.378,0.043151102275264926,0.036219977092783635,-0.006931905769700818,-0.03742549967349788,0.02229844812431746,0.014840896226701943,0.00013428482675239054,0.22658524475203262,0.22990528825075343,0.109357745646048,0.15231303477945815,0.07214540624944041
4.38,0.04032853120470447,0.045768666177143404,0.0054621164662258396,-0.041252640544848534,0.01582912914620079,0.025118510880311258,-0.0083573881494391,0.21178831088637012,0.2083261094359845,0.10679490449261067,0.14630038365990275,0.0642107124541984
4.382,0.0434303282237013,0.04918525410737087,0.005886687634595702,-0.045578624302767816,0.01849179532063172,0.027095362819731943,-0.025256161940521216,0.17680641096711927,0.17939026067237496,0.10180007565830149,0.13824926822413366,0.05080050490745271
4.384,0.05033082233018904,0.04124644565802936,-0.008756767436343628,-0.04552475105436534,0.029277148730635034,0.016307668323881495,-0.03285577604757684,0.14927534704747308,0.1646256603032136,0.09370651740703126,0.13332276347273175,0.043142029123591386
4.386,0.053141492408698324,0.03164985918477418,-0.021069180553835797,-0.04183475036702843,0.03586301336769128,0.005413517153589438,-0.024100334271801326,0.1481806648536762,0.1659079358494156,0.08002750241048404,0.1299278757419459,0.045239138613497834
4.388,0.04702055267343992,0.030659092770101225,-0.016128035500524454,-0.03815136711057373,0.029859278166951362,0.006730261694529359,-0.011503355114309626,0.15892431370112342,0.16472797092927216,0.06356811867378624,0.12412906438599818,0.04872879016730038
4.39,0.037579869715487685,0.03514054445336651,-0.002596315616330531,-0.036011469571467454,0.019024478869332673,0.015132942952280865,-0.010986890646689423,0.1533499856568023,0.1488353269318693,0.05348556979553505,0.11669620854360763,0.04450858871975427
4.392,0.0340438815967917,0.03389494258892909,-0.0006439984334088375,-0.033617976643597905,0.017238364008422987,0.015522409760210416,-0.020704885293994904,0.12801026741606106,0.1282375342394938,0.05634509344441674,0.11284854761443432,0.0359393980524488
4.394,0.036627448860800584,0.02426868637968531,-0.012953913147721182,-0.029236547490305492,0.024876819772757304,0.004801915087658438,-0.02445213425796196,0.10727762004834702,0.12002156436118715,0.06727692108765539,0.1141798655094023,0.03384134338833971
4.396,0.03660969107122899,0.015975036443873523,-0.02101825920092763,-0.02415869497873222,0.028284713975455227,-0.0032509491376713387,-0.015570295594718842,0.10755166418404831,0.12340181840067369,0.073043737248065,0.11423088324844627,0.03957238798736577
4.398,0.02897353726451342,0.017327895949511847,-0.011527459648079039,-0.02118002646860025,0.01925348397903048,0.0025445667982037313,-0.006729978696375971,0.11371910082940224,0.11931424860191923,0.06582002815887372,0.10655472867542247,0.04193714014989366
4.4,0.019548467905309275,0.02353653787669009,0.004630508799430268,-0.020752022764744846,0.00675080787888785,0.014310387192136589,-0.011879287555482438,0.10034137457889179,0.09656078212450099,0.05257829231456466,0.09484154606946914,0.033273624067750404
4.402,0.017583680928936408,0.022678004544056402,0.005831773342249883,-0.02043487236336527,0.005560894506330781,0.014417236777650123,-0.026343073652627932,0.06833811273891623,0.06924908078900388,0.04750101352271836,0.08928767082729122,0.02072643616743215
4.404,0.024364357706469806,0.011395761856052023,-0.012654369188045909,-0.018455467414125147,0.017740446161695345,-0.0016228523374949896,-0.032316403398662326,0.04624692286776517,0.0598163036779614,0.05476147387074178,0.09351632213249415,0.016504765192583672
4.406,0.03135090248275976,-0.00024022897682871507,-0.031768928730454206,-0.015606152962320985,0.029854354898101964,-0.018437784297417097,-0.022118083868744493,0.05258152138772908,0.06952301275828927,0.06305062403308676,0.09996846774222555,0.02183035324829669
4.408,0.030188700944851484,-0.001044770199200722,-0.03160953309918461,-0.013652445523258198,0.029090426793962395,-0.019380025827496285,-0.008535733225963694,0.06998930003778202,0.07647491376333035,0.06006619704506875,0.09993938932435056,0.02645349300230724
4.41,0.0233043141270162,0.006836370893838901,-0.016838073116800904,-0.01343879568538575,0.019131484592887524,-0.007793875221657733,-0.008058213095459569,0.06783656682989046,0.06412175311049269,0.048521895151992366,0.09506641738283496,0.023141071207849504
4.412,0.020563447082291162,0.01037905635588887,-0.010497575075820364,-0.014136814391070021,0.015021069659620565,-0.002476085326474356,-0.018699170471519817,0.0433888483636482,0.04240896229660203,0.04204063030534,0.09455713281981631,0.017212073958985635
4.414,0.025765395422935846,0.003759350636533405,-0.022185870673437937,-0.014352874386657631,0.022828807224114477,-0.011604858032804838,-0.02318898351623662,0.02455812401092063,0.03347050861172479,0.0469226038356785,0.10211302286374456,0.01828749577750537
4.416,0.03161286905364582,-0.0034293462469369928,-0.03506148739634606,-0.013878843917282082,0.03166644337585508,-0.021825453466334067,-0.013590128933387458,0.030561162478410377,0.040964388166230076,0.0537024648839591,0.11022176594395933,0.02549357260504412
4.418,0.029917606974899175,-0.0007302241511282756,-0.030685486738506004,-0.013582486586162533,0.0290560890614064,-0.018410592230978372,-0.0025643563417453883,0.04503635184697425,0.044301652965140687,0.04845044347001909,0.10810433549172756,0.02726283223145204
4.42,0.02281504810104156,0.007383757959776098,-0.015707852354278937,-0.013645889689021556,0.018496389881536204,-0.0068422883269729584,-0.005565694264805349,0.038888619944365675,0.02715604836175965,0.030373718183007787,0.09369250578609335,0.017299531166554957
4.422,0.01911771686445096,0.007128468465593665,-0.012435460761582523,-0.012261895609859462,0.01466975990006356,-0.005175693430421186,-0.019692160676009703,0.011528908887856508,0.0018367108582501143,0.013625349797099603,0.0764916395155649,0.004188704615431122
4.424,0.021847122115442288,-0.005290880922114439,-0.027432467121504784,-0.007924944597189062,0.022943746906893527,-0.018392285017717176,-0.028314097416699855,-0.007449689874487687,-0.006672497891650893,0.009717205858189621,0.06727062706034931,0.0004508005106659326
4.426,0.02507688214533583,-0.01704854675503857,-0.042105850557601195,-0.0031866724292682926,0.03190067370918007,-0.030598950868759932,-0.023201453215986143,0.0010095385833813583,0.004269144003814689,0.013351822146954481,0.06629395137539529,0.006119310776932771
4.428,0.022968615821711898,-0.015095950865347528,-0.037878649869282216,-0.002306066874457827,0.029109430161404774,-0.026388060478172708,-0.01402144517926638,0.019090051698131882,0.011198009998452095,0.010953015736577696,0.06571176319745836,0.008993467212287654
4.43,0.017595748106355894,-0.004184438339110519,-0.021573646677186836,-0.004751098157662541,0.018177754198369693,-0.01230960808997487,-0.013614559616233762,0.017505600611742254,-0.0019625778211568717,0.0005907907372286801,0.06285036600323414,0.0018183113171244816
4.432,0.015038246346593218,-0.0008251278337205248,-0.015564312413793325,-0.005227611945925714,0.013061238990492972,-0.008070333205696263,-0.019181495518188398,-0.0029998180144502314,-0.020980069474074454,-0.004887291291186073,0.06379433121279361,-0.007128407717537143
4.434,0.01652004810455531,-0.010388271497930623,-0.026419353722580866,-0.0013694244599465177,0.018374056065612935,-0.01909068566030893,-0.016696776172719596,-0.013526248906387973,-0.022224317301871545,0.0031703682608387037,0.07161289679069034,-0.005995044749247013
4.436,0.017678341968465194,-0.01965508926648417,-0.03675443631599736,0.002455512419094646,0.024230780324746248,-0.029244018358257108,-0.003555583462266666,0.0011791875625544413,-0.006778499144061713,0.015052355770910951,0.0785523239409792,0.003549071857564083
4.438,0.014768038973846726,-0.015636203021467347,-0.02997390815866469,0.0016870546838327507,0.020612063040143902,-0.023656946150155265,0.004836489849526036,0.02002283529099418,0.0006426728489595531,0.013862594580600622,0.07513916263796873,0.008345188645382707
4.44,0.008716577767626745,-0.0033939392339654172,-0.011960717618480282,-0.0014983670467166043,0.009892034969752828,-0.00864404577754428,-0.0035936228679668025,0.013249095817456298,-0.014816499806485119,-0.002405970268049583,0.0631847036279589,0.0007400842555368105
4.442,0.0038675362752532243,0.001375975719868167,-0.0024367507716732606,-0.001419074786764362,0.003041891557753544,-0.002271509823881148,-0.019393198718193227,-0.01638846291735363,-0.03798803725434235,-0.017724658150846576,0.05367807176688719,-0.012351364728122437
4.444,0.0030881913866681854,-0.007210517192482981,-0.009954084360115663,0.003276500154307863,0.006080951259497118,-0.010784457080500227,-0.023186596500517492,-0.03599046278021423,-0.04339982681065446,-0.01906009197468907,0.05278794335871275,-0.01879482748894714
4.446,0.0038343850664364597,-0.01909928549977315,-0.022192127753987687,0.008588616060516056,0.012621396233354596,-0.022068648479023813,-0.010182682454172629,-0.026644422375284308,-0.028709588502700042,-0.013780870231178414,0.055252633602278056,-0.01639482057592893
4.448,0.0010235105861617646,-0.02267032805288345,-0.022960324630070625,0.011271550234400575,0.01208754129237702,-0.02281219085777966,0.00430158561138284,-0.008173374430868671,-0.01699262911014781,-0.018225230774717518,0.05276487467566087,-0.014677996936380815
4.45,-0.004826079221750017,-0.019001024607237356,-0.01389202691801874,0.012156856722610973,0.004703356133300428,-0.01570392202142854,0.004350062587140912,-0.009375689559785507,-0.023743025586789878,-0.03145886702791228,0.046495118148624746,-0.01995379025006467
4.452,-0.006544861979543723,-0.0170287534395918,-0.01053901162883725,0.012496174200403443,0.001595153438598461,-0.013313984869379625,-0.005865864520823609,-0.02662454304809322,-0.03493299714992577,-0.03409576379641744,0.04651440350238096,-0.024560120609356206
4.454,-0.0010867761101766408,-0.01936207274216719,-0.01818088479866385,0.011480016888016045,0.007676708494146867,-0.01878737571418835,-0.008031851039674869,-0.030758719068163017,-0.028960835660953813,-0.017744469894639445,0.05648402366918352,-0.018810373763675874
4.456,0.004025894072042291,-0.020145955478980793,-0.02376962869451279,0.009264676196059491,0.01309843985685667,-0.02205083321995952,0.0041517933252290685,-0.010091507356973686,-0.009868731048802946,-0.00033363145333000887,0.06625477333272221,-0.007965254954090742
4.458,0.0007408745305270196,-0.015238663407842357,-0.015609948772008343,0.008134331944560348,0.007524736740514633,-0.015401467961336924,0.015244641278757328,0.01214450562478709,-0.003385275664198773,-0.0021442496297091485,0.06540161701362751,-0.006400083239903844
4.46,-0.007764018117177164,-0.008657085857996318,-0.0008528744423561016,0.009196428475297632,-0.004145465821583231,-0.00501000681133195,0.009014411759106677,0.00793742947113791,-0.022228691092598913,-0.01889801343427456,0.05748649048994082,-0.017242928179248166
4.462,-0.012034569489855566,-0.0076085662891757595,0.004228027525943619,0.011372481161884595,-0.008723102619590757,-0.002881236310207372,-0.008798511513357333,-0.01816868629863999,-0.047785074007048664,-0.030847496152738744,0.05406289626229854,-0.027487636459533588
4.464,-0.010065117511050974,-0.013463373768462192,-0.003643022814667675,0.013816156611232165,-0.0036785974625811514,-0.010885418451593033,-0.017046617988875773,-0.03409611579940772,-0.05260822117152978,-0.030819132603394746,0.05867385217038995,-0.02536485508491162
4.466,-0.008913116175481033,-0.01947154962210475,-0.010847231428609197,0.016261344656102884,5.674424967989946e-05,-0.017935454980348854,-0.006502848485253414,-0.022153602423745658,-0.034641939264552564,-0.03049524254838129,0.06369804040353663,-0.01584811253722718
4.468,-0.012960545916657459,-0.01853503891608943,-0.005916877768410352,0.01754930281658522,-0.005219731508022753,-0.01438311276401131,0.008267345916815827,-0.0015011121074578583,-0.018522357502580092,-0.04013078588290224,0.06203825061620736,-0.013708741647177733
4.47,-0.017259704019445647,-0.012639606945940959,0.004382177626764385,0.01660281983894576,-0.012607623236881199,-0.005254727314232389,0.008972356853648628,-0.0007320976152873698,-0.02299056769884565,-0.052826637636997874,0.05593744475480872,-0.023551337640517027
4.472,-0.015182174170639247,-0.010256999809560442,0.0049156381777092015,0.014345638441143376,-0.011065609408637043,-0.0031752911731808783,-0.0013530877598740619,-0.018713224526967658,-0.0377006050300058,-0.05486824143331627,0.05183556571263728,-0.03321411197184755
4.474,-0.008643462439521424,-0.013915464847069337,-0.005174576215571785,0.012967537102725784,-0.002203551940129669,-0.01003428165100739,-0.003954516456810786,-0.027328434734537343,-0.03925716915006874,-0.045202932290910054,0.05063467706364078,-0.030066386469232882
4.476,-0.006299595134934895,-0.016308508291250547,-0.010070441780504754,0.013326500792101157,0.0011336226007130597,-0.014009994515953304,0.008451924883851889,-0.010692575927873765,-0.023396974909403092,-0.03598582475637794,0.04792939438247066,-0.01815332466676271
4.478,-0.011645910018273186,-0.010769085401645862,0.0005208314887799622,0.013721414104157555,-0.007348504157852616,-0.006263261332903829,0.022709034769338683,0.013103078481444399,-0.00994234193957025,-0.037009207496490996,0.04177826624523093,-0.012753721828975741
4.48,-0.017607626894424234,-0.0011917757018574896,0.01594162709972945,0.012152396107167654,-0.018200136972197578,0.006192914847187824,0.024167409687425444,0.015824502714107222,-0.015227853754448064,-0.04580819262326199,0.035423084402909054,-0.020716824092959038
4.482,-0.015659893068679966,0.002688477819822733,0.01808338181891289,0.009062200886421007,-0.01833607791367018,0.009513810805664602,0.015347983517017641,-0.002991693876787116,-0.029619451942175187,-0.05167596133839715,0.03331594065418928,-0.03222252582628231
4.484,-0.006896472921195012,-0.0017664392457738872,0.00515727367111441,0.006435812835541961,-0.007676834378763293,0.0013804804375215937,0.011290248136840689,-0.014762738342885082,-0.030408174960675955,-0.04734771985191543,0.037313948878116725,-0.033252027952664916
4.486,-0.0010731977701218941,-0.0070966411566502465,-0.005992580859982918,0.005662803152375644,0.0007993696797712402,-0.006399751718719835,0.01888248192826474,-0.000952669892988454,-0.012828387851370308,-0.03704029777270505,0.04501361298619001,-0.02326943454764123
4.488,-0.005344810914360679,-0.0066137769465421875,-0.0015381536908997085,0.007409135746581659,-0.0031329095499121676,-0.0040752795429364625,0.026796249724216296,0.020653134234275294,0.003292484032212692,-0.031631751833779295,0.050285072688812146,-0.01636882157019185
4.49,-0.016093665712020665,-0.004417916591778078,0.011173760572280549,0.01215560815033469,-0.014322423212403835,0.0024206266620294607,0.021144382925784397,0.021131051010581187,0.0006375915320470949,-0.03554110574876737,0.04881059062785432,-0.022997067002617312
4.492,-0.02386000708229246,-0.009532393029439605,0.013881655210736013,0.01917102739454961,-0.019429902529924294,0.00010519065685943494,0.00694127632015125,0.00190335312647959,-0.012605469336272003,-0.042102680016392315,0.044182296150760615,-0.03541224066118713
4.494,-0.024318652095132905,-0.02047896967347393,0.003540666906888008,0.024715259862207913,-0.014875816979584917,-0.010670388727158368,0.0031635094823557097,-0.007207783835713113,-0.015073706510524466,-0.04354888107341275,0.04414848232782611,-0.0379781032083967
4.496,-0.021061107169726992,-0.023794337593710267,-0.0029985720782140612,0.023770486464963422,-0.01043380788300958,-0.014697224836915204,0.016130960042055414,0.01083357665251036,-0.0014147604452201346,-0.040689114349750505,0.049966838216179435,-0.028537842918475446
4.498,-0.018797789074716093,-0.01060744842014107,0.00788116453084479,0.015232953522699625,-0.014776046783170835,-0.0020828221132594424,0.029791614592046774,0.03726522075006232,0.01112397448400312,-0.03970922045669049,0.054058154903715405,-0.020719490073219667
4.5,-0.017222350373693622,0.011653964130328771,0.02851713616913363,0.0035618220807362433,-0.023943569552829662,0.018904036220593466,0.02749786125372277,0.042255876593803636,0.006826143830443001,-0.04359602277813032,0.04983651055725951,-0.02529577883097986
4.502,-0.013032041954256723,0.02707524344159259,0.03976077283335751,-0.005440561893414551,-0.027156660703049333,0.0317410866225173,0.014088956528081113,0.024350856154989747,-0.006432918769844502,-0.0499307602844793,0.04016234427185035,-0.03693899291425551
4.504,-0.006924576568506883,0.027686220334950645,0.03441613301710006,-0.008708728639054166,-0.02149651775232671,0.02967819423261898,0.009120317066534234,0.012146271543961843,-0.007823260183247254,-0.05484409747188051,0.03295441200945198,-0.0424292269759393
4.506,-0.005624854661877777,0.01949023871768212,0.025109467546127057,-0.005964878172897996,-0.016457757966907755,0.02125651941171876,0.021847347712169396,0.025351048427632968,0.00761991171586811,-0.05709116752590245,0.030400952778400953,-0.038043740795791925
4.508,-0.013737117747012435,0.012455005226821218,0.02619096234393348,0.0012426218331490933,-0.021006013385069258,0.01795555456075093,0.03947872268388989,0.048096858679293246,0.022319464063195838,-0.05773144982758855,0.027711032825383286,-0.03359397922094311
4.51,-0.02569179546256672,0.007604032111756973,0.03314972897545675,0.010105577095162615,-0.030081905902995303,0.01885450654295199,0.04422163054751395,0.05188721178764454,0.021094620421034792,-0.055349589467594475,0.023486646228901616,-0.03721089893778763
4.512,-0.03178475875776793,-0.0013054917864714236,0.03037394529277161,0.01831921015341651,-0.03177815895197009,0.013712559050801112,0.036801772251621574,0.03608576045290665,0.01196123745160586,-0.04520331092536736,0.024282333345767796,-0.04185956378033451
4.514,-0.030102118087120787,-0.0137421698941165,0.01661583068785187,0.024173095681959727,-0.024846146035668537,0.0012431920900815977,0.03273622474614308,0.027737327079931956,0.013279334368565307,-0.027661716925879418,0.034179596596093244,-0.03516594176001745
4.516,-0.026783310057378842,-0.018723662283644762,0.00866511689164569,0.02514467919931412,-0.01996632739857702,-0.005723456168786884,0.03853893111369029,0.04205806653411903,0.026717037204202262,-0.014377899455722326,0.04574401367839427,-0.019391997429378756
4.518,-0.026707136667230142,-0.009676126878025184,0.017595274710942334,0.02034493528012066,-0.02448062214254647,0.0022583941517825053,0.04324324604088674,0.06042004062976089,0.03380143011403141,-0.01867292746043029,0.04778627049682561,-0.011163472291418232
4.52,-0.027684052356645752,0.004630510647332976,0.03249953413954325,0.013156057780989291,-0.03225463144260214,0.016620812485413767,0.03493122952934525,0.05587807087088182,0.0213738800149045,-0.037778173388977834,0.0400304352701623,-0.01974291908962058
4.522,-0.024403304061954668,0.01034883090701155,0.03461111809291389,0.008062937614028808,-0.03178990662420007,0.020977773629160805,0.0189561783116086,0.03164239401649417,0.0028936898391975735,-0.051098328334986245,0.03454418417999219,-0.03369822227160348
4.524,-0.017007601254928402,0.005411492063655387,0.022253595131164514,0.006503487578716107,-0.02219618095953906,0.012566498744296165,0.013424191260490345,0.01912962562459566,0.0037497161818349787,-0.04357560076022483,0.040474957643187696,-0.034850147483391346
4.526,-0.012605718605879848,0.0004307034083762724,0.013026240328191925,0.007145394693665553,-0.015423165911255367,0.005496470889836158,0.02593895972684034,0.03593843273446979,0.026410983248608303,-0.026874259339218245,0.05078409510976476,-0.021685678077812465
4.528,-0.016748432571002846,0.0034654258356397226,0.020318246762518387,0.00851266464032818,-0.020741472203842787,0.010978940479220647,0.041841017415393734,0.061519141352163687,0.04461882628310872,-0.025422223488554743,0.04996071965648538,-0.011411358177197923
4.53,-0.025706996370073988,0.009143447652132729,0.035048671748303395,0.010433821691994437,-0.031884344527425536,0.021448951221887703,0.041993033058888865,0.06539940366228882,0.03843573057240341,-0.04235883507425383,0.0346837136003712,-0.01680618056203679
4.532,-0.030571484839707338,0.00685164759073504,0.03788070192007787,0.013443528321602562,-0.035119688455537576,0.02127812918409213,0.027867964442184423,0.048039836606893316,0.02076003249654499,-0.05532367861457087,0.018867941897182525,-0.029088874097528295
4.534,-0.028844346622654827,-0.003434029804180085,0.026256217034307625,0.017171444750554783,-0.028159188069517328,0.009510572813877582,0.018931294860767844,0.03722399352782994,0.016961919542540466,-0.04873463819891248,0.0154700088992863,-0.031579546934024746
4.536,-0.02744063809020445,-0.009756007199077966,0.01868587218914437,0.019608125919591594,-0.02365259210920175,0.0023157138699049966,0.025757936535349347,0.0483945892529191,0.03015863473305106,-0.032842412134454234,0.021609997443431773,-0.022802817141727032
4.538,-0.031982603944305805,-0.003392142265510367,0.0292382499482415,0.018685088793202815,-0.03132733165439605,0.011266312333014748,0.03598002854097033,0.0640932844482694,0.04079214237660205,-0.02539371456924984,0.025998916825727723,-0.016000744608555162
4.54,-0.03726626716628796,0.009328900503183683,0.04655851790768419,0.014555444216292788,-0.04270235076061158,0.02696094326216819,0.03148976587024054,0.05768002958544024,0.0344359590679521,-0.029844481651549213,0.023739676774165195,-0.020552971630758855
4.542,-0.033694828201097295,0.014340863653157407,0.047469231624571166,0.009752256316866846,-0.04131498103909006,0.03026058080566562,0.01397864784375465,0.030710762479572235,0.01929994313815034,-0.03808713864085691,0.01902142896159296,-0.0312485421347303
4.544,-0.02163426504943909,0.007084391140345226,0.028125306993674003,0.007139325569664298,-0.025873743050987684,0.016604797048512022,0.0041871788794526224,0.014426321403056552,0.01525882123730866,-0.04310239032577631,0.018117880279671303,-0.035290865423428165
4.546,-0.012357977453937392,-0.0021266496123073025,0.009991802081134721,0.007228368438777362,-0.012978033846153742,0.0019838509722291176,0.014546491114049528,0.02906031599668577,0.028385906265322343,-0.04337282791732715,0.023031966688098038,-0.02782954441593543
4.548,-0.01361737598887701,-0.001676977542993569,0.011943097537223881,0.007905142334037446,-0.015152652777341333,0.0026133195876622754,0.03230648256528766,0.054634860096177136,0.041440926829983245,-0.04114174292100504,0.029776510795690676,-0.018357518185748913
4.55,-0.020456736156207436,0.005835187623220212,0.026141761793312047,0.007963173975042438,-0.025289282589443365,0.014200086208897426,0.037040643498799736,0.05769740708073443,0.0365899419731267,-0.038128022409082654,0.03321253552151359,-0.01803116287924302
4.552,-0.0228081981200658,0.007909602306213216,0.030314853611253783,0.008729024191091629,-0.027903381561630136,0.018825844713391417,0.028403860320836378,0.03875726419181298,0.02203364015184691,-0.032670914470664704,0.03414787749437241,-0.023853940100852646
4.554,-0.01815721615616258,0.0006822465764180395,0.018499952331087116,0.01063655150246495,-0.019811331428822642,0.009953290901583395,0.024613017836867937,0.03011972048841652,0.020561515687217116,-0.025005306001937094,0.036844223061688865,-0.024250380446971958
4.556,-0.01359470659336114,-0.0059299746621323726,0.0076396596185870835,0.011828152744407882,-0.01271195699163986,0.0003118647857116266,0.03456960630336612,0.04720308747151418,0.03443114542073564,-0.02207267699805564,0.03955234369402783,-0.017816806555100522
4.558,-0.016204263180279187,-0.003241398044770343,0.013151774190953348,0.011661082617517391,-0.016817725944418167,0.0031399525792640713,0.044957178701069675,0.0657136415804659,0.040753812278116794,-0.02956674720612833,0.03624962882575846,-0.01537703303353214
4.56,-0.023782418327445428,0.004005689798514865,0.028020289438333713,0.011866113435356866,-0.02756761542245643,0.01402721287328626,0.03975745476044103,0.05644334189176006,0.025125217794805317,-0.0419373742752861,0.028482404645731492,-0.0230407690374558
4.562,-0.027159707857439402,0.005154799040756119,0.03260222408607447,0.013036288180284242,-0.03146986509689657,0.017668483499230975,0.022743385229402602,0.0272614937214831,0.0035298119480714546,-0.04767074142932604,0.025680193392349476,-0.03247844084872759
4.564,-0.021806081933237097,-0.0009430103267525831,0.021189862891240568,0.013046208889635393,-0.023576198537925783,0.009405377565980266,0.012261065141055943,0.013810010222641734,0.0009006270174645513,-0.04429819158556182,0.03178866036698865,-0.031985112903087934
4.566,-0.013744175798713941,-0.0042177091432925905,0.009614752058807727,0.009943354929647036,-0.013991547844718115,0.0017422045930994387,0.017358934104906368,0.03160150112668784,0.01727541699863729,-0.04160872907748012,0.03946891947049036,-0.02248405024986829
4.568,-0.011067222725920508,0.002550553768537185,0.01316684520240411,0.004780747831590792,-0.01391007488730479,0.006635448295337276,0.027150510371096278,0.05502625298464638,0.028338383145459743,-0.0468971918580188,0.04028283721432672,-0.016501373887876362
4.57,-0.013395599986476792,0.012748969507212932,0.025272375801254222,0.0012752969513087683,-0.020371755943909803,0.017968063068115478,0.02630382763188164,0.052558468579836023,0.018774976171684003,-0.05305780355159169,0.03597006412453529,-0.020921589330001145
4.572,-0.014279383832135952,0.01409628172192154,0.02762733889898423,0.0021009510863536597,-0.02162294815764545,0.019844890891219286,0.01622256753591582,0.029607026410732446,0.002847581808050008,-0.04787139097088801,0.03592711436938447,-0.027264413928480943
4.574,-0.011016931988694037,0.005879353832244562,0.01669633461196366,0.005117492148767503,-0.01461212427322927,0.009533635571752934,0.01273511859293075,0.01910299828941139,0.003981578765568987,-0.03237421236707554,0.043892510271529864,-0.024306729962431304
4.576,-0.00826743857479266,-4.902329830778934e-05,0.008442360000525883,0.006031503310945827,-0.009563450962257213,0.0014476893171831416,0.022628900588198705,0.03492158146173875,0.02157386916551966,-0.02271057054480014,0.05131928192554562,-0.015265413284644043
4.578,-0.011881388816120773,0.00365899305050079,0.01575851902583802,0.004974066573963529,-0.015590399001317607,0.006662511774323619,0.033070473542753304,0.053483146056376975,0.030972846606066248,-0.030917091241690526,0.04849981938924663,-0.013893344336094382
4.58,-0.01996865375901019,0.009766676751011005,0.029728288578214787,0.0060507980200558914,-0.02674211315098302,0.01736565951022583,0.029187336468765108,0.04583743737778576,0.01618543188353981,-0.048469756105815096,0.03921919544111337,-0.024923471255837167
4.582,-0.023399039059393518,0.007082080237246859,0.03036206904737142,0.01025288039805047,-0.028290335848818446,0.017366270486185033,0.01422126766139457,0.016454234597431536,-0.008835295395233086,-0.05590107897242692,0.03633970175686616,-0.036799372333315775
4.584,-0.017782145846781842,-0.004119318363908858,0.01360951406172388,0.013746133088837036,-0.016457175485370606,0.004014882971508376,0.00518612793189285,-0.001380924845410269,-0.017816485531913173,-0.047655039974008065,0.043677054210336554,-0.036511610618664606
4.586,-0.010852911972341787,-0.013074532907480965,-0.002182662245625633,0.014188264494390724,-0.004809297350470207,-0.008177832405797066,0.010744008629473306,0.011117954249084308,-0.005458709214378679,-0.03893107792753019,0.05085146397121536,-0.026671322585772244
4.588,-0.01239771474773596,-0.013212747553531946,-0.0007674826319840862,0.014030281201850296,-0.006498349267061409,-0.0073329295974882075,0.020225020336863436,0.032922133312327385,0.007108022518544129,-0.044665339029814906,0.048139460301247904,-0.02202847700846298
4.59,-0.01996268001873092,-0.009795093156154339,0.010169056131332538,0.01576477149778616,-0.015984556098461646,6.438863475539166e-06,0.018992581390405522,0.03270981803711274,0.002212704317401285,-0.05883640847192898,0.03966599012266769,-0.028823097094124797
4.592,-0.022362331291078574,-0.011170699632126765,0.01116641020743851,0.01789628009161755,-0.017447750003734743,-0.0005409768627836045,0.0097292363675089,0.012876728097306755,-0.010674186557503577,-0.06298015096750875,0.036759332655069026,-0.03543798974542588
4.594,-0.015767460936959927,-0.016903338807884635,-0.0011267804017961645,0.017468649755874574,-0.007691837150502101,-0.010316396589408567,0.008716558188510378,0.004434154566404665,-0.010617001086150038,-0.05161601960619453,0.0422493897334584,-0.028909482362570554
4.596,-0.00844267026945534,-0.01899000600502582,-0.01040839115911425,0.014347823015657499,0.0001752566809445917,-0.016591510025849014,0.02165676751534996,0.022103954487687302,0.003995933642719083,-0.03783171086934662,0.04836591971399443,-0.0136681501577898
4.598,-0.008519236283809453,-0.013524125294952345,-0.004666818991240709,0.011330888522376337,-0.0038461550420693645,-0.011091360173470942,0.033593889818231526,0.04385313727272913,0.013080186809050957,-0.03378334287467233,0.049053989494581035,-0.005988473032367402
4.6,-0.01277900721506296,-0.0066817709073356095,0.006520765484328034,0.010466323326068087,-0.012412737143977089,-0.0017461713337044256,0.0277840327869607,0.03999524191415101,0.0020475294546651534,-0.03655203270510021,0.047221158145524286,-0.013198543423152524
4.602,-0.01219910748619944,-0.007334007620318651,0.005115269450264465,0.011308580378756547,-0.011378802314859477,-0.0023318485360722227,0.008377687714345989,0.012090295787304032,-0.018867209918097327,-0.03635473794715905,0.04811074488523855,-0.02532606289594558
4.604,-0.005813596914965042,-0.01565186711944107,-0.009867013357658213,0.012815116408256227,7.403446973045278e-05,-0.013794880097449792,-0.003766780824560186,-0.008266388347287539,-0.02772249437569095,-0.032404730390124176,0.051407202303214605,-0.0278107681288285
4.606,-0.002321431582763101,-0.022406685871022375,-0.020229586007814458,0.014432787965201534,0.00799465116628647,-0.022468440488522645,0.0028334099853163258,-0.00040460872348006035,-0.019301004336440195,-0.03533480645831016,0.052853844058015714,-0.019020293692980295
4.608,-0.00747386688277619,-0.020794170011781816,-0.013403083549565598,0.015605308738841911,0.0025515224995265387,-0.018421874651141177,0.01609162994646923,0.017914361316232242,-0.012071087535523613,-0.05195061514307377,0.04975932840458614,-0.012065730579578672
4.61,-0.015571460139464215,-0.015449891370998736,3.671788459114645e-05,0.01632213681272861,-0.008615424370312234,-0.009105541579544171,0.017055899777042312,0.01582307788173599,-0.022069938292194516,-0.07180664904410669,0.04382273238547665,-0.0173501857729282
4.612,-0.01678963163537462,-0.015684697338997963,0.0008327975103438491,0.017231184319277882,-0.010434761161634923,-0.008846107947767776,0.005441157346254174,-0.006594713875477402,-0.038712071177538075,-0.07763652092540493,0.04075054661454582,-0.027658788888833177
4.614,-0.009887990997954108,-0.021814936272140588,-0.012348114787330704,0.017718962625706002,-0.00036751771446605564,-0.01844594164217808,-0.00124227177695107,-0.01891734443188328,-0.039556361797453914,-0.06763623516161324,0.04437948558737655,-0.02780683589739369
4.616,-0.0038473443702017702,-0.023952221359157047,-0.02036781038391775,0.015943364126295132,0.007725560772245533,-0.02324078175498489,0.007305100805487927,-0.003909648279291697,-0.023334217683241214,-0.057853021025795294,0.04936470044458677,-0.016197648965621276
4.618,-0.007009416616718488,-0.0157965057064055,-0.008644891748577022,0.01235806578745514,0.0010855876306138578,-0.012924407835316454,0.020532858585374836,0.01794669233012319,-0.012752053007905354,-0.06257235758186244,0.04513472649016278,-0.007602577564960218
4.62,-0.016149213176279143,-0.0045605991043834344,0.01207075286654073,0.010101532876598398,-0.014199090169037802,0.003125820062794758,0.02220729321669487,0.01608049727320104,-0.023293805471721774,-0.07829765639930018,0.03019758289455361,-0.013183627021852462
4.622,-0.019425612755634602,-0.002566235860835251,0.017335585781470805,0.010529957966786014,-0.019270153738939574,0.006575706001221285,0.012542239741107509,-0.008157345987926942,-0.04180536771363448,-0.08793211039039076,0.01702822584910932,-0.025080806823630123
4.624,-0.0121460184698741,-0.011755943459467868,0.0004911284365864256,0.012076990109864112,-0.007467980773824162,-0.006532302890501334,0.006811881751881335,-0.023146088178603298,-0.04495853940899327,-0.08025815768641137,0.017877149411522245,-0.026706969718362356
4.626,-0.004236015678414265,-0.02175598968967002,-0.01780440897941561,0.013897507343692477,0.005800505163443433,-0.02087887457149987,0.012505369250002408,-0.010776411445169774,-0.03165995704426502,-0.06392835467283313,0.029189922498415222,-0.01549177727597088
4.628,-0.006581170141905464,-0.023156224338927216,-0.016821734293578118,0.016535285221567334,0.004281424177873781,-0.021707223527724254,0.017840245145141303,0.008436019534542412,-0.02389181949388444,-0.05755826371505035,0.03559592570670511,-0.007614444138119057
4.63,-0.015495836875328912,-0.018421082025927668,-0.00281201396777828,0.019092788136297043,-0.006940633802455891,-0.01280988069861556,0.009191462276512569,0.004699313971131736,-0.03537864294175537,-0.06639720420167469,0.028653311387969376,-0.01652765098704196
4.632,-0.019018019144836886,-0.016944595972278702,0.002265579703008191,0.01977763898024384,-0.010786815198826682,-0.009016544822510235,-0.007524145710357904,-0.01821184508260082,-0.05176821941348023,-0.07666446938843839,0.016389274862983423,-0.03323082459990925
4.634,-0.014391429631702564,-0.02187178816755101,-0.007770996031087624,0.0190373252364569,-0.003163551696940795,-0.015383342498847983,-0.013418307990624658,-0.028109532704229008,-0.04962687092379123,-0.07467659795781742,0.012073866159524212,-0.03725577758869699
4.636,-0.009957840566055875,-0.025962982538014535,-0.01684947257380811,0.01835632180684469,0.003308157626932147,-0.021653715821733702,-0.0017718090339504302,-0.00940244526012109,-0.02865588415530808,-0.06356481767034473,0.018077742576230876,-0.023751172273668093
4.638,-0.011478441701639922,-0.021328061257382715,-0.010668741749491874,0.016880497949104265,-0.0012855775375305804,-0.01710575414979193,0.013188387919082814,0.015187844128274793,-0.014080453524099054,-0.057135398128233095,0.02537674366065218,-0.008607930858647443
4.64,-0.013701900250051365,-0.010162140014370356,0.0032908963529022185,0.012465233830510587,-0.009986836835656614,-0.005438081107770337,0.01420575182890884,0.014022281046749869,-0.024532605498715044,-0.061479121481177484,0.02644929343968127,-0.006856432030761165
4.642,-0.007307291858901542,-0.001837944047567904,0.005708157998842474,0.004969028779275413,-0.008067302974418909,-0.0002621699088245911,0.002095511564270802,-0.011779452070686435,-0.04665540267367513,-0.06764705056518723,0.023146953268840493,-0.015081114140531563
4.644,0.006822137754631983,-0.0012447595691885375,-0.007815123491226657,-0.0023279949443343346,0.0060324964834787866,-0.006687304468227129,-0.005970068884365798,-0.029218614964613726,-0.05240551898204239,-0.06436175078902814,0.02130360251519452,-0.01916058988738607
4.646,0.014973743149636043,-0.004355893954284993,-0.01932872668623112,-0.004644825630860862,0.016045697537747348,-0.014017324585004204,0.0006866050002391955,-0.017731960852742337,-0.03696899990972965,-0.054182631062857464,0.022176454060939894,-0.014467454582431618
4.648,0.007558505733596477,-0.005291850741433177,-0.013005884462661182,-0.0005979973824959848,0.009121006838407377,-0.011025530876662932,0.011464076382352455,0.0025648322444767275,-0.024389699571860737,-0.050386690650239346,0.022377885196179465,-0.01073960348118605
4.65,-0.0071537132461544995,-0.005838961796584993,0.001118845417302827,0.006681558128713182,-0.005410740857615563,-0.003536559585660382,0.0095640575053074,-0.00033758380685591733,-0.03316070113154301,-0.058514734721129155,0.020625438599517116,-0.01567962252143616
4.652,-0.013852981045299086,-0.013332335700447864,0.00023473224786315695,0.013913423701640427,-0.008337134694824454,-0.007054200819167526,-0.0027626087857903036,-0.024336966692918096,-0.05070503660803683,-0.0690476849368125,0.020962664735033,-0.022222834487468583
4.654,-0.009299604021204826,-0.027234646696539546,-0.018302727920198613,0.01941858493905637,0.003140889714827621,-0.023067304815705018,-0.007201877151737998,-0.03703400647261895,-0.05248762035227517,-0.07087526044542147,0.02737145696928244,-0.019147134969576995
4.656,-0.0038248962857384645,-0.035533074785188,-0.031960120113823105,0.021672532638902533,0.012349070335671114,-0.03436757099847519,0.002959067216370387,-0.022576032466599973,-0.036923077444135914,-0.06553705768941488,0.036946390577836975,-0.008153244577402533
4.658,-0.006204852827237114,-0.029154433260556466,-0.02295213298014954,0.0199044548296314,0.006153411558010716,-0.026997473938761528,0.012864197900072101,-0.002492322079457627,-0.026302462588745423,-0.06315635622209881,0.04230991147479389,-0.0011777860741623491
4.66,-0.0126401734274406,-0.014615378880429252,-0.001844848366958644,0.015507476482176095,-0.007723108493537483,-0.008957250568769073,0.007535765957279839,-0.004231386565115311,-0.03520763898946367,-0.06772022304293396,0.040908430352058794,-0.0033704364879290996
4.662,-0.013045513108155824,-0.006710863528622362,0.00640589312564672,0.011043210882708607,-0.011577844097571373,-0.0005458096536876838,-0.007468109497226997,-0.024392914093341787,-0.05175552193712652,-0.07317841514554167,0.03740466328194155,-0.007065925001695275
4.664,-0.0050346487839801595,-0.01042129730741561,-0.005420519443534264,0.008080227388098266,-0.0012013081301651028,-0.00877705187759685,-0.013757147312156534,-0.03480056354001322,-0.054797375578609905,-0.07400364793077813,0.03595838279032745,-0.003883092722302031
4.666,0.002519374372496294,-0.016960373073573756,-0.01953469147975003,0.007263492579316927,0.009634126840585532,-0.020262268209262937,-0.004965119161433918,-0.021098269026862654,-0.042044566767849054,-0.07289519011910835,0.034831349752056255,0.002581766229653748
4.668,0.00019201505764949013,-0.01858765056676044,-0.018787812528306184,0.00971184652555389,0.008104587812291654,-0.021336019520703832,0.004268781154301867,-0.002857008268966757,-0.03269994375795178,-0.07509705893613604,0.03081057266554466,0.0008853179736687466
4.67,-0.01069021210070086,-0.019591496890169417,-0.008875342608679553,0.01617075121791414,-0.0019769952907008753,-0.016327868891150003,-0.0013920810642257461,-0.007047501390877548,-0.04116178212484506,-0.07909685535841425,0.025786720680347913,-0.011609311796658939
4.672,-0.020084634261111813,-0.02771238935307453,-0.007610920063193121,0.024633649500169587,-0.007321966995576663,-0.01893098032769235,-0.01565536155172157,-0.029671763366986702,-0.05683369446407852,-0.07793403291396049,0.02564477550177249,-0.02236016231724906
4.674,-0.02080909296164541,-0.03952876383640091,-0.018703828376226833,0.03007713079271849,-0.0028036677581339997,-0.03045255484680689,-0.019044364761806477,-0.04017224625315837,-0.058563743650005544,-0.06924703747801766,0.032682665275220464,-0.018613263104347317
4.676,-0.015817932668673707,-0.04266622648158205,-0.026729070767319566,0.028776965921396228,0.003250512378678519,-0.03668689577808447,-0.006649552662314387,-0.02359753669332363,-0.04419045903455875,-0.059707388533829786,0.040991234011855844,-0.004278663512815077
4.678,-0.01338655063272276,-0.03264337714467638,-0.018953795927864687,0.02310661553668357,0.0011116682321140377,-0.02789657166072547,0.0046348149366231784,-0.0020383619131806702,-0.034142160422575465,-0.0575913056336394,0.04190478856705887,0.004378188731163686
4.68,-0.015231577707668082,-0.019568591844612113,-0.004018356406488933,0.01870437001421162,-0.006310831631113348,-0.013298518001144344,-0.001063010387138377,-0.005656339670268911,-0.0434253411276667,-0.06249207922550441,0.034978612364138975,-0.00096308326943172
4.682,-0.014113601081283032,-0.015120139253456023,-0.0009212320646360765,0.017143439738725154,-0.006912747900760349,-0.00907114718078091,-0.017598013065998373,-0.0316104487422926,-0.059882297871088175,-0.06579291222304098,0.029580825909393527,-0.010423675356914058
4.684,-0.00577081583172704,-0.01885521457772262,-0.013075028374752063,0.015362610581170548,0.003210509534320764,-0.017181102662855698,-0.024849292199398552,-0.0461945933337736,-0.05939523657390974,-0.061872750624346474,0.03292927776516502,-0.009020760089336399
4.686,0.0032641092385587156,-0.021320117819116025,-0.024238202849042108,0.011541765885306969,0.013403570374081998,-0.024367107417956026,-0.014688194078230873,-0.0293094537301545,-0.038961764415537996,-0.05440347214133409,0.040556448110770825,0.003646667199801182
4.688,0.0048159550073027,-0.016859220302062366,-0.021035251017582867,0.007249413298630627,0.012730916046357862,-0.020588127198080366,-0.0013775995144066774,-0.002279196316819936,-0.02243132894187201,-0.04950580107890122,0.04273767721142799,0.012895057033540165
4.69,0.0010633942192454727,-0.009879085068182056,-0.010519556896587417,0.004421706590299808,0.005026899529601032,-0.01172570389735083,-0.0015109755263958975,0.0015005065927066212,-0.028429725895915765,-0.047275489844550024,0.038287621557890755,0.009011141070686526
4.692,0.0005147802152408054,-0.009368418177903341,-0.009934124588076666,0.004080981929217375,0.0034420336203860764,-0.011243155711585339,-0.01051999520299607,-0.017019690090267162,-0.04469189910816825,-0.045021297772171044,0.035828236835901466,-0.00017796987749933694
4.694,0.00463420093410259,-0.018007575833932588,-0.022894939210484043,0.007000490069975838,0.011833751328310308,-0.02210143851234292,-0.010157757104120797,-0.025807978830409112,-0.04632142563279592,-0.044941125504617076,0.040952453670667285,-0.00206238676299622
4.696,0.005293508628353679,-0.027915648365727696,-0.03331285005182512,0.012622131741393806,0.018529736080253125,-0.03199274963210989,0.00404998289984213,-0.007869000056552264,-0.03074957779345945,-0.05115361367129464,0.04871463282267793,0.003630958992937132
4.698,-0.003550187668931025,-0.029574081949333322,-0.025939005143330054,0.018194919263710977,0.01170679327810936,-0.02862981433802363,0.015038707807322802,0.014692185300192338,-0.0200172181718585,-0.06141381193040185,0.050722346666153176,0.006964560438651407
4.7,-0.015464414890430968,-0.023405196090151407,-0.007843542602434118,0.020551972085302378,-0.003053960249769966,-0.016168654604832362,0.006566079879179525,0.009931006337620549,-0.029310362104586894,-0.06775216917875601,0.04558928132943827,0.0021023239367130913
4.702,-0.017703777010674753,-0.018464009573072142,-0.0007595837390608519,0.018742466434575236,-0.008308031511721457,-0.010322931534431722,-0.014507776671174824,-0.01993631066304084,-0.0460199979787906,-0.0650730057760799,0.03966159436303124,-0.005274818674074243
4.704,-0.007582798973805536,-0.020160997783483424,-0.012630782355582675,0.014689370729654032,0.002101451801137362,-0.017646863536586906,-0.025426098718451386,-0.039509287548742444,-0.04759264456062134,-0.05674680948153236,0.038241772961376305,-0.005309910505642378
4.706,0.003700295560197679,-0.023530718006081634,-0.02725649309813541,0.011166957335648754,0.014799785191379571,-0.02721425194390059,-0.01602533971309985,-0.027009052142868428,-0.032409616540569876,-0.05165259207559309,0.0390923761277031,0.0025288225085442
4.708,0.005321133612698337,-0.020922207672632982,-0.026226841049031648,0.009428597559671672,0.015063100516024896,-0.02585520080497394,-0.0026357050224114975,-0.0036447163332508107,-0.02189993501787079,-0.056101237586862376,0.03599617603539604,0.007115019212894248
4.71,-0.00015449963032739905,-0.013441425082740655,-0.013243207382750536,0.008601128772866683,0.005838152153863974,-0.015861390648153464,-0.006645903876447333,-0.003586330107690778,-0.031108928300571242,-0.06656900956354603,0.02754036344106837,0.0006930875267329241
4.712,-0.0012864891346057038,-0.00966833189871761,-0.008227188753925613,0.006902500625512682,0.0026171930936548867,-0.01114145471481714,-0.02440354602392178,-0.025668534494248715,-0.046583398544620375,-0.07092957937643868,0.02033991242817552,-0.008358193266033015
4.714,0.006255955484087928,-0.01343018408060889,-0.019238620466001208,0.004063444019568447,0.011732218315826609,-0.01750344712169056,-0.032344627946863325,-0.036446580054704386,-0.04399157818591711,-0.06182625336233245,0.02159910339748012,-0.006721885338996862
4.716,0.012950559942231649,-0.018468329960096164,-0.03067498578575638,0.0024250334750069774,0.020838641356960504,-0.024766250909950684,-0.020717840731424894,-0.018737115300433975,-0.023222420090870007,-0.047802197881609894,0.02917661937695957,0.00411519363850967
4.718,0.008003391072997006,-0.017687441912323087,-0.02500948977533301,0.004417683382519188,0.01545326751788905,-0.021707974057967993,-0.006476057356882698,0.004992559147195271,-0.010689097164191598,-0.04462709353915678,0.03307910784484292,0.009897815131205166
4.72,-0.004910103212221732,-0.013251715598603872,-0.008106878103522699,0.009033840189001668,9.608311719590796e-05,-0.01216621857048081,-0.008766631255641226,0.0042191974693557375,-0.02362675300001922,-0.05526494759951223,0.028411053889253402,0.003316992739693425
4.722,-0.011519783323802048,-0.012531526020448602,-0.001182632852260018,0.012292455405854212,-0.006971375886578479,-0.009082869862036564,-0.02379887896396976,-0.01888104792452903,-0.045669432721850305,-0.06535914196724125,0.021642569430899376,-0.006431304130940409
4.724,-0.006381813291505953,-0.017318750446228222,-0.011148328546522732,0.012366630036230123,0.0008823005738899257,-0.016315742593351078,-0.0323690726587051,-0.03381110040110052,-0.0487820483179231,-0.06230115912357689,0.020308679340946965,-0.006056868214666333
4.726,0.00031493624656000856,-0.022373540556039635,-0.022707015437413613,0.012016512641583696,0.01049064287969517,-0.02438712553315994,-0.0259446119271511,-0.023234319301290995,-0.03116539786376767,-0.05231481339605824,0.022468505103770815,0.0038136935025852334
4.728,-0.0010192678903072655,-0.02265682855806828,-0.02153440806597896,0.013354863031554958,0.009141369756390112,-0.02401239317820175,-0.016002928592792454,-0.004979942522520747,-0.017713014052246488,-0.050240883695800334,0.022263817394205795,0.009546937989720946
4.73,-0.005293840490281196,-0.01914708103751513,-0.013771639939515483,0.013855362025245118,0.0024089633065871134,-0.01826410955083877,-0.01678419603937383,-0.005592750029736794,-0.023824840715465125,-0.056221494647401324,0.021130546341411635,0.0039953566828995896
4.732,-0.001767020301989195,-0.017220544757267982,-0.015349466573401105,0.010744390378660044,0.00447819882242831,-0.017526502503701913,-0.025089108625017804,-0.022217412060668938,-0.03485879250345811,-0.05436688965010815,0.026187799423683954,-0.0031765441435233394
4.734,0.009056715124562674,-0.019153472436831197,-0.0279281936939429,0.005883629439538574,0.016508892209638915,-0.024113756879858395,-0.025093051338893373,-0.026807646048211137,-0.02887399530734092,-0.0367438842713688,0.038522158737677795,0.0002343809531953671
4.736,0.015188352668466753,-0.020616337338809444,-0.03538892354375125,0.003615977494082483,0.023895321000385786,-0.02835675990635893,-0.012047172994134556,-0.007041657702011838,-0.009286128778801523,-0.019314145389187725,0.049089481654358016,0.011089805237852494
4.738,0.008892045164914772,-0.01705998041684342,-0.02567498755874796,0.00542123494483421,0.016053523660071435,-0.02228183821618933,-0.00044356101063575386,0.014046092125117053,-0.0026467458855656653,-0.02548871830597348,0.048558277664699584,0.015168323152141493
4.74,-0.0029421782722685898,-0.01151685709959442,-0.008586358727171412,0.008759414897878983,0.0016144434199738252,-0.01185220687536307,-0.004904775364794838,0.007481442737111812,-0.023799154607234387,-0.05532873415408486,0.03798526921051362,0.006718869398686482
4.742,-0.007594662003103379,-0.011580279856774955,-0.004136461011411295,0.01079732210857436,-0.0026464673409630785,-0.009926199262164198,-0.020370454228140832,-0.021655653400632868,-0.053565169088054934,-0.08149097799913631,0.027123576455737253,-0.0035995102021902313
4.744,-0.0025494628257756637,-0.01842210082238747,-0.015945899602690185,0.01132682874340927,0.005914670902124534,-0.018665910375043383,-0.02823177009229624,-0.03840285939677231,-0.0606113800779694,-0.0805352153007762,0.023743553491726924,-0.00249777018811842
4.746,0.002820178781109097,-0.02392043925188595,-0.026696532259950043,0.011475947578223103,0.013656553471134869,-0.025956253920161567,-0.020996729256977955,-0.024012762731911587,-0.040981647740797426,-0.059496062050951544,0.02587722933793909,0.008331676854879424
4.748,0.0011090864723697727,-0.021169626123027162,-0.022217788443966296,0.011214731589383898,0.010404755345972514,-0.021772114216109858,-0.011999559440262248,-0.0011818618621758934,-0.02187759245879954,-0.0430464540087369,0.025062848876567408,0.014160027387057194
4.75,-0.003472979028737611,-0.014142750912012399,-0.010642403413087023,0.009950181177907571,0.0027094956294342566,-0.012245843124893067,-0.015431869110487675,-0.0014242137077625314,-0.024037883787384084,-0.04100704647644498,0.018103611444090388,0.007323783850376724
4.752,-0.0017885615901267287,-0.012359322357138243,-0.010448009297336268,0.008102692971757943,0.003795708028099366,-0.011280584396638031,-0.025945564354785955,-0.02077473208159451,-0.035554115478946595,-0.041914109659107336,0.011932598686218016,-0.0023494208143622504
4.754,0.007300731727407331,-0.017405947812695825,-0.024265475356326185,0.006305281723519865,0.01507841967620004,-0.02094200744171872,-0.02752697585577096,-0.027285245943688724,-0.033052289977598556,-0.03668578199961894,0.013048715574493788,-0.0019688522539850883
4.756,0.014083937533481585,-0.02067116715029397,-0.03399682610282639,0.004997987412040833,0.022942416419381682,-0.02782957816797936,-0.016023136384540847,-0.007649879276573828,-0.01706321401485468,-0.03246374684022109,0.017583905684528712,0.0069628838809540124
4.758,0.009875627007715734,-0.015283253508481535,-0.02446723191015655,0.004664729753351185,0.01589571017385052,-0.020668469313122613,-0.0038750524357923145,0.013938986385914879,-0.010481674194385178,-0.037626583873274735,0.018029467561181182,0.012261821000281892
4.76,-0.00023665086937105548,-0.005594473372229012,-0.005104070548793451,0.004667366829801633,0.0013650216833635338,-0.006227884862705777,-0.004037165886287445,0.00889889834311537,-0.02515572003747934,-0.04588816056388209,0.014739692235399624,0.007736215775628441
4.762,-0.0030468899945201426,-0.0019753388353886494,0.0010468977401405606,0.0037908393281977978,-0.0027579170865044173,-0.0015584611873417698,-0.01426779791534643,-0.017709527813881822,-0.0451028534831554,-0.04620571226848983,0.01341273110909031,-0.00044863629501855774
4.764,0.004606517997717429,-0.007650900996580449,-0.012011833166098055,0.0025918346427704878,0.007502675303510396,-0.01134862021457671,-0.02090325321190072,-0.034338405216433956,-0.04798401365877457,-0.04096597577911286,0.014550763908349576,-0.0034862328527312863
4.766,0.011411935252650666,-0.0147570436869203,-0.025434502598668685,0.0030552578373372187,0.016885705476566946,-0.02160473293972184,-0.01742341138501394,-0.024088012710907634,-0.034217699653850756,-0.042035393598922506,0.012842731392594425,-0.0010744797382895202
4.768,0.007583636452275599,-0.015279411690363232,-0.022079362009866984,0.00565320861207521,0.01268112171765223,-0.019461451067861856,-0.012756597576950121,-0.005713206006207631,-0.02505561752336071,-0.052500395874500956,0.00672828888169745,-0.0003140259846611261
4.77,-0.0014156621008249287,-0.012127666345444233,-0.010422967685562863,0.00838323818555323,0.0025405631823963654,-0.011478684715902052,-0.017385174833657976,-0.006511079873655168,-0.03277356495179929,-0.06276557125604852,0.0025660488504852686,-0.004751182218817096
4.772,-0.0028332638087648597,-0.014448661000246237,-0.011793723346627809,0.009394142897289426,0.003052666964584751,-0.013809356383340595,-0.02704680915827907,-0.02365347779929023,-0.0440400065056793,-0.06357829663590768,0.006689617441277658,-0.008159963380461406
4.774,0.0053463467125041035,-0.022900759081823423,-0.028370693786803427,0.008779987866220473,0.015597698476589442,-0.0273093779557238,-0.02797518884889005,-0.029058437031432044,-0.039570660645472516,-0.05559299101166474,0.016727172505409605,-0.0023574511383012194
4.776,0.011592340956116071,-0.026237026312550576,-0.03752525622963346,0.007193676229295504,0.02334724826016379,-0.033636582195295174,-0.01676854164666305,-0.010886265751700819,-0.022007003893916143,-0.046479125676673734,0.023518919824608575,0.010283062389041878
4.778,0.006680205958797217,-0.0160521121498687,-0.022185118370655874,0.0048093154987095986,0.013571676301839178,-0.020018980021657765,-0.006671610776762072,0.008368789193358239,-0.013432551696500249,-0.04335956768828531,0.021106544601216345,0.017259401415725198
4.78,-0.0034393917183428192,0.0001840469084568739,0.003973417687253824,0.0021500906184406896,-0.00432877257268691,0.0014949916585531606,-0.010198355324796564,0.0027172468836109943,-0.02555852212342054,-0.04664991170655352,0.013820822713809609,0.011542051896808866
4.782,-0.005712795244374484,0.006633755874334171,0.012441306797281294,0.0007701830789105808,-0.00994177438528585,0.008154509325201143,-0.021595453437054744,-0.020865777125094388,-0.04270039478912097,-0.04909890077542721,0.011291922971324395,0.0017573078564125275
4.784,0.0019251495613385077,-0.0023418109106050815,-0.004009111852417133,0.002345400304242954,0.001850832635738247,-0.005293114000092089,-0.024442339163062883,-0.031046663539940077,-0.04226844447131935,-0.04484433518706177,0.016339799143565092,0.0007069437513713381
4.786,0.008152196344827065,-0.01609326940699492,-0.023567073100153935,0.006435667772880619,0.015059493241605298,-0.021592694043744285,-0.014294752258561074,-0.014398684941890538,-0.025433709592296315,-0.03934383945134449,0.02163524196525029,0.0076751616329539425
4.788,0.004627558071821274,-0.02097793218084146,-0.024833256773189136,0.00987418348624632,0.014655781198409533,-0.023651937880787555,-0.005201815024709017,0.006066666963123658,-0.015432284918159333,-0.04267147638790753,0.019329426323692087,0.009755306957572154
4.79,-0.002807137135370223,-0.016378992742509185,-0.013137240778521285,0.010230370885278627,0.005605353479191043,-0.014952689297488905,-0.010867822294063297,0.002456569922399159,-0.025762502851691297,-0.05326741124728221,0.01097827707984581,0.00026122247867131794
4.792,-0.003742997419332423,-0.013417441355451957,-0.009522404917309341,0.009280575571001946,0.0033330687571817,-0.012152864783900442,-0.025365674893482376,-0.018998053582531694,-0.04163379445366078,-0.05851352744675477,0.005332578788939752,-0.01138236690750489
4.794,0.001704170353706214,-0.01842146550690687,-0.01995383211343424,0.01042516459923968,0.010829764471224815,-0.020774645121519397,-0.030463555068356137,-0.02717020856627092,-0.040563335718593184,-0.05258024881449041,0.006721154766689762,-0.012495067406681888
4.796,0.0040365231983458824,-0.023961524972714376,-0.02777741766199794,0.013266645024256379,0.015042008948919898,-0.027602892520309053,-0.020350799359140213,-0.01019809705834163,-0.02370015600503543,-0.04397067675331781,0.01001867193787486,-0.004647114344742227
4.798,-0.00183582076939147,-0.019910329416114692,-0.017983361301316017,0.013925756479195486,0.006091711031870339,-0.02000718853559948,-0.009742455098385783,0.008252165283168179,-0.014094865710832679,-0.04237143120826569,0.00910088327441703,-0.0010056436228869745
4.8,-0.00919458306213741,-0.008324291982601829,0.0008215511591240901,0.010275572146632082,-0.00773141275038134,-0.00459088550274216,-0.014298825819591618,0.0016966931134362383,-0.025265920622846844,-0.04543660518267335,0.005177712885984637,-0.007922861631975083
4.802,-0.007589377685521984,-0.0009782699132678207,0.006651873593765353,0.0044739114214240325,-0.009563310794070808,0.0011151512144416393,-0.02921859292935479,-0.02285604734502465,-0.04349048067302137,-0.0434793216668507,0.003481365722525765,-0.016357143501474384
4.804,0.002750689591281691,-0.004346421366203173,-0.006777457465227006,0.0009474152604817128,0.003517006202022853,-0.008211389403564346,-0.03470031910458201,-0.03354022656086376,-0.04626288957927132,-0.03387975344880515,0.0047275142231706655,-0.014228116589001928
4.806,0.009650539803885421,-0.012720337879518555,-0.021902696793220214,0.0023292646606256615,0.015536576538163897,-0.01978784096224649,-0.022649559260543767,-0.015949202903090817,-0.031811211111545654,-0.026582987612881713,0.002391352652098831,-0.003263552738753857
4.808,0.0052284790619422615,-0.01675361967050774,-0.021678250002015197,0.0066131716699091795,0.01295620022545732,-0.02085525371040449,-0.008930153499200118,0.006858928809819653,-0.0215720931877455,-0.033243417104321486,-0.009690760742020304,0.0020088549258141567
4.81,-0.002882363736205875,-0.015306148071962192,-0.012330274880444863,0.009278326841483279,0.0031299216913668855,-0.015026410498742837,-0.011958549798249406,0.004871107857917148,-0.03098083277770694,-0.05069537938448013,-0.026395468056300515,-0.006289325646001994
4.812,-0.0026199616386752174,-0.015253324278936555,-0.012471922076019352,0.008680808360741114,0.002771864177643797,-0.015125538180581547,-0.026738207316578468,-0.01773476825840935,-0.0469936772092842,-0.06118862219908543,-0.03410173079878264,-0.01745087203081815
4.814,0.004494665308913123,-0.020589123003857533,-0.024727435178776274,0.008187000646024397,0.012764468050626537,-0.02388187009912495,-0.032587677266959984,-0.0289234680276808,-0.046310329099868715,-0.05416663262149737,-0.028044199697702003,-0.016782848627418273
4.816,0.005064921780410879,-0.026191466186026274,-0.030945160550778568,0.01148413599966246,0.016623058092860826,-0.02940500479275832,-0.022305149597883843,-0.01397401155762412,-0.029782886578412857,-0.04125959471709741,-0.01915952456508981,-0.006049531580662369
4.818,-0.005833464725750005,-0.024178202523095858,-0.018307771055687556,0.016160984110108842,0.0052561685357384435,-0.021511174069659623,-0.010489374777011364,0.004712495237081918,-0.02219461386402787,-0.041233366879596285,-0.018877222537955995,8.449722833128967e-05
4.82,-0.015705686459589568,-0.014489568517399649,0.0010702398572534578,0.01570877348573168,-0.00878585759963876,-0.006614763238695788,-0.01262718042946499,-0.0005499516233193607,-0.03710220399673652,-0.05384581880133304,-0.02494459507487143,-0.005112696144996911
4.822,-0.011328430815820315,-0.005293242542541113,0.005937900435769764,0.008498407879613654,-0.008521546097086474,0.00020129912976497047,-0.02474574680998211,-0.023859621975969452,-0.05671561843616194,-0.05966579532518915,-0.027933005752582698,-0.011492445908952402
4.824,0.002902349113562845,-0.0028127906068022733,-0.005685237710355719,0.0007679676224995612,0.004215987575193819,-0.005033565788591406,-0.028835045993257317,-0.032979663628247405,-0.055550646382562505,-0.04851767034260535,-0.02588890992434178,-0.00659658661656061
4.826,0.010613730761562197,-0.004880928575329289,-0.01542741724215122,-0.0007040903658937775,0.011952228476223301,-0.011355631891106019,-0.017009027751264318,-0.013620211044570833,-0.035225161449424794,-0.03582791497900127,-0.026092177962939257,0.005710818680868727
4.828,0.004934911635557921,-0.005519214822824938,-0.010437946228327099,0.00334910160883683,0.005634009275896796,-0.009007194785488663,-0.0029650330434828607,0.010163208366040965,-0.02153132212925539,-0.0393273805482915,-0.032621417608867165,0.009715985523276209
4.83,-0.0035990236349929786,-0.003979213481109067,-0.00038706647769426027,0.006695806911220469,-0.003742773275627868,-0.002907582911521772,-0.003555445043328561,0.009013794691380228,-0.028551156303345343,-0.05058461589118806,-0.037496121980333794,0.0008183840495927902
4.832,-0.002397958755305687,-0.005970714333791682,-0.0034640307006507933,0.0062555939446859,-0.000952823260511225,-0.005356300636444168,-0.015230443633536359,-0.011459160901361579,-0.041564522104990474,-0.047935289795264756,-0.030224883738506483,-0.00749073425416731
4.834,0.0069477132840185946,-0.014160443051663559,-0.02077582070929641,0.00475368980504366,0.012816264778599647,-0.018103667908722712,-0.019351385509244912,-0.0199362627232496,-0.04051328074710394,-0.030504979457144824,-0.014186290561269983,-0.0035973213753411133
4.836,0.01185908779899069,-0.02239037079996454,-0.03381218346716924,0.0059544748107899685,0.021491205727846043,-0.028777989780958715,-0.008630203027122783,-0.0033888307140447537,-0.027299551595717144,-0.01996919648514565,-0.005307621325704123,0.006232005659924255
4.838,0.0056549103574009855,-0.023362077609272194,-0.028735183597746683,0.009968676082069436,0.01516859680402246,-0.026811925045410995,0.0027569110912699602,0.01506112477020698,-0.02126155598113348,-0.03014095341205692,-0.013310642172565884,0.007645753415129363
4.84,-0.003395809886425244,-0.018133260876598122,-0.014615808464115147,0.012919135761418362,0.003398200128234528,-0.017198779887840042,-0.0010650253693479381,0.007644654430112601,-0.03298853229407531,-0.04961754279628706,-0.030432993688609602,-0.00270345018783184
4.842,-0.0030959495795502678,-0.01342707146296325,-0.010023380083854236,0.011116925830920455,0.0021358197368491283,-0.012814777701871748,-0.015400543624498202,-0.019213588905037948,-0.050232940929180334,-0.057376018875180346,-0.041071965233368854,-0.012871198388490511
4.844,0.0063570664052407045,-0.012030688244335496,-0.017700186916625366,0.005345315733363229,0.012064373323205374,-0.016514976231856174,-0.020996967636000282,-0.03214294533317144,-0.05301946595098959,-0.047447834888354384,-0.038866335986372215,-0.010022830721762927
4.846,0.013176027793452696,-0.01100844555666623,-0.023456999158974864,0.00025583628593095053,0.018781091387145853,-0.01919004905818578,-0.01065277611247146,-0.015733925402349816,-0.039527189307147104,-0.03364281185489748,-0.031409509245917705,0.003028589188830963
4.848,0.01009572269131007,-0.008379834280444016,-0.01816621840352775,-0.0004464379917305418,0.013517977923066691,-0.014898497584232484,0.000552679714711637,0.0066208465418449765,-0.028371326262278052,-0.031116676959312407,-0.029165441047071698,0.010681700777302698
4.85,0.003169050814837303,-0.007236619933016882,-0.010444877515038966,0.0026992381260110996,0.004844918485212083,-0.009895406047660813,-0.0033918237844857164,0.00528699419429559,-0.032443096384816614,-0.03746108103225779,-0.03336144223922339,0.0052132330350639945
4.852,0.0018084584577466737,-0.011997359662701894,-0.013718204480064035,0.006783074453263217,0.005775837051173703,-0.013667014330216467,-0.016695519164625184,-0.014952232646043275,-0.04126687876041366,-0.038409801422748906,-0.03804286175010488,-0.0036748108447005297
4.854,0.005700817704793979,-0.021293745999450938,-0.02660426749476509,0.009837863839220258,0.015213536139690715,-0.02497102928326102,-0.020323211619586203,-0.023176614205260064,-0.038236688225887966,-0.03065106147896053,-0.04102944187146039,-0.004033121183404011
4.856,0.006519864396465635,-0.026863150144740198,-0.03301541135723079,0.011313557471290321,0.019270521623522312,-0.03144919356085105,-0.009053486589010314,-0.006553464518803826,-0.026357394895843746,-0.027072150676903297,-0.04602653569221461,0.002001409883451199
4.858,0.0003453057277180401,-0.022053119714666444,-0.022352674111083288,0.010793516279054213,0.010185779949053321,-0.0240499373730578,0.0010961712645385204,0.011929398107532681,-0.02416395028312986,-0.03635096901130445,-0.054075815183322745,0.002814016096228916
4.86,-0.006604673854446546,-0.010639370281200138,-0.004206994174701663,0.008179622310801719,-0.0028036735033502447,-0.008967061947877868,-0.005330155910128721,0.005440719361840645,-0.03859595545039734,-0.04855811447002369,-0.05946677045441439,-0.005971649392285606
4.862,-0.007022654388678476,-0.004152355237466392,0.002755600840899265,0.0057288998923632345,-0.005765810704415956,-0.0015030688680772214,-0.022555404619665955,-0.020005049927427576,-0.05400203509617472,-0.047968846651420045,-0.05672635101646441,-0.015342504211727618
4.864,-0.002769961853312444,-0.00882861444462615,-0.006022667433258551,0.006845499936046253,0.0018658229939246824,-0.007930486390559,-0.031519446924418965,-0.03397481936061682,-0.0525826127756049,-0.03413018390905875,-0.04829265665827955,-0.01473535970411842
4.866,-0.0012591647296962118,-0.01780614924780927,-0.016467342316398247,0.011152054377607093,0.008197471671592496,-0.01813628999613521,-0.024384705294007474,-0.022133884777683074,-0.03789567743374397,-0.022409328652139397,-0.04225033576650168,-0.005795331604840729
4.868,-0.004906243741605209,-0.020038399823968777,-0.015113372577410576,0.014304059899529743,0.005226767976553288,-0.019326178439723406,-0.013266689969677586,-0.003899046141208759,-0.030029314182302716,-0.0247219657929244,-0.04316183315472136,-0.00021245365351447835
4.87,-0.008469550821672039,-0.014665773640736504,-0.006230561733797561,0.013670874961527935,-0.001722188708360021,-0.012474186670967181,-0.012855432842643984,-0.004514697305333125,-0.03876102909822066,-0.03623320388582683,-0.04727060441940281,-0.004324690435620402
4.872,-0.006567439295471409,-0.010973270121272902,-0.00443247999616796,0.011270143444568708,-0.0023564354404693793,-0.009156501105030754,-0.020617992269253545,-0.020131638655817328,-0.050340370614901424,-0.043643026793103945,-0.04768720688576941,-0.010642163957571378
4.874,-0.0012164617849471867,-0.014568484098399967,-0.01334603036785762,0.010382608633828484,0.004323880003950368,-0.014371267838990665,-0.02175537490554011,-0.024960412449477047,-0.047216540407320345,-0.04252041376241188,-0.043796610470300375,-0.008730369997717792
4.876,0.00048146777923756853,-0.01959380302419723,-0.02005787257199513,0.01118983360095703,0.008582411998046574,-0.019746709347347305,-0.011332876660075451,-0.009796160634919891,-0.03360977931404809,-0.041437811431608976,-0.04338882528762102,-0.0002800150975239873
4.878,-0.004379998271953488,-0.017716885278717502,-0.01333184661029052,0.011369700852445193,0.003256457782228321,-0.015947817594094225,-0.0019099482157700519,0.004088176308493911,-0.029665062873188878,-0.048470747329853285,-0.0529625440412472,0.003166770081788763
4.88,-0.009885431990989303,-0.01049669841479697,-0.0005964129545084794,0.009690367923223158,-0.005320458193769298,-0.006599558327279163,-0.006318200411570769,-0.004726564967482507,-0.04255710040379857,-0.05787198782702508,-0.06712564181776733,-0.003891844849188244
4.882,-0.007970087473464536,-0.007259108248519442,0.0008361599097191837,0.0072567300384636085,-0.004617727730155121,-0.003995820481243245,-0.019831302266102163,-0.026988244224355914,-0.05598954064123606,-0.0552495149902827,-0.07203717547884572,-0.012977524656052272
4.884,0.00045312090708352564,-0.012292402497312034,-0.01241716772412175,0.006354286260301299,0.006359370064382312,-0.012279218166357613,-0.02638393477962071,-0.03506933799573917,-0.05232312269372599,-0.03619895235813511,-0.06072895315922442,-0.012338339008846016
4.886,0.0049908528935246445,-0.019087120093235616,-0.023651572376218313,0.00827233945371996,0.013707601692715793,-0.0210544709419355,-0.020076094581182997,-0.020492106246928075,-0.03657340348728858,-0.0150315091053121,-0.041747272766091054,-0.0032208753196241854
4.888,-0.0007346303184885922,-0.01887530196508038,-0.017883829236924033,0.011167129850295159,0.007034994781908879,-0.018882143440142895,-0.012433339956537068,-0.00517521249038434,-0.030136546823331258,-0.010769938309291427,-0.030428831513756662,-0.0007277500741690477
4.89,-0.009132103709897206,-0.012517615908435434,-0.0033906954908754115,0.011506006826389435,-0.004823376438695361,-0.009452269353332831,-0.015459585885737535,-0.01097152985375952,-0.04163297534116551,-0.025619057525731903,-0.033247653697590966,-0.016174722555681316
4.892,-0.007920641464172509,-0.009124952066675135,-0.0011982545479746125,0.008408706062454033,-0.0048725794590859985,-0.006822734614882536,-0.024406801076232464,-0.028413031103285465,-0.054163819363007314,-0.043356525022740705,-0.043000822483023914,-0.04199204273257979
4.894,0.0031075079555624085,-0.012531348281093884,-0.01524321613885678,0.0046055034975362105,0.008292398693044236,-0.014896765243366509,-0.02502624457695851,-0.029494751013307594,-0.04881132675850365,-0.049695097880464334,-0.049340377687143284,-0.059977803114655545
4.896,0.01166327415049712,-0.015189973507053945,-0.02605627017348829,0.002498472501994411,0.01799385269658485,-0.021122829857798207,-0.014000522047483246,-0.007436433186887256,-0.031465439560505785,-0.046613966104968,-0.05063561425011549,-0.06317561922408782
4.898,0.009484114168123762,-0.008620339457931966,-0.017369562191684194,0.0011692104810428353,0.012007158470154017,-0.013917588948275994,-0.003812506952076802,0.01250138773403939,-0.024744916636555106,-0.04453410164492753,-0.05235637925400531,-0.062415759328759104
4.9,0.0024879571435350812,0.003976182860047509,0.0017199610790073897,-0.0012941456374902728,-0.0014527055082778247,0.0010076676544726844,-0.006905622611405457,0.005495030168706427,-0.037936631128323434,-0.04700733907279142,-0.05682016053520941,-0.06960709271604347
4.902,0.0005778175259446127,0.010257309429617008,0.009478097511275612,-0.0036209115140962453,-0.006271620069504194,0.00774530869147831,-0.01926703378363983,-0.019838244054002106,-0.05493656562070436,-0.04758054549299796,-0.060106408440732735,-0.08123803482705728
4.904,0.0029625178839763175,0.003464204024117304,0.0002773631790854681,-0.0019719080513205594,-0.0002775194128877463,0.0003819379905706297,-0.024195474457821685,-0.03131170997486518,-0.054469740227094,-0.0409591912524481,-0.0589095038184237,-0.0854460014793112
4.906,0.0014073709386597682,-0.009079020915176069,-0.010494479245905231,0.004272360583148999,0.004689306482630694,-0.010404310817918002,-0.014017145375039449,-0.015007827781109694,-0.037705652784505925,-0.03283487789933354,-0.05596806829552787,-0.08212968174012533
4.908,-0.0050648682109186135,-0.014599826895110411,-0.00941976380842316,0.009934187514839224,0.0013383283374358923,-0.012068434365201643,-0.0017727089737105948,0.005639934894107805,-0.0273482180001729,-0.03273686266141201,-0.056256855379347506,-0.08439545573171507
4.91,-0.008214579587516445,-0.010676224725366492,-0.0023799959162554094,0.010299961145298573,-0.003881075071770397,-0.006410317700067511,-0.003936623645206183,0.001237294899138914,-0.03692212449665527,-0.03852850691760848,-0.05928664218796778,-0.09762118371818419
4.912,-0.003160079899749574,-0.006880104596830055,-0.0036225144309667457,0.007239899683815035,-0.0016003277577928748,-0.005229987424476882,-0.01672347080931373,-0.02252316841605264,-0.051568831577438135,-0.03776571405968941,-0.058940092828840426,-0.10935131084791369
4.914,0.004561300560788448,-0.009531019398559614,-0.013813479809195194,0.005490154246909889,0.006583327941443574,-0.011846425554626554,-0.021258244312026428,-0.03186000461866108,-0.04845642375166445,-0.02654806455746769,-0.05251892929122495,-0.10699528297879927
4.916,0.006073912742099346,-0.012206067501719172,-0.017862146991741,0.005670197106843362,0.009521309728638062,-0.015291117226589887,-0.010507889824814367,-0.01192633766830433,-0.02896427311589444,-0.016968828537173446,-0.0467572412541868,-0.09607456850761072
4.918,-2.8720700946912895e-05,-0.00580705357744985,-0.00549858662918009,0.004527554988099225,0.0011531580811902,-0.005851652325680509,0.0012335117101106969,0.011750090257627025,-0.017837529578135496,-0.02124456606473849,-0.050617583970230445,-0.09291174017035612
4.92,-0.006116287179598854,0.006527870637049449,0.01263264360423631,0.0009200428430209019,-0.010285105936396713,0.009226230082425806,-0.001422233479072535,0.007915587738711302,-0.02993492105300342,-0.03556066182371766,-0.06236304234670394,-0.10395979469877593
4.922,-0.004743002273638843,0.011644330389590923,0.01623509070655075,-0.0020600532625752303,-0.0113999564598561,0.01288208036089369,-0.014031361188736633,-0.01803923138662177,-0.04977330736585855,-0.045124416744843396,-0.0692090691492822,-0.11840074346686245
4.924,0.002403192354831352,0.0039028213123375568,0.001425608791069998,-0.0016353393805604345,-0.0007679821242403807,0.0008196815449068534,-0.01893344641618363,-0.032701433436085385,-0.052586077013559475,-0.04229705488104427,-0.06324113825184702,-0.12157283073958472
4.926,0.0063409058576131445,-0.00698719458592501,-0.013283613642637304,0.0014078518827528373,0.008325029447742834,-0.01186320540772374,-0.00996466571240084,-0.02045192445983518,-0.037889785065892294,-0.03448725315723741,-0.052763128333783375,-0.11304787098523938
4.928,0.001877018925720031,-0.009698139643965585,-0.011535568522055398,0.004875024329304662,0.0050444444309887424,-0.011234573606842341,-0.0005783580213536614,-0.0026703885335621668,-0.02840028924541642,-0.032377358183598534,-0.051410673608424017,-0.10686174737633931
4.93,-0.005900613003745244,-0.007049748833806549,-0.001274952368330363,0.008305500114842775,-0.0043664683215683,-0.003797150179406625,-0.00354806877358464,-0.005759637765361793,-0.036657929540942796,-0.03481275056570445,-0.059673183824077256,-0.11232345461761534
4.932,-0.008913318144319836,-0.010793695747687125,-0.00226053702894055,0.012804749853268254,-0.005822126056562838,-0.0061937013585876355,-0.012514877126866318,-0.02391122073005484,-0.04787357978571883,-0.032064457371521846,-0.06549471707327315,-0.12169374020976748
4.934,-0.00627976489366353,-0.02271208775308419,-0.01700395467113825,0.0176457159691356,0.0028213993790071022,-0.02033645940486965,-0.012263768736160939,-0.028376755209202492,-0.04236592719062414,-0.02141133596979864,-0.06088531655870101,-0.12220448035538456
4.936,-0.004092886152531622,-0.0301561081304269,-0.026637851486150374,0.019447082764455444,0.009257713963402862,-0.029825524273380824,-0.0009858661047824453,-0.008873575195911471,-0.02395340121001027,-0.01125589728821711,-0.05060791840444642,-0.11387093955516374
4.938,-0.007156109579960938,-0.02280695352940583,-0.0160341383916439,0.016477590293099018,0.0033506590486131037,-0.021553435852518205,0.00696315439777379,0.011075021007955255,-0.01558008344440256,-0.010509044726430238,-0.04540807718586408,-0.1085445493979163
4.94,-0.012904148105160008,-0.006551321376194758,0.006245050646260257,0.011121974932960724,-0.009730336730684965,-0.0024525628177442353,0.00037527759717867124,0.005698761717428718,-0.029109362536508587,-0.018754148107336707,-0.0504812848701239,-0.11370069165707725
4.942,-0.014627699629534195,0.0036773209006143014,0.018387408429266977,0.007080429293178084,-0.016234906321959206,0.00915309775642332,-0.0133584277911833,-0.01824101068490642,-0.04939698234637248,-0.027446059413169122,-0.06110026745932225,-0.1232106768812459
4.944,-0.010567457143372686,0.0013263430826930514,0.011989287887986954,0.0061431665198322,-0.011357447346607577,0.005179070525994445,-0.017667422389390633,-0.030863545327900064,-0.05417126579381969,-0.030566172955884086,-0.06965357508140085,-0.126543753115083
4.946,-0.007094992941671539,-0.006010419528258373,0.0010929225554604605,0.007875519573111618,-0.005002607291407722,-0.004124285761094868,-0.009098055381370467,-0.019191561439176504,-0.042853047244622196,-0.0322572665215737,-0.07542792660703186,-0.12338606523155629
4.948,-0.010541135495574937,-0.008393282593028342,0.002102583593900916,0.0110314031252666,-0.007907359840886242,-0.005102376552894634,-0.0014908603640605876,-0.003825365380670906,-0.03550736516847519,-0.03968072060393622,-0.08293774052518314,-0.123141423221279
4.95,-0.017707072822561738,-0.006423894999600832,0.011235022195414973,0.014345624811719214,-0.016362837099116904,0.0009320653596329577,-0.0060632302788267995,-0.009808946505282844,-0.044518337155053454,-0.04998065150270685,-0.09084445481814972,-0.12999388468114545
4.952,-0.019663399356369602,-0.00815318921616589,0.011390687515194403,0.01680160314140724,-0.01761230988470231,0.0011885048444651373,-0.016425881735464633,-0.030971645947725366,-0.057959841036728,-0.051966213457279975,-0.09074689394402818,-0.13615882584561698
4.954,-0.014814239045255273,-0.015636261095040307,-0.0011296332805732197,0.018216831558869485,-0.008938326935368047,-0.008431232910318841,-0.018600241297916813,-0.03776979184615358,-0.05684383458516644,-0.041890293648282326,-0.07993151630850141,-0.13322132228986594
4.956,-0.01117954787551258,-0.020382312361250522,-0.009622339665362618,0.01849779682239006,-0.002310457646951465,-0.01593384876964619,-0.009963535783698955,-0.018708265789364048,-0.041954149356804214,-0.030459418626339555,-0.06759606216420566,-0.12411017348910232
4.958,-0.013964080151728684,-0.014077899825542636,-0.000378703876944615,0.01625725814215898,-0.007532255167182665,-0.009494828992869317,-0.002438630978765148,0.0022079449346284483,-0.0334000336503149,-0.030030863149994484,-0.06382575177233901,-0.11972047658631116
4.96,-0.0176886370962327,-0.0005236341824044392,0.01718456578663395,0.01057673826145886,-0.018150420389829554,0.005415345245546805,-0.006684968444546239,-0.0024716462114869986,-0.04302307421309621,-0.038827203595334384,-0.06771585978195585,-0.12515777857312144
4.962,-0.014732074885683823,0.007513807106031638,0.02239385846702635,0.004288268546617016,-0.02008024073455636,0.01222904790353511,-0.017258333693141982,-0.025625251337409772,-0.05733261525087662,-0.04365057419205118,-0.07099770344722973,-0.13276300485705392
4.964,-0.006742901876009823,0.0037961658299455413,0.010584718806886438,0.001975224837483354,-0.010765524999069758,0.004893470378987432,-0.019314868216938223,-0.03514412369735035,-0.05590083907024459,-0.037756940319005214,-0.06946787420115798,-0.13194160868191387
4.966,-0.0020927954107426766,-0.00343107347399992,-0.001514823877079508,0.0037679738459129785,-0.0022997706472766,-0.004338721759313739,-0.008794916948905737,-0.017622366311372182,-0.04018526412630825,-0.03013117735885292,-0.06654762395788323,-0.12346955849060237
4.968,-0.004534106025152333,-0.0032876826752452175,0.0008606282738016715,0.005415120797943722,-0.0044086070678153,-0.0023919632686159975,0.0018880464905157224,0.003794001988927923,-0.03170770563573483,-0.033077144513240564,-0.06737918176189471,-0.11820620400281574
4.97,-0.009410227698582924,0.0018244048766097593,0.010808440081066056,0.005362731379860283,-0.011475928529994546,0.005861232965579101,0.0006375163384020407,0.0008181160308183204,-0.04145038157822401,-0.04398301676029646,-0.07177582632513303,-0.12170482700596982
4.972,-0.011114927697689944,0.000506146426276122,0.011373586805766802,0.00686769525946399,-0.012197680352545221,0.005583311655878288,-0.00836006162483676,-0.02154649989043569,-0.0540152047688804,-0.04734142278189778,-0.07406975342701567,-0.1268524674523615
4.974,-0.010929991537728664,-0.010022288367899182,0.0008183424648133793,0.012344916651254149,-0.006887440143810558,-0.005420020523772384,-0.0112080755700571,-0.032271541230513935,-0.04985641545067578,-0.03578435499548567,-0.07079021374132387,-0.12533217417149153
4.976,-0.014706637737176216,-0.019648049483166778,-0.005109666659762075,0.019274246535264904,-0.0066439175263712106,-0.013561739935331241,-0.0038204400594124216,-0.017657087608777856,-0.03340074325134538,-0.020977348600616494,-0.0667885040658058,-0.12064061060063284
4.978,-0.02316189761686487,-0.018419654219394697,0.004501196781987196,0.022470711937524625,-0.016489464972916975,-0.008360960934105858,0.002335260072286444,-0.00011331812943086398,-0.027260109203519612,-0.019516029365400277,-0.07061471613195137,-0.12333921727271746
4.98,-0.028596447093993747,-0.008188512122509909,0.020432164818053142,0.019394344106719533,-0.02700816421355724,0.004294686629862574,-0.003405668276053249,-0.006143999729240311,-0.041252120604780264,-0.03260702065420244,-0.08306208188871787,-0.13515119998706718
4.982,-0.024254139032966016,0.0005680734894226435,0.02522042618659759,0.012900221906592665,-0.026314207991613315,0.010761558970454662,-0.014510617444836563,-0.028727541834189182,-0.05827065713968412,-0.044966078889892,-0.09386752941905255,-0.14433134382830273
4.984,-0.013776281371663755,0.0014045624955802655,0.015561943510241857,0.008180767216015494,-0.01573537713862854,0.006831434565443821,-0.014936185156636153,-0.036783007540271556,-0.05628179719348708,-0.0438983430686625,-0.09315981851877593,-0.1398006751371723
4.986,-0.006908664680292379,-0.001493941951100968,0.005348933118900943,0.007072631052733593,-0.007528278208713138,0.001210068312544146,-0.0014144490930213304,-0.017803786203901613,-0.037464832992710057,-0.034328099263135105,-0.08309708191228456,-0.12564886772917438
4.988,-0.007413167533958551,-0.0004915002436840297,0.006414757233744843,0.006909958457649628,-0.008548923476794907,0.0024039601388393212,0.010802670409815333,0.004833559804361883,-0.025526290475830805,-0.030009295787699,-0.07385322178269661,-0.11642843635390478
4.99,-0.009667946239157661,0.0037712263444913555,0.012887620571509604,0.005486020152924299,-0.01222941314011808,0.006740534788660912,0.007825607191388856,0.002896078768086586,-0.03430219390390556,-0.03376398299232334,-0.07068714329481829,-0.11936471642301438
4.992,-0.007557167173871464,0.0029191088373952422,0.010253476346522806,0.004593841118444523,-0.008800408541413876,0.003800752047734996,-0.003833529442957294,-0.018788782722216218,-0.049714880460304554,-0.0360358464295497,-0.06983262085494878,-0.12692511232375855
4.994,-0.0032442948763836007,-0.006069845318005064,-0.0027141337154488114,0.0069735011340444075,0.0002659509006787734,-0.00743297767769086,-0.006248268469568891,-0.029419398146548443,-0.05027953316659251,-0.03202654587972558,-0.06619055606904724,-0.12815845348296484
4.996,-0.004201364586103713,-0.014788166961985729,-0.010417534049571143,0.011726806032135894,0.003327470897163885,-0.014927406244926023,0.004977983404864047,-0.014982302437572358,-0.037106957957478495,-0.029112651758407323,-0.06104085589978275,-0.12247526627838945
4.998,-0.012123430230448954,-0.013880680107438217,-0.0017294456867297126,0.014782270794001927,-0.005370064877354413,-0.009246587382548304,0.01490354077593647,0.002565400303535944,-0.03129665027258091,-0.03461652181777648,-0.060418516398936015,-0.11967896977894192
5.0,-0.01912670574470436,-0.005742118196797199,0.013308743308201918,0.013837336987751159,-0.01647396920932408,0.002536879209558723,0.009473036693144064,-0.004391113237652641,-0.04437509492273558,-0.04429928508203322,-0.06643438565802579,-0.12741486453775228
5.002,-0.017053478388261715,-0.0016436637394289567,0.015358509223147186,0.01083440822791643,-0.016537265300228653,0.0049607493640932854,-0.00622513944315028,-0.031055581560951957,-0.06254882232559257,-0.04751833754709734,-0.07315076820767356,-0.14022974384052958
5.004,-0.00789312773070875,-0.006396821746358521,0.001512795073377705,0.008816487817069696,-0.005413592635934237,-0.005064305050082314,-0.014173897666866973,-0.04527971395279523,-0.06409309289540811,-0.040572329285451056,-0.07395969642324178,-0.1447785629878128
5.006,-0.0027440478748922263,-0.01212619730806047,-0.009346425747170596,0.008991682305996876,0.002297812712440427,-0.013246627943503444,-0.005624850412004041,-0.029203356889661164,-0.04738942396491329,-0.032044255465533515,-0.07142904246128479,-0.13694496884506738
5.008,-0.008940478817164477,-0.01025970138566063,-0.0013111588852677495,0.010986297643945705,-0.004541811618646176,-0.0073577937184849986,0.007822768007848598,-0.0032471821072756505,-0.03363479706401791,-0.03359686517543014,-0.07500332728182678,-0.1277372104543739
5.01,-0.020011839435285134,-0.0040541092654491325,0.015942105736017887,0.01364094371907265,-0.018340877400422707,0.00525515462906436,0.00927614604889256,0.0004203484905642274,-0.03893393304153122,-0.044338767162491716,-0.08753429217559276,-0.12816137736086244
5.012,-0.023891907517261144,-0.0036780286167022542,0.02018008252897492,0.015976498205372325,-0.022876404066450886,0.007844340464407037,-0.0011204323174475689,-0.019148411598800798,-0.053433360768699964,-0.04995920860895757,-0.09957707293991605,-0.1345971973610613
5.014,-0.0189846789258384,-0.011688260557246784,0.007167965691492349,0.01797869530466683,-0.015153490293748278,-0.002655163486037026,-0.007527133872392288,-0.031726649891029225,-0.05681584024602133,-0.042095951523333265,-0.10102093206200109,-0.1355864086588284
5.016,-0.015020458687250804,-0.019247714026219588,-0.0045468372550622116,0.019799293831851087,-0.008181602106442898,-0.012163645155013674,-0.0014806452947579674,-0.01939575917686183,-0.04641092771697074,-0.030452516695456715,-0.09359556064047359,-0.12865034759132907
5.018,-0.018864216561492266,-0.017334724263643794,0.0011310073851205718,0.020602154029734247,-0.012660669577781124,-0.00835214001329068,0.006250600217980338,-0.0015753892362576774,-0.03895124944981734,-0.028839124458559875,-0.08707614864260538,-0.12351748065294656
5.02,-0.025976971799038344,-0.008631697530771604,0.017217814075923352,0.019615586683445506,-0.023273470042752063,0.003532497664581141,0.001959826800127501,-0.006259104458621952,-0.046446929508425557,-0.03625321947450006,-0.08636628098555228,-0.12861588667542176
5.022,-0.027860922686953286,-0.004581558726840518,0.023629721125555184,0.01801773298815657,-0.02670696849776909,0.007956582612904608,-0.010485894155840206,-0.02998729669756269,-0.059826362622541,-0.03983538369601493,-0.0871474877594183,-0.13910209157476064
5.024,-0.02341038311235614,-0.009573586317717835,0.01440565764783395,0.017556392335861787,-0.019716126851371068,0.000498542664867014,-0.015230724719024267,-0.04343345796237835,-0.061718785581516715,-0.03330460457632822,-0.08342107349040083,-0.14261021038146873
5.026,-0.01948853115286892,-0.014165232757346128,0.005643766780926464,0.017769188633369064,-0.013468782765049373,-0.005868918481500471,-0.007163220791351349,-0.03191690338079183,-0.05060772291226858,-0.02552597725983801,-0.07617414585196423,-0.13566243804333064
5.028,-0.020816461058157203,-0.008821208214505773,0.011924016704538166,0.01639373742002891,-0.017631271169098725,0.00026815021237225594,0.0014913127444024935,-0.014165809628716558,-0.04274886680872769,-0.029260757462364628,-0.07275043947928402,-0.12841023218600617
5.03,-0.022362159022639026,0.0017066078255358918,0.023865888583399227,0.012186753962438306,-0.025072943137717248,0.011251274378523383,-0.0006393618578444819,-0.015349304785269536,-0.048357291652926265,-0.043711429636318355,-0.07654530022705414,-0.13014252578163532
5.032,-0.016656281682905567,0.004824610157573509,0.021414888589813982,0.007192831252162075,-0.021378666428120748,0.010895390888905612,-0.0073556222219868265,-0.03143824541336794,-0.056328609234706624,-0.05341225587030948,-0.08038614488876973,-0.1358460742372174
5.034,-0.006456682299683549,-0.0024695083278907176,0.0040410328701869875,0.0053701026109202405,-0.006967296475795131,-0.0018952118443912173,-0.003361795626869547,-0.03456886887540804,-0.050337506153652296,-0.047490069726360606,-0.07561569019871361,-0.1339494154016286
5.036,-0.0023907629819663067,-0.009819831958725298,-0.007510215813123553,0.007735238717275762,0.0019291166284341188,-0.010969231381965136,0.013449546496454318,-0.013053075329930632,-0.0329829557051471,-0.03366793448176716,-0.06553933140428167,-0.12373293490422207
5.038,-0.00891786019451674,-0.007451019985961566,0.0010015889892114338,0.010911957837824992,-0.005322324918754307,-0.004355347025252642,0.02616792418470264,0.009918488803998472,-0.024107248944926354,-0.026814865632008446,-0.06215765097534712,-0.11702593559347536
5.04,-0.01876223432412723,0.001298638723398278,0.019268542448713975,0.011761704407676815,-0.02011651113294441,0.010168876425039747,0.018889294566147782,0.006219813567506106,-0.035158250422901056,-0.029200429212047775,-0.07003117255084677,-0.12220061437731553
5.042,-0.02226258780429035,0.004522167433086412,0.02608995997640783,0.011223682229841733,-0.025974406054579034,0.014963787642314109,-0.002174162669055367,-0.01945546405831071,-0.05326097873279835,-0.030909714878908888,-0.08118547629361882,-0.13268189678779974
5.044,-0.01907128245811462,-0.002902054322906495,0.015954476102900864,0.012455400148462446,-0.0193876555250597,0.005014751005783417,-0.015273286702715192,-0.03612991165995093,-0.057539954768080916,-0.027337656958458967,-0.08674750696409027,-0.13539607737263484
5.046,-0.017327165916103494,-0.01251614942000454,0.004998785168954693,0.016169369904279536,-0.012792211194655014,-0.005890387250758566,-0.009927056434524488,-0.027303074127496874,-0.046862019548730365,-0.026840542603624565,-0.08763156580293623,-0.1278602570858061
5.048,-0.02135171874743472,-0.0130335442945143,0.008526723232078067,0.01891127241381473,-0.016172782507781727,-0.0037820093367371575,0.0017892463765203804,-0.01073969630335388,-0.04027466482900624,-0.03797982978003193,-0.09144062362469026,-0.1211905508741787
5.05,-0.024956016184083888,-0.0050051909742379625,0.019958796016860895,0.017005579785688767,-0.023226422246701055,0.0070057478817493225,0.004338488925570813,-0.01171322409628668,-0.04844561502793398,-0.05434678460752402,-0.10026691427398762,-0.12409322354761346
5.052,-0.02068840908766555,0.0005563573981620764,0.021138117717791977,0.011665322908548298,-0.021514342766089017,0.010992890449731384,0.00012899556113017078,-0.026811780044091457,-0.05776854496797082,-0.059849843761530463,-0.10587102140843432,-0.1302437147529589
5.054,-0.011483050601018674,-0.0024229724652185926,0.0089825746667621,0.007712977723992942,-0.010930285204381777,0.0034785033935684343,0.002878121425251035,-0.029915763982708832,-0.0511933899146338,-0.04981252907706375,-0.10048176432010997,-0.1282582410105294
5.056,-0.007077446400051519,-0.007284865046519175,-0.00030761161747753504,0.007252106212362644,-0.0039393771528447325,-0.0037783765419016537,0.015374658723808462,-0.011459009803280438,-0.03420480928566299,-0.03742705255929026,-0.08744515172855151,-0.11857992953657333
5.058,-0.010903649799835746,-0.0047422967032356815,0.005878969403367888,0.0076197917544149445,-0.00869328326223285,0.0002644545218922959,0.024220078633143266,0.006405027462646213,-0.028813806331724885,-0.03534260060143035,-0.07596316365188106,-0.11273628709301602
5.06,-0.015922549305674216,0.003670962337152102,0.0191754498060629,0.006049989855417716,-0.018230935863843147,0.0103937750895035,0.017827127064864893,-0.00010280572525268265,-0.04459144074531991,-0.039640815634062146,-0.06903533222581697,-0.11750855350902233
5.062,-0.0144401868556028,0.007451602047876614,0.02161386722373943,0.003907508779381281,-0.0195904669312108,0.012429572202254994,0.0033082168900322698,-0.02397785529366195,-0.06472789803032111,-0.03802023164184182,-0.06210534263701251,-0.1253299100802437
5.064,-0.00872764502221268,0.0014012150720663996,0.010141370550630292,0.004900066654408345,-0.011240405989738394,0.002905969237885418,-0.0018349875819390754,-0.03711757942413644,-0.06660982627717658,-0.028066775562072904,-0.05335952665604327,-0.1245520524531437
5.066,-0.00798122361556657,-0.007413307183976583,0.0007415781613191281,0.009725303391771776,-0.005468699631002375,-0.0061750429736744765,0.006688411707909167,-0.027222758460278277,-0.05136497727850243,-0.020712859163526724,-0.04950495748391652,-0.11613981493851291
5.068,-0.015670498426149735,-0.009959404799314692,0.005915637579487245,0.015036036582562745,-0.011381092006551267,-0.00438700359742924,0.01441867293946119,-0.012757268306105254,-0.042034069568647234,-0.026310844720003352,-0.05692636821368764,-0.11235042737455733
5.07,-0.024862164803388608,-0.008214647876742377,0.01693035458661554,0.018279952234373835,-0.02197104805964423,0.0022072164320048457,0.008901923542248379,-0.01713012571953093,-0.05164008626936132,-0.04076841473986826,-0.07059341889281806,-0.11975149992793058
5.072,-0.026980093421974636,-0.010436095849358567,0.016905460136455542,0.019679675235255583,-0.024045043767960794,0.0008067532721720736,-0.0025766046484229444,-0.0352503042304822,-0.06530697561277107,-0.048906187024245554,-0.07755387462327107,-0.1306205473044101
5.074,-0.02143766615106819,-0.016260936701176194,0.005405067758153917,0.019097302675704333,-0.01615019054362523,-0.008144356068309643,-0.003220109966727984,-0.03945906518040668,-0.06193470609824198,-0.04327794379587947,-0.07206198866467359,-0.13292669631206147
5.076,-0.015176037903072715,-0.0161269433054523,-0.001099131749202128,0.015464294413320076,-0.00941352342383934,-0.010940240893627235,0.009365845240262074,-0.01966789484130648,-0.04446024301182924,-0.03457828398131942,-0.06373571529897876,-0.12560617099575022
5.078,-0.014286889565207277,-0.005347966425645964,0.008351926554711824,0.009598259837570669,-0.01248038857580672,0.00034984393158443553,0.01876900818793396,-0.00022630804219234612,-0.03619136080212885,-0.037584948407449636,-0.06674074485047427,-0.11991993765706038
5.08,-0.017367049718573762,0.008072948516383216,0.024618397581250753,0.004620827771306716,-0.02109520750861288,0.016234164139732363,0.011367387633856214,-0.007705474245529599,-0.04917057383143087,-0.05103977161925875,-0.08145300353150076,-0.12417419873037089
5.082,-0.018062582104198036,0.012022565428100688,0.02943957574674627,0.0031186572487902305,-0.02412728188830858,0.020350808890423455,-0.005016925613662409,-0.03445684363217422,-0.06795793154771249,-0.059273747299764125,-0.09323735789296883,-0.13203827541353186
5.084,-0.014151599585745503,0.004405242253653893,0.018381480509751937,0.004945812580695717,-0.018112941601329865,0.009560955202474417,-0.010936290980268581,-0.04815844732630858,-0.07023593913092785,-0.05272922167866948,-0.09164646741466316,-0.1315443262661953
5.086,-0.011190053275190778,-0.004713264691706212,0.0066569031150389806,0.007994130613945896,-0.011948208877424059,-0.0019842507404317505,-0.0005173030297254707,-0.03413841720201267,-0.05614782793158533,-0.0397372786887151,-0.08352998686626949,-0.12230156715386592
5.088,-0.014607795655768866,-0.0061243855563784515,0.008688896375003257,0.010529341911987395,-0.014414650435771108,-0.001364671625029965,0.011757348652650452,-0.014181739717843228,-0.04697736241570023,-0.03491909944088954,-0.0818981077218724,-0.11639624221836944
5.09,-0.02141202859079617,-0.003072316511675214,0.018471234710052818,0.012762411612712436,-0.02138169570454552,0.006261063073956173,0.010742979336972418,-0.01649917742647494,-0.05535990651467434,-0.04095760397743487,-0.08786154716609029,-0.12152335655527022
5.092,-0.023976727932506565,-0.005052289760882776,0.019155125137713114,0.01564546413466273,-0.021971540770807645,0.006446419340876989,-0.000234303269545592,-0.036888253434119486,-0.06827211504291893,-0.048168297976749146,-0.09140342516801425,-0.12988589719667443
5.094,-0.020232567494501152,-0.012225562622130674,0.0083830131057641,0.017960031005211565,-0.014771420643015717,-0.002467551752524722,-0.0051190740338422505,-0.04477461308467048,-0.06583406968869177,-0.04912096414601099,-0.08714572629537083,-0.12858207555895101
5.096,-0.01608577724735656,-0.013938065634771303,0.002411306859846846,0.016951264422553538,-0.01024051465035464,-0.006511860831089004,0.003177835942897181,-0.026167341498527848,-0.04898907303308629,-0.046637393691622654,-0.08123706380329661,-0.11740855345974414
5.098,-0.01710382734312716,-0.003836203051509718,0.013128299230191499,0.012381565188815979,-0.0162182503140948,0.003799360062144794,0.013216874280269804,-0.0042571136699029715,-0.03893854672192412,-0.04729744753038237,-0.08167467033973927,-0.1099340896461811
5.1,-0.021060673638501958,0.010094891013008683,0.030553598391022938,0.007617292830897537,-0.026845260751788527,0.019565243156007293,0.010291410377603043,-0.008616292082275148,-0.049453760741579485,-0.05087853864767389,-0.08709513189150497,-0.1154756771783527
5.102,-0.02160431078556435,0.014316724022198045,0.03508743304112888,0.006210076628131785,-0.029783513234403557,0.024269247590197645,-0.0028015309416394344,-0.03435483718382183,-0.06789857335037011,-0.04981820830450392,-0.08837536451441134,-0.12547542754727886
5.104,-0.017409378337377622,0.006179856436898733,0.02294609980645265,0.008384360206430885,-0.022165622268099622,0.014373273982942901,-0.008635685921789715,-0.04795593683188119,-0.07094233472128827,-0.04078171183222428,-0.08030932574448753,-0.1240808930065833
5.106,-0.014269037927130065,-0.0033543864501196907,0.010747002464717288,0.011430653269302565,-0.014442432919550056,0.0032735829679272146,0.0008208485521951479,-0.03236977306971457,-0.055659716157870916,-0.032437486318403055,-0.06925449941317467,-0.11000063891564348
5.108,-0.017213682237365156,-0.004628352134939631,0.012789737939978606,0.013126859667230196,-0.016356725643249935,0.003273852618253497,0.012955105115425341,-0.009798552298869261,-0.04381045421926507,-0.03583561488282671,-0.06677219103372545,-0.0992222566409396
5.11,-0.02331383781290899,-0.0015686747190670576,0.022035001363151632,0.013959101532866825,-0.023732917917109898,0.009366344187121237,0.012347444810563294,-0.010993911629959136,-0.05209800354852537,-0.049022904301713334,-0.07584354777596378,-0.10368795889687389
5.112,-0.02591344870899613,-0.004761804305629118,0.02134519680654678,0.016130948340495128,-0.02516779008774998,0.007407070372132409,0.0018705311218917232,-0.03276671569585396,-0.06941016518785645,-0.058450716388921055,-0.08734948530168242,-0.11575984344365403
5.114,-0.02395186415417202,-0.01580887862690371,0.008141805648368612,0.020434393014171326,-0.01845340314679626,-0.005148094852801983,-0.0020737532543531425,-0.04293024088018156,-0.07270041788380219,-0.05572005008118472,-0.09123810928369384,-0.11976939982666795
5.116,-0.022512724102886954,-0.024232724128288266,-0.0019539213532131653,0.02428464441882996,-0.013012188435895444,-0.015027627495508624,0.007921439743549651,-0.026155636524823694,-0.05866907471325318,-0.04682597704244456,-0.08752082399973464,-0.11275428097439469
5.118,-0.0245491574483349,-0.02007198404201945,0.00409524031157078,0.02377560005614044,-0.01638088945334946,-0.010020449384210296,0.020180852541156306,-0.006108935403666442,-0.048041241552766255,-0.043046200218472046,-0.08391897559535567,-0.10664181684203379
5.12,-0.026452516691548945,-0.0062502851734642165,0.019793664215850434,0.01808097793844269,-0.024083677055491175,0.005564681952064096,0.01974710052675339,-0.012329871761270726,-0.05672919002957008,-0.04580947415546783,-0.08442528386235464,-0.1107797282112531
5.122,-0.024039576682674407,0.004106261703314005,0.027807749993957787,0.011366546136146558,-0.02617554577962673,0.015905118176977453,0.009434912872387248,-0.038668267996485414,-0.07325087494558247,-0.04589564592125305,-0.08548626604521564,-0.11860121875503592
5.124,-0.019065725073918353,0.0032481642844098867,0.022147375170894597,0.00873285856851289,-0.020657373747200277,0.012930044043982437,0.006041829422873494,-0.05169895079892028,-0.07472062640086102,-0.03925486258615602,-0.08455554960274349,-0.1171874086579204
5.126,-0.016590638573128924,-0.0021324722190318415,0.014483372973511568,0.010269310047280163,-0.015613574083661697,0.005391821927794596,0.016501000835973164,-0.035828458483569206,-0.05893042779321992,-0.0352438366142418,-0.08491456519893496,-0.1065371382315506
5.128,-0.018554881152509993,-0.0016734220664408055,0.016978948869165702,0.01183267650234342,-0.018135681481089416,0.005484146258844548,0.028616818887969978,-0.012810481065475901,-0.046602149975831474,-0.04226905377406435,-0.08824292435697739,-0.09991304622804614
5.13,-0.021707442689072234,0.00345958340850327,0.02520718524474971,0.011212452486536002,-0.02457129405577919,0.011560716360789121,0.028971081126795636,-0.011053380477126808,-0.051425544238011114,-0.05318590178829749,-0.08894581544068472,-0.10436339147490156
5.132,-0.021570808732352287,0.004009451799718793,0.02554933102974329,0.010218701886925939,-0.0254771796847264,0.012250500420038113,0.021252739406571925,-0.027569986299468666,-0.061667311237890675,-0.05486446867382234,-0.08096883009595439,-0.11104454165862768
5.134,-0.01888334295079981,-0.0013271704351442899,0.017519576155584957,0.010795584063693915,-0.020237104667904154,0.005965828998258548,0.020293129836365588,-0.03396589536620883,-0.058475662895678474,-0.046537061182612645,-0.06641986096451925,-0.10869923630196769
5.136,-0.019863214262777592,-0.0027263759153014966,0.01713586203167487,0.011935652394651747,-0.01996103087940247,0.005303322331563454,0.031936975328113716,-0.01684527867759804,-0.04288428448536881,-0.03912350932224287,-0.05372499780254488,-0.09857575719183918
5.138,-0.02727718412298305,0.006114235850669185,0.033388841721437676,0.011431920868493855,-0.03127826922764761,0.018041775719073255,0.04475046198645218,0.002677839654524496,-0.03481134198726672,-0.0395521830802745,-0.04941017423420099,-0.09201920512277435
5.14,-0.03417625981590945,0.018291108194568733,0.05232389198544231,0.00861591869626928,-0.04415587192193969,0.03376047175654571,0.04420220214341919,-0.0029428703193168097,-0.045997952890258445,-0.042618828669783754,-0.05235634096768401,-0.09625421024879924
5.142,-0.03166540116992308,0.02327447809602949,0.05445332822652305,0.0043932904363812855,-0.04409335958382109,0.03738135766105522,0.033047302679165294,-0.02895438340601736,-0.062092947669935554,-0.03891542295219743,-0.05467985250180969,-0.10457517222011171
5.144,-0.021665688907573043,0.020473588522762164,0.04124980012769555,0.0004661713673091237,-0.03243443564711865,0.02944698996670536,0.030074846248997793,-0.0427749214783504,-0.06012904795762537,-0.027888408440178255,-0.05038947831660729,-0.10403430570119077
5.146,-0.015890896409505192,0.018234259225846164,0.03311891079512735,-0.0012975403940884503,-0.025379838869332698,0.0243978352064139,0.045850410133350575,-0.02737793193329373,-0.040279740122334734,-0.019708869030750063,-0.044035931779224435,-0.0935463515265102
5.148,-0.020852489221048976,0.02170846263198286,0.041912594481505944,-0.0003156279117833593,-0.03240372965120039,0.03067447190412411,0.06795132479191032,-0.004003636121763843,-0.0267722419243398,-0.0231441626812841,-0.04578827941676977,-0.08665059288673152
5.15,-0.02906509889698136,0.026691078860918697,0.0556744434653898,0.0017286744641839314,-0.04370702305367779,0.04026226687331748,0.0768636678408,-0.002229800397893047,-0.03434232311084512,-0.03399343255660698,-0.05609781437094042,-0.09229634136029977
5.152,-0.028764184746590416,0.027280741639554892,0.0562784824429324,0.0019458222654568699,-0.04405093252572533,0.04123057255093895,0.07029040458739445,-0.019278070904757694,-0.047949549252390734,-0.03925220869211792,-0.06259790778820389,-0.10177340898031385
5.154,-0.019361883595361954,0.02509565053159013,0.04461860197012643,-0.0009453344337631951,-0.03345776928509786,0.034537856051916394,0.06298298487231196,-0.025791398486894164,-0.045421884050506824,-0.03332587955621838,-0.05678733180719339,-0.10147610767110993
5.156,-0.012179118736317532,0.026646412568821314,0.038785948570622314,-0.004880495910811514,-0.026740472014525354,0.03214403300832425,0.06547651892357616,-0.008636287533671167,-0.029231447024737105,-0.025424749428983474,-0.0465619011300417,-0.09155850873960496
5.158,-0.015610463293818233,0.03383292611863014,0.04936149038520594,-0.006732843678392033,-0.033671588307880876,0.040508744900815144,0.07064944638717705,0.00929613427941428,-0.022570681369203937,-0.027456572781288723,-0.04519760672330985,-0.08441791918653928
5.16,-0.02447620282022099,0.04063438299332272,0.065213480372046,-0.006063280828613052,-0.04622021898009176,0.05145835516778216,0.06364709260893571,-0.0006759885748504728,-0.037378722844277165,-0.03791136822144538,-0.05293451979240671,-0.08714226172079821
5.162,-0.02725934055174087,0.04030855574718544,0.06793786711667016,-0.00534466405150076,-0.04910463976878649,0.05250526345169581,0.042441710441202936,-0.03335470021416293,-0.057922459223434114,-0.043263175578509436,-0.05821619791422538,-0.09199156734229393
5.164,-0.020621632948563513,0.034517396539225,0.05557539599358275,-0.006915807004143809,-0.03941150593887471,0.04344387164359146,0.02158103180486598,-0.0551289433792863,-0.0611647008901431,-0.03554176409690404,-0.05511355036800493,-0.08741081477220168
5.166,-0.0120303071361308,0.03229127914705061,0.04443966573856882,-0.010937399996927529,-0.029408249613229638,0.0367695600456006,0.012742602292827497,-0.0475164884520691,-0.046968201881925284,-0.022606793864744946,-0.05013602435647681,-0.07451227988699254
5.168,-0.008402397286513293,0.03833717105052452,0.04636408321530414,-0.015820327857841984,-0.028920607933186678,0.04049307998824402,0.009555336550144688,-0.02968723294639303,-0.03781575240520148,-0.017870736351176017,-0.05128310061148889,-0.06624044145028041
5.17,-0.007041634683481297,0.045653997273342135,0.05211989382241529,-0.019456862572231396,-0.03162472482055186,0.04661926611017128,-0.001509531678289401,-0.03080968295940397,-0.04803332678156445,-0.02400791492950103,-0.057887588933786566,-0.07001850582466285
5.172,-0.0009794830512533735,0.045219912068280646,0.04588935340221974,-0.02108189171506864,-0.025537051864824387,0.04330130349611963,-0.02042785896825641,-0.05036239147025316,-0.064361980392513,-0.031136840161725007,-0.06263695599741904,-0.07728929457311111
5.174,0.009126330753358504,0.03974602317251214,0.03067772116034646,-0.02215654218151101,-0.01276137544996345,0.03373117601427545,-0.032923509879278105,-0.06017117023114639,-0.06473975081782339,-0.03069636418430021,-0.05998153757063359,-0.07457257291203906
5.176,0.013289739408114716,0.039537695691014486,0.026296059814653865,-0.023615421564407636,-0.00873341643608232,0.032372327549581185,-0.030591081355394963,-0.04540176036957928,-0.049364275422663695,-0.026729965972391353,-0.05223393807377959,-0.061871241715164164
5.178,0.004955541917676189,0.04737022563175413,0.042016461106752126,-0.023977778333966308,-0.02093247536757917,0.044246294515747554,-0.023643241482261625,-0.02764795187047339,-0.0414393652315212,-0.028999196494213023,-0.04720271810713993,-0.05363975128663728
5.18,-0.008233531533381721,0.05451316865194351,0.06194102339327449,-0.022070682166709533,-0.03672713125676278,0.05708123274473075,-0.02762246688163912,-0.03617109778675551,-0.05595751765181227,-0.03806564078729249,-0.0484424559353584,-0.05981265666913102
5.182,-0.012449667440683598,0.05115576403943421,0.06298863267389798,-0.01909450102431467,-0.03790169508145523,0.05559429982962829,-0.04132231252982172,-0.06596689068586611,-0.0783468293879506,-0.044570705845606,-0.050712317158916616,-0.07184509833491995
5.184,-0.004805671213137668,0.03839422565717378,0.04330596604532628,-0.01693410616080435,-0.02338507000294573,0.04000794596313919,-0.04776210890542143,-0.08255443176837009,-0.08303389380693298,-0.04269576403670019,-0.048215691325446765,-0.07367462394012725
5.186,0.003916382449050865,0.028343493828145928,0.025063280962262704,-0.01624103075363917,-0.010466507965489367,0.02676011933021317,-0.03809094006145448,-0.06802728132072837,-0.0672069711284519,-0.03804842586056032,-0.043508922503568706,-0.06316476624853558
5.188,0.004699987299853565,0.030093717996423065,0.02587373982857351,-0.016772118838147672,-0.011916617586085275,0.0283562538075362,-0.024210573378887688,-0.044413572349352226,-0.05322702500351075,-0.03956862296199285,-0.043520827779765694,-0.054239160684223846
5.19,0.001897033000984959,0.037568121500117777,0.035646931404184394,-0.017993535271308325,-0.01918018165534676,0.03667952971273424,-0.022059090270649333,-0.04256690518937425,-0.05744427742460564,-0.04655057481283831,-0.0493266498429385,-0.05742201969515312
5.192,0.004574432002363562,0.037193745641405006,0.032377044004862694,-0.018618689241953822,-0.015856447334559147,0.03432917192732172,-0.029750851612068634,-0.06039615754854923,-0.06972984314636557,-0.049338810254040265,-0.05461727006762757,-0.06659191862712564
5.194,0.01265241122583873,0.02691744355735957,0.014275471754181437,-0.01786430189085377,-0.001724156253888396,0.019656454208292824,-0.031129037429659268,-0.06759190578016104,-0.07016801177677859,-0.043188350512902755,-0.05390807044969561,-0.06860067197268263
5.196,0.018139336604814777,0.019188055542208232,0.0014588080856054392,-0.017312150384557322,0.007649052428204947,0.009060674965040188,-0.019105078262010553,-0.04904053784714117,-0.05734045565702806,-0.03502414490692524,-0.0491488094081934,-0.060550207910234834
5.198,0.016375663348862465,0.023190787689352798,0.007342914832842936,-0.01864566027199386,0.0028935880216724172,0.013770690936918795,-0.006666350192203353,-0.02740034508572696,-0.05047903421158247,-0.03383609391757765,-0.04643914729439921,-0.05265317643715649
5.2,0.011406083907635646,0.031804811371471745,0.020637859065441223,-0.02015011401841382,-0.007008354098012391,0.024513385518226932,-0.009831704050652802,-0.03360940043211915,-0.06385927706646798,-0.0394346786932029,-0.04760731637119502,-0.05447912094038909
5.202,0.010378595655097902,0.03101392602481684,0.020423757209891966,-0.0185659556705194,-0.006974497035026343,0.02396361145709182,-0.025112848143536447,-0.06470697516874131,-0.0869764780803704,-0.044546492735320964,-0.04881921726015608,-0.062427774704999016
5.204,0.014102420191344911,0.01854124526668133,0.003914588541172686,-0.013694667437591174,0.00436969953659598,0.009517754479594761,-0.033414139678497295,-0.08698922882270103,-0.09703981312924205,-0.04462008956877067,-0.04714320790835077,-0.0647903521927085
5.206,0.014477291893313537,0.005868734966160168,-0.009209816456873254,-0.00755151134475242,0.011993887408081539,-0.003525285237821113,-0.025299026914037556,-0.08035967605659335,-0.08854125279473614,-0.04246612084057088,-0.044352336336772255,-0.0583251257435915
5.208,0.0035891882382929957,0.0014804446029856508,-0.0026001878068023687,-0.0001248671216394263,0.0030467213732367784,-0.0025434693263986954,-0.012129671098114312,-0.06344997332401624,-0.07994993571552707,-0.04424408441277689,-0.0439812405217748,-0.053639746774021474
5.21,-0.014805022900251938,0.0010242734200417967,0.015644572585784694,0.009261782016125316,-0.016254180296826883,0.006604342894682493,-0.008490972234246172,-0.0651580910470494,-0.08627607140236067,-0.05068839016554448,-0.046771058926460926,-0.059756966191502135
5.212,-0.027872133510624997,-0.002290211856176233,0.02592149000830401,0.017406258569623904,-0.02873505555070105,0.01034458817897915,-0.0122210957039846,-0.08283296826648609,-0.09686588606723513,-0.05430445815888593,-0.049880604013751134,-0.06991412529862513
5.214,-0.028335153885588358,-0.005670659619848758,0.023488825929357575,0.01875073478987758,-0.027926995363474233,0.007095044443617638,-0.009972359702581422,-0.08753294522874211,-0.09271333071550243,-0.04986418454720888,-0.05081443784358967,-0.07132041122287461
5.216,-0.02143157003741754,-0.0011949895871305864,0.021111468923517764,0.011942653875965836,-0.023217722472209813,0.007478147719045764,0.0015477210759559873,-0.06813584216588466,-0.07685139567034503,-0.04500334549404401,-0.05108845915786305,-0.06419989368791267
5.218,-0.01695377964001353,0.011370850700001914,0.028749495074150724,0.002491991302677181,-0.02466482445820421,0.017514751403953335,0.009077320030966163,-0.04995137499862332,-0.07198021321338173,-0.052149720020907106,-0.05421022250204285,-0.06163860952867595
5.22,-0.018395691033497155,0.021522463571545986,0.0396976137180157,-0.0020059109058413655,-0.03026962880741129,0.02897309870431301,0.0008977528586207801,-0.06066674479966923,-0.08849572377161334,-0.06947113751398971,-0.059588922626323135,-0.0703590597483947
5.222,-0.021956635381997287,0.018942165791523302,0.04032049360604865,0.0015037208614612884,-0.03149943417084347,0.029065966369566827,-0.014942930036164806,-0.0912523207944262,-0.10859446078340736,-0.07996841577241941,-0.06155655593289901,-0.08021057587699124
5.224,-0.023959384925769725,0.005764825897326159,0.029467281180733457,0.009534306056428094,-0.026988137210548824,0.017036388824691846,-0.01983468545678119,-0.10688335872825111,-0.10993322099622407,-0.07403988915823814,-0.057995426933747346,-0.07858823950220445
5.226,-0.025438528506432925,-0.004741446367365395,0.02119167930903641,0.015678645084418484,-0.024613319115440655,0.006455892404133353,-0.009124637728003603,-0.09245268482448397,-0.09530748154650286,-0.06294108470163016,-0.056366857924150846,-0.06844648502969665
5.228,-0.029182206748156848,-0.0033670848684588597,0.026665695124349607,0.016868442199040785,-0.030155103093850468,0.008946431633780977,0.0030186317050941228,-0.07128237418491298,-0.08700287869103135,-0.06284146520501942,-0.06514116789235595,-0.06404809878471343
5.23,-0.03454516554376143,0.0038577556751323984,0.03887546309879097,0.016123117528811837,-0.038547026357605735,0.01914982955677334,0.0036743588208033033,-0.07250138052429997,-0.09574482630883298,-0.07382180693014322,-0.08151755287972164,-0.07224531488895718
5.232,-0.03723078650222064,0.0037238225804672154,0.04095860205422393,0.017944735034316574,-0.03956874104296555,0.021395786480074255,-0.0021463445448237305,-0.09057582464848757,-0.10731152257919008,-0.08296043729927961,-0.09361460380461122,-0.08448891808439207
5.234,-0.03541031761414845,-0.007159072157197491,0.028394838849411328,0.02274592313754379,-0.03146633578058087,0.010277975070560033,0.0007397529900984029,-0.09386592314285025,-0.103362026268351,-0.08294877356926574,-0.09474047312359254,-0.08830886801504365
5.236,-0.03388036563866098,-0.018412829665595695,0.016137513595307653,0.027545619380172498,-0.024867918814868672,-0.0018189072754168868,0.016525367957057845,-0.07126376746914843,-0.08725221958358378,-0.07937270066597031,-0.09071888720562804,-0.08290126789260417
5.238,-0.038249372307474036,-0.01941345371037004,0.019643914021949288,0.030044767272235012,-0.02973027341702253,-0.0008459938752410719,0.031142554273625736,-0.05000703269360776,-0.08082253836633012,-0.08058285352597394,-0.09047690043799657,-0.07928999958633125
5.24,-0.0460645680692445,-0.012890153146189878,0.03353203014968462,0.03055217874310984,-0.04100085009247118,0.009656962658724033,0.029835722947331323,-0.05901513658727264,-0.09593118209679875,-0.0857871648422955,-0.09288108098158568,-0.0846057009525348
5.242,-0.04893244012935044,-0.010361040638104382,0.0385114715499113,0.030727430716743016,-0.04439537702113971,0.013451843830472975,0.017590318657563567,-0.08959202525833515,-0.11737048139419409,-0.08637492405742403,-0.08878716177186935,-0.09109392890185998
5.244,-0.04444919507900315,-0.016024916523880203,0.0284756773114857,0.031440546858128894,-0.03643294224513025,0.004718706972126261,0.012499542647687566,-0.1075882512183236,-0.12236368653401475,-0.07921851313577591,-0.07619636702861227,-0.08684215144316797
5.246,-0.040940148750401896,-0.02252919789179239,0.018795245758012405,0.032822402311154235,-0.029898803195159942,-0.004316926236207981,0.020330737700944606,-0.09867460738353552,-0.11207352107241807,-0.07397913785931264,-0.06649371152019376,-0.07453803376616276
5.248,-0.046854084846865506,-0.023510649530622905,0.02372792767016189,0.03594232308896251,-0.035935467548506135,-0.0022116554596071604,0.02781559492101157,-0.08546199345067793,-0.10965832538650994,-0.08148149481107807,-0.07096331852043723,-0.06976856364865136
5.25,-0.05887456759049112,-0.023281907301664226,0.03564975266943378,0.04210101934834051,-0.048211014080044606,0.004655313937790322,0.023279964886610695,-0.09443262910480998,-0.1264497388767914,-0.09780829936687623,-0.08602850213912659,-0.07968377082145577
5.252,-0.06556037924185668,-0.029637964425316275,0.03574631793072976,0.049756123520829906,-0.051510102764503296,0.0018696990988553504,0.013439615006743823,-0.11775227082397993,-0.14480919927353628,-0.10830714319482607,-0.09796416222031379,-0.09274231826318434
5.254,-0.061947488442148264,-0.04145999581182337,0.020364790923757353,0.054884126701516905,-0.04215518778431259,-0.01178861320885349,0.013876303263041083,-0.12380422435629368,-0.14196528464925884,-0.10667902975862471,-0.09881406123495036,-0.0938947102837506
5.256,-0.05538510263686732,-0.04885680713852705,0.006540591503201487,0.05529804116580999,-0.03240644315375257,-0.022190994051364273,0.027558425669549698,-0.10241386316503301,-0.12151743806260311,-0.1021303476502029,-0.09280354901316624,-0.08379309129484978
5.258,-0.054935644928404546,-0.044820721304222946,0.010066781998958664,0.05225220898069042,-0.03397332238352595,-0.018103319950327445,0.03959507982693927,-0.0805649226863503,-0.11001882766837409,-0.10616712365323312,-0.08945747918381118,-0.07704556931702526
5.26,-0.059911028408772854,-0.03431761849670453,0.025287416148464255,0.048731241522106866,-0.04336217219358947,-0.00543461134986282,0.035897774084709455,-0.08629643721345474,-0.12269415370625117,-0.11737202878538427,-0.09329128615321149,-0.08263073960454685
5.262,-0.06297321495271482,-0.029185307077740114,0.033330298144909815,0.047575124147661366,-0.04806884045530533,0.0004475563888767049,0.022697785898722837,-0.11062429049274741,-0.14306298908809623,-0.12322057762359814,-0.09947123473474109,-0.09202785180162523
5.264,-0.060958278137268306,-0.03342465940273852,0.027249669280573423,0.04902892840125627,-0.04372075178706627,-0.0052892902246804005,0.01927867544458408,-0.11994647935921589,-0.14485778852389333,-0.11715650781920336,-0.1000929714852046,-0.09130536775064965
5.266,-0.05834985372235538,-0.038744842205484895,0.019636199669066382,0.050570182221691476,-0.039073927648112586,-0.011469640522382453,0.031571215332934784,-0.10255853937002851,-0.12797428575686784,-0.10876644181786095,-0.09548544163074864,-0.08138413177430766
5.268,-0.06064862338113692,-0.037461891286556664,0.023372598852452582,0.05100030896950318,-0.04325181341539904,-0.007880873067113119,0.0436444827885875,-0.08541183904983857,-0.11824736039216668,-0.11097484085610355,-0.09454556326762972,-0.0772204101866432
5.27,-0.06695795896248909,-0.034203819126355166,0.032954321942725004,0.052460528881238574,-0.052538776409601695,-0.0007026644913249003,0.04003224012643828,-0.09639439179897517,-0.1303906104061867,-0.1211971112192505,-0.10145459978745423,-0.08601635458599567
5.272,-0.07093269557180405,-0.03859609282159506,0.032632637207983844,0.056534037367163774,-0.05493578170549014,-0.0034378082627809178,0.027063414960027975,-0.1239372132451434,-0.14741934067022158,-0.1251910724027954,-0.10948215563525575,-0.09684625174994492
5.274,-0.06896064912838087,-0.04944536802815452,0.020006264000694215,0.06087018947817578,-0.04691266562249401,-0.016160462561790725,0.023256235299743033,-0.13195423575140336,-0.14579445337741684,-0.11803691999531167,-0.11134616480378597,-0.09657249427220663
5.276,-0.06562857481156854,-0.05480178406275821,0.01140840123942347,0.06217016904206897,-0.03943711982657599,-0.023837700785594072,0.0334186524283727,-0.11005505155574333,-0.12865123096771802,-0.11103677641045878,-0.10852591769087913,-0.0877284348531878
5.278,-0.06775881628582837,-0.04782901407596108,0.02036028551881328,0.06029362675460482,-0.043774495748887296,-0.016109586380935535,0.042512928045622865,-0.0886905363930439,-0.12048013372190533,-0.11559687522230548,-0.10669346284581062,-0.08421738041035579
5.28,-0.07354969322856209,-0.035679219410345,0.03799697789354086,0.057232819693943754,-0.05535758008845009,-0.0010294250335229768,0.037009511013925495,-0.0975721657735456,-0.13255387127349197,-0.12721488293589178,-0.10679406574828385,-0.09210917520170259
5.282,-0.07405147360090221,-0.030533474435253782,0.04341882443239671,0.05435534336444382,-0.05915131239677414,0.004918216539562409,0.023972014982341264,-0.12482287419325305,-0.14747326006308692,-0.13115058855108894,-0.10483855985927029,-0.10113683310305407
5.284,-0.0665453966676251,-0.034895983929508156,0.0315356936470747,0.05201276221211899,-0.05047139064307266,-0.00251495013170642,0.02167854827183198,-0.13312616491693124,-0.14322245905123793,-0.12134703907227944,-0.09912741960107382,-0.09835009301549248
5.286,-0.06018502532613359,-0.03979846352401301,0.020378665237516715,0.05080152227617482,-0.042067342463707476,-0.010530987729712773,0.035147858387571125,-0.10986409916728158,-0.12306158403171899,-0.10736957509169182,-0.0940794890358023,-0.08574253909830011
5.288,-0.06453163845336446,-0.03834818384151738,0.02623888845487473,0.05228150036205236,-0.04663505291738464,-0.007410473210213405,0.04937970025969429,-0.08431834533317394,-0.11135905548245914,-0.1019987778651198,-0.09519645720080784,-0.07763958549600565
5.29,-0.07586960832025141,-0.03514315058220544,0.04077922119534018,0.056932404097715265,-0.05896614878370752,0.0012044826091709778,0.048702565054267954,-0.08953946331173486,-0.12178198986454607,-0.10644382175173855,-0.10155053591721058,-0.08147783710061997
5.292,-0.0816297272821742,-0.038259036301416166,0.04348686754492884,0.06213747077007497,-0.0635511072237688,0.0013788001265200905,0.03674530323443551,-0.11822937627279317,-0.14013919720315085,-0.11093218296501964,-0.10617598303120862,-0.08891067216336511
5.294,-0.0776661600535272,-0.046904589604255566,0.031065068864290196,0.06473331171166405,-0.05631383836892233,-0.00866554180179179,0.030914748995033648,-0.13213908065336924,-0.14355461985260506,-0.10850739159558817,-0.10444284315633777,-0.08810328527027046
5.296,-0.07351271536065071,-0.05224460526186084,0.021687546810520555,0.06471843773287302,-0.049669318759466424,-0.016060373055010395,0.039181187918724256,-0.11368024807994569,-0.1300627832527522,-0.10401386896023945,-0.09962697937189756,-0.0789103277034736
5.298,-0.07802391988502794,-0.049204507261999424,0.029086475144895083,0.06432274213686405,-0.054593491921612024,-0.011348639262025182,0.04993658437144786,-0.08952998525446083,-0.12056116876452516,-0.10663749406037192,-0.09845273971062751,-0.07244383932598238
5.3,-0.08578616836713462,-0.04330825513834907,0.04248140602393833,0.06442402877673836,-0.064284982025125,-0.0021887174287628297,0.048371552287361806,-0.09341334729255227,-0.13000904789265955,-0.11583295880744497,-0.10175101911312463,-0.07601409514885336
5.302,-0.08465110502412727,-0.04346116724930973,0.041194561010959474,0.06403724497667165,-0.06315933276325278,-0.0030225234959768265,0.03721045926533814,-0.11968759530881805,-0.14603800884154883,-0.12116380447851782,-0.10268562213357278,-0.08214390162680035
5.304,-0.07352612025188872,-0.049986757621769524,0.02392958449479309,0.06255792652885903,-0.04933581171781661,-0.014623089027724953,0.03277294216211068,-0.13193002732449577,-0.14600057855974344,-0.11717017512024494,-0.09626616881135164,-0.07848236560612493
5.306,-0.06403623909630175,-0.05427801567928034,0.010575334667570607,0.06066041368885687,-0.0378492364869962,-0.023077374599885406,0.04216992543818967,-0.11290481663618873,-0.12885308989331196,-0.11114447574317729,-0.08739756981815588,-0.06618272180381608
5.308,-0.06503695687568416,-0.05129587172571224,0.014631326227837856,0.05962743447185606,-0.04031357825853868,-0.01953285266449098,0.05370800618942087,-0.08718641170270046,-0.11604201515254231,-0.11235731265861851,-0.08559397812169596,-0.059308532746096015
5.31,-0.07196992747982758,-0.04694533937206444,0.025717044081102772,0.06028113235147422,-0.04991841474737836,-0.012049358742208242,0.05367897119674267,-0.08674560666837412,-0.12097312025833536,-0.11828801030098185,-0.09286843995460248,-0.06487072127691494
5.312,-0.0740457266047654,-0.04910789213326012,0.02548626997824904,0.06190666765370714,-0.051655129944024256,-0.01320719698525406,0.046061140578121294,-0.10691270277728807,-0.13123132873762317,-0.11814269029033403,-0.10117453794607677,-0.07270391708670838
5.314,-0.06911988074430525,-0.05657446454574368,0.012998062592091426,0.06321541008590038,-0.04301445378972432,-0.022770125472917156,0.04644422414285995,-0.11470274656245974,-0.12787642050387044,-0.10980700265732793,-0.10301779948920053,-0.07056014875865585
5.316,-0.06635074209151075,-0.061402035565833304,0.005170030446391767,0.06456237592937347,-0.03708218856009363,-0.028992205247922058,0.058339761700982776,-0.09749037181826849,-0.11341678173428746,-0.10492080985745353,-0.1006216055857205,-0.06172923153848511
5.318,-0.0730691664949228,-0.05918571256248662,0.013827603041431493,0.06724305507783879,-0.0443507849205011,-0.02408758573741563,0.06665826134673858,-0.08115345609717281,-0.10923965662058915,-0.11278776990204134,-0.1017197500851886,-0.05996933447162959
5.32,-0.08419129963843465,-0.05390866310204505,0.030155724904358763,0.07068206679960103,-0.05825451539720531,-0.013803181771156902,0.058999225852775464,-0.09162058171158656,-0.12483230983608258,-0.12613117835778107,-0.10862610324734989,-0.07013528365821474
5.322,-0.08863511777255817,-0.05201468503903311,0.036700841302643554,0.07216042242920342,-0.06411230744492222,-0.009690292099152172,0.04525221431343019,-0.11507442836373001,-0.14019710893869286,-0.1296454967548996,-0.11529911247976343,-0.08143527469129058
5.324,-0.08382381596417496,-0.053123064102868295,0.03105994666137262,0.06987427176668573,-0.059034269818637325,-0.01319626761493227,0.04707300766805062,-0.11325863471572016,-0.1290058315514646,-0.11932427837294986,-0.11572821880801974,-0.08193770022372827
5.326,-0.0789327711576476,-0.05037242323038794,0.02890533224459267,0.06545072661126765,-0.05543393339867735,-0.013239150700820405,0.07039602430233907,-0.07406688936780666,-0.09448846372143326,-0.10688631406772235,-0.1119523776349664,-0.0740260396336109
5.328,-0.0825364216173763,-0.04114714683517846,0.04131424210301033,0.06255025179244048,-0.06324769172416563,-0.0025647988610024187,0.0975271402142855,-0.03036464534158043,-0.06822625691032969,-0.10519376108875973,-0.11106292956655532,-0.07071228072662998
5.33,-0.09147488516048659,-0.03290193394761368,0.05809400955790464,0.06321072980771142,-0.07583590089144915,0.010138181970122255,0.10961608532430064,-0.020107687006317484,-0.07098553667330974,-0.11349497121543628,-0.11555937691272888,-0.07859230924904133
5.332,-0.09632362005282508,-0.03365145521354609,0.062257887122608206,0.06612544883957179,-0.080088813873418,0.01202084569533143,0.11007837413911382,-0.038147959102801686,-0.08837009530624106,-0.12047198213983605,-0.12052164882507531,-0.08934095880108046
5.334,-0.09581406677738336,-0.040292503154959185,0.055494549367842406,0.06892817846429547,-0.07643532654198058,0.005353139850819994,0.11772875368689445,-0.04460992199999072,-0.09286653187364878,-0.12127908465218651,-0.12177135311729642,-0.09098518631922965
5.336,-0.09929210326298787,-0.04205024996454589,0.05744586395549299,0.07111229483257529,-0.0794494165649942,0.005716757939731483,0.14002941950400857,-0.01791227542136275,-0.07771093840740102,-0.12393221489150671,-0.1225965447464467,-0.08445225523712155
5.338,-0.11170479400205556,-0.0332612542703786,0.07858514096493911,0.07245447789916488,-0.09664258059012808,0.021328217731250047,0.16213961175115532,0.019332876241039507,-0.057843354630546864,-0.1329113169661024,-0.1273296843467313,-0.08241786814415697
5.34,-0.12223865301292808,-0.019026285240613925,0.1032931345050658,0.0703319814322959,-0.11460993938875388,0.041173629055423405,0.16329577596895767,0.030665535046473225,-0.04649987009870829,-0.13476775235145208,-0.13020626266554025,-0.0902756508285858
5.342,-0.11507387895631384,-0.008352872553530571,0.10695924348499593,0.0617943621002794,-0.11304204375843369,0.04787551842481833,0.13838756014538384,0.005859656444533895,-0.045088807946083644,-0.11177560722292865,-0.11771918120590633,-0.0948905006959802
5.344,-0.08822754877246013,-0.004365028231984964,0.08426972881030521,0.04744124086119977,-0.08817740802322109,0.03786550090217883,0.09958357036615417,-0.038760798458129485,-0.053916657593908866,-0.06526570781080675,-0.08420250350906805,-0.079260434847379
5.346,-0.05482957843507859,-0.003913685382121087,0.05121257841555116,0.03145382060150205,-0.05471385592091878,0.021707516741649734,0.05833011189782013,-0.0906107650526032,-0.0794154374056933,-0.01356129767622153,-0.03918484431722461,-0.044870706148783655
5.348,-0.02585932310014332,-0.003286125934402262,0.022575569907102567,0.01669263859562545,-0.025819136867416884,0.00830539730847524,0.011588954185026675,-0.1596142293773024,-0.1261413130675795,0.03315485191863213,0.006210248611488143,-0.008839765127966406
5.35,0.002698834225213329,0.0007859538949473947,-0.002067715296585537,-0.00026407179677930903,0.0007719361213474611,-0.002109973864642371,-0.05053471452888592,-0.2622644281356088,-0.18481766890916326,0.08876317747263238,0.05662706106504928,0.02183818893089671
5.352,0.04274822706794606,0.01356021925369761,-0.02927083842022903,-0.02732705277095296,0.03442224382952463,-0.010277119216470273,-0.12800214359807432,-0.39113608124600174,-0.22926132765723248,0.1794934169047558,0.12814194846661842,0.06090122255917442
5.354,0.09814018601089139,0.040387188285928785,-0.05771130424786742,-0.06883808140914102,0.07637062686696688,-0.011588214048527145,-0.20912618424903356,-0.514604871225284,-0.23160156878947513,0.3172086660475732,0.22630903984175782,0.12222048236554475
5.356,0.15957690046714265,0.07980305126967147,-0.07973078620108552,-0.11927840823938683,0.1181067774548049,-0.002026168488778967,-0.28490760472277205,-0.6090422771167368,-0.19094701456761784,0.48280224896950974,0.33485138750462623,0.1972388198923249
5.358,0.21527923081686362,0.11990985572099144,-0.09547006905918298,-0.16653581211984086,0.15371685088323786,0.011701543198388509,-0.3571310950930649,-0.6744773331203444,-0.1402584589891908,0.6356129668733074,0.4288744736317297,0.26130840290233737
5.36,0.2651433979451437,0.14657606954062646,-0.11879460735067494,-0.2037021335032137,0.19014905175006105,0.014115575850092953,-0.4297473803468237,-0.7181129387027547,-0.10924127677712542,0.7453226715847405,0.49793944940802304,0.301922571796803
5.362,0.3209959723606651,0.15895210894364037,-0.1621586764496551,-0.23705780997026643,0.23991367079139134,-0.0019242129904154476,-0.49922269064287483,-0.7444143158948837,-0.09186456619340727,0.8160589813538031,0.5543032887363016,0.33333014714055714
5.364,0.39175329869787284,0.17355305934814144,-0.21802555518148956,-0.27982347998680585,0.3037137693877586,-0.023554262509830462,-0.5603564101499815,-0.7694591119012888,-0.07231516088345467,0.8745001286945775,0.6184303469147338,0.3791052054792089
5.366,0.47308377902443904,0.2058703381903998,-0.26689594355882235,-0.33739320241413473,0.3690925803655638,-0.0324088378934783,-0.6208757112935693,-0.8257053255654557,-0.06297060947908459,0.9414939189609427,0.6995124990574947,0.4464112092217184
5.368,0.5556506338018865,0.24932638426540996,-0.30607011752954455,-0.4012938979528652,0.42967476911913166,-0.03019736773692453,-0.7012183523059163,-0.932289036632437,-0.08013208117964125,1.0245773618825789,0.7925563934959737,0.5237946699660985
5.37,0.6377642544587577,0.2835140270001926,-0.3540119296079649,-0.45999595884369776,0.4942179052649792,-0.03638526398170167,-0.8125567426601736,-1.0688915411331223,-0.09736288459042708,1.128016209428514,0.8914771373383059,0.6012767444332996
5.372,0.7203059852943324,0.3058696198603078,-0.4141496388527354,-0.5125455416218078,0.5656792829184698,-0.05434577414963005,-0.9414021440552413,-1.2020215680337027,-0.06951415562069138,1.2541383201247311,0.9974339905384358,0.68386525766052
5.374,0.7923649014727441,0.3416862072758789,-0.45056338255367456,-0.5663622030340142,0.6208312799751261,-0.0543731989562747,-1.0624884408555164,-1.334411996755986,-0.006744471580463676,1.3919736666267288,1.1098819168655867,0.7807957824242474
5.376,0.8338265615866435,0.41241272286253955,-0.42170951054538885,-0.6222625645926777,0.6278546523814071,-0.0055076441271732935,-1.1594743955586835,-1.506897478978378,0.011513914382008826,1.5108206812584328,1.2135055152297085,0.8853871278485168
5.378,0.834450512714064,0.4986866743144061,-0.3362777730506127,-0.6655385062848308,0.5849158188004724,0.07896013123446811,-1.2264133769726842,-1.744897336464833,-0.08790094027989101,1.5696161279925747,1.27855572369714,0.9694000469503025
5.38,0.8032858144003879,0.542198468611424,-0.2613123765345053,-0.6716126331180945,0.530420288883272,0.1377325535783175,-1.253661313455485,-2.0078547198357315,-0.29711325614166123,1.5304001535358265,1.2719731860272647,0.9970610684702629
5.382,0.7557005402784231,0.4896780986372597,-0.2657797403992267,-0.6212738994679923,0.5080516226954196,0.11001457711476217,-1.2245695246638402,-2.201852966861344,-0.5403206176317987,1.3646297541853605,1.1691728899338312,0.9466495623043111
5.384,0.6968396462765036,0.34332316753044634,-0.3532225882393634,-0.5180943561667898,0.5230564143928416,-0.006149964613316785,-1.1356820732047186,-2.255818490907134,-0.7498693862688945,1.0671900622274353,0.9680647934319071,0.8245655956794764
5.386,0.6243297975443087,0.16683570050484586,-0.45758371330944425,-0.3933443783160125,0.5403508261800368,-0.1470816362098865,-1.013188215748162,-2.1829093306028495,-0.909079035318603,0.6810842850841022,0.7018238369864801,0.6621662183278166
5.388,0.5433611063018507,0.02914513737932947,-0.5145652378623209,-0.2846612333746362,0.5287412393224764,-0.24560391752260954,-0.8953333047298528,-2.0599668737930212,-1.0339312549941897,0.29126167333690045,0.4306737307291276,0.4966049592745128
5.39,0.46904602293613323,-0.056238959789606656,-0.5255017004381412,-0.20597489792132098,0.4961727511808945,-0.2940931240747738,-0.7980387644733915,-1.9537837007114607,-1.1439482074280187,-0.028267014402238604,0.21084404320429567,0.35331247096517343
5.392,0.41029996403850744,-0.12342360342804184,-0.5337931674614935,-0.1437416855000204,0.4701017093381895,-0.33084116152554727,-0.705608466030561,-1.871545194166191,-1.245766471869797,-0.25811314869494045,0.06625553812517741,0.2434465605614837
5.394,0.3584272860720482,-0.19672274927482142,-0.5554363882862525,-0.08090590722865049,0.4550160447828685,-0.377081073397458,-0.5959358185614698,-1.7769182615301666,-1.3274230742831534,-0.424822977448366,-0.018608062508619048,0.16569033378536496
5.396,0.29930658534163007,-0.2646767130205062,-0.5645726771691988,-0.01627950608461361,0.43044139347728116,-0.41526835810711665,-0.4707744696239702,-1.6463823505150523,-1.371769931519897,-0.5626408354810059,-0.081056044472853,0.10616193360012723
5.398,0.23422943859615994,-0.30674525497220123,-0.5413929901035619,0.03855462647720715,0.38647217086329844,-0.425087745762138,-0.36065501534055516,-1.500911192284097,-1.3734545478474962,-0.6804427326251483,-0.14593719334982014,0.04870765259440195
5.4,0.18121437293539755,-0.32004573620481563,-0.501115880969769,0.07231171818566208,0.3395836683296663,-0.4117908754785974,-0.29672553857007117,-1.3777808086672008,-1.334352926684083,-0.7535317350010079,-0.204398445866968,-0.006847168343976399
5.402,0.1538388144203243,-0.3140952019489375,-0.4675153902648723,0.08257373880991788,0.30860900944060565,-0.3917166117549724,-0.2734251079680781,-1.280473105633008,-1.2513689782235153,-0.7517066364250777,-0.2306725795193046,-0.0434527412575124
5.404,0.14275215183979922,-0.29618209401299367,-0.43884929731447564,0.07811810269528591,0.2883291136372754,-0.3682157141201897,-0.2485654003231607,-1.1726921967874164,-1.1216761716179522,-0.6786380720928827,-0.21748123819902818,-0.05019046806705877
5.406,0.12300680610341234,-0.26874865879521237,-0.39220325344530305,0.07358083378084,0.2549933804963104,-0.3314076376790024,-0.1906817539146326,-1.0254658364255305,-0.9583031204374997,-0.573929424700707,-0.1861764755274667,-0.04006600315979936
5.408,0.08030038701434895,-0.23490641214578,-0.3158310849264138,0.0782063145056713,0.1953962183490708,-0.2765581032375369,-0.11386961226106108,-0.8564145822907084,-0.7920708867370835,-0.4765352749541768,-0.1620515995116699,-0.036530758668464614
5.41,0.025247862694638818,-0.20334307801489115,-0.22900147400628038,0.09073392296010196,0.12433124338799904,-0.21715716143768074,-0.050904845519113506,-0.7083138664661818,-0.6516274069579677,-0.3989077077355141,-0.1505479444538737,-0.0476394513734111
5.412,-0.0210536682947413,-0.18391007398695275,-0.1630720241095918,0.10478083179180016,0.06817916887634386,-0.17392473270225142,-0.007341204363709002,-0.5966186666170954,-0.5416170913767877,-0.33682203814646783,-0.14230435009421766,-0.06216750861229957
5.414,-0.050375707157161005,-0.1759046260154291,-0.12575143394385369,0.11524476762153417,0.03504083669602523,-0.15103302332216031,0.03453613331085436,-0.4999784998590213,-0.44771911763625644,-0.28794736433869894,-0.1318259588978647,-0.06835182778576497
5.416,-0.06987746559868155,-0.16701060363218953,-0.09734636391541852,0.11955104802707921,0.011424877228589885,-0.13303965984192936,0.07658093658139645,-0.4018781753017782,-0.3638057590821835,-0.2534482208246282,-0.12313582811697293,-0.06717178549545737
5.418,-0.08474496014207743,-0.1477309902365339,-0.0630460711731111,0.11637405808716819,-0.012687598717915475,-0.10749110188292278,0.09643596563921401,-0.31753199161592666,-0.30187634365624577,-0.2312024603736355,-0.12086646004453237,-0.06629933679383061
5.42,-0.08906916190257881,-0.12200033823267392,-0.032849311675898704,0.1056390325064545,-0.029453627004809423,-0.08034544106761218,0.08133028992662716,-0.2680245454633118,-0.2692780183560195,-0.21471053538250404,-0.12165967289628446,-0.06825624172147801
5.422,-0.07759247179632982,-0.1001519007997623,-0.022502308556985245,0.08981897182169833,-0.02884978046208995,-0.06395301628468121,0.05238891662203327,-0.24277827381289122,-0.24963021148864312,-0.1972906539393084,-0.11688084030616006,-0.06786034825850594
5.424,-0.058936992946167006,-0.08587655594654738,-0.027052763662382014,0.07421152495531004,-0.017872315614182885,-0.05792496894769097,0.04369731960216921,-0.20762657588756608,-0.21970362405462213,-0.1781298969414732,-0.1042185693748902,-0.06005308572356601
5.426,-0.04955610171719714,-0.07507543119962806,-0.025760292093264425,0.06446019618110817,-0.01444967878715242,-0.05075235852716548,0.06322945139487188,-0.14931349718852793,-0.17935102503118538,-0.16506013734699698,-0.09257860439231734,-0.04939522231190002
5.428,-0.0553786408280501,-0.06551604163388755,-0.010252294762648155,0.0625955291701266,-0.024900534424950466,-0.0380536794552773,0.08659682733378109,-0.0938363951222988,-0.15084013989295889,-0.16613311103498682,-0.09148052624018817,-0.04787170761362963
5.43,-0.06594779495684348,-0.0617253336983388,0.0043825096404721455,0.06597191396503824,-0.03643272095121157,-0.02976127986655741,0.09048643144048257,-0.07065377634365785,-0.1460907048082249,-0.1765917353184626,-0.09885210515455907,-0.05910875507324602
5.432,-0.06920920802383461,-0.06753893215798443,0.001838055070611866,0.07033003564572948,-0.03571020525642281,-0.03496239202407216,0.0810436677226114,-0.0712374735396159,-0.1467306449822507,-0.18087128627081925,-0.10393175589684202,-0.0706042280965444
5.434,-0.066726096627668,-0.07783764590183134,-0.011318430526695603,0.07349845287467738,-0.02773317111472184,-0.04675033910019145,0.08184093692251443,-0.06118256364486977,-0.12756803574883713,-0.17038949582155205,-0.10026922695937375,-0.06906073068158108
5.436,-0.06915086223130436,-0.08245828311267689,-0.013822160364160336,0.07597212026422802,-0.028439367548916017,-0.049562355696705994,0.10060093584125773,-0.02856769802580438,-0.09259830259054892,-0.15398579435559448,-0.09202959145241837,-0.058190850752713234
5.438,-0.07948417122868687,-0.07666746701307171,0.0024470283715094716,0.07781805960675363,-0.042371213125942324,-0.038025146392777376,0.11942817254699938,0.0005721726754226035,-0.07080706543269975,-0.14647107075283725,-0.08729197988196419,-0.05336533469314811
5.44,-0.08820781683539183,-0.06538585775883217,0.022862208635789607,0.0771280492544848,-0.056839280018972704,-0.022536026942997344,0.11990456717815925,0.00026328719135625036,-0.07557741238084,-0.1494270395338679,-0.08723753564260446,-0.06122221933537478
5.442,-0.08599344474502954,-0.05754348937137877,0.028807275100706724,0.0729994296213928,-0.05832794236593321,-0.016479472805440657,0.10753442830649572,-0.018083118999984032,-0.08628631520666696,-0.15014563581258356,-0.08501969866779718,-0.07130031621595659
5.444,-0.07550053917035092,-0.05652235407839929,0.019532222062771328,0.06766390024975183,-0.04826465455061889,-0.021090206142701746,0.10260251095378553,-0.020105486552544873,-0.077681681208576,-0.14061205915406716,-0.07644681251895503,-0.06957085785117953
5.446,-0.06803136456571529,-0.05720881859905895,0.011510116907037305,0.06414046427975349,-0.04053152677779308,-0.025237788133269743,0.11195344675626037,0.006204224998624773,-0.05321199381665213,-0.12926163383672623,-0.06772022876078472,-0.05700415750164827
5.448,-0.06983959423948954,-0.05361599213402119,0.01684198318001245,0.06291909732582493,-0.04446851149828452,-0.02022486362026852,0.12121828518166672,0.03590614139943192,-0.037332389875572414,-0.1285647527759691,-0.0681019926499069,-0.04885523464914279
5.45,-0.0751855533825055,-0.04767330748259517,0.02786808584249171,0.06243973287833561,-0.05352385525165456,-0.011310675928986595,0.11720542183301304,0.042099554759416506,-0.040856978769193364,-0.13761511346473945,-0.07753030867338911,-0.05379925450576355
5.452,-0.07574116493548924,-0.047055117701021824,0.02890581410308305,0.06245184106668208,-0.05511450916644916,-0.010317622981799848,0.10693422738019913,0.03150037332660578,-0.04781920886953276,-0.1451005702183603,-0.08707647424846061,-0.06260557654939382
5.454,-0.07260289894222983,-0.054048298615467866,0.018922424948983156,0.06443577060854064,-0.04844130544218038,-0.018658102635235096,0.10638742398009488,0.03243888992479898,-0.0399243832995616,-0.1452716302009177,-0.08985758305447374,-0.06291992132291103
5.456,-0.07415055299936434,-0.06107808452280773,0.013626453796935145,0.06861527467907762,-0.04561641085378236,-0.024454698580604416,0.11811521199926844,0.054196453998077584,-0.022183224752921053,-0.1430447763550256,-0.08680331419504393,-0.05620917654148252
5.458,-0.0838573528514081,-0.05982053791497013,0.024518117699137833,0.07257883629218752,-0.05512703675796975,-0.018097037771121594,0.1287381244851546,0.0732116674620082,-0.014839114686888154,-0.14477804922624865,-0.08296203418654258,-0.053609497505117024
5.46,-0.094101127789537,-0.05145535094008876,0.04281190581232167,0.07317378521077048,-0.06933501203173399,-0.005010184797839441,0.12669480929026172,0.06502008239920708,-0.02462780538189983,-0.1485389142552766,-0.08031840264413102,-0.059655504382697136
5.462,-0.09426860802034324,-0.044526305922994405,0.04963483881538538,0.06956123549629284,-0.07297300401520741,0.0012476553684160885,0.11694769813085112,0.040097151074395716,-0.034670886191082544,-0.1453736559869215,-0.07502660878657659,-0.06519913654153074
5.464,-0.08383210392838583,-0.04377923830288186,0.03991370910243818,0.064185793000397,-0.06286092246463132,-0.0037502824185201332,0.11443153183125285,0.033063216833175625,-0.0264885753041449,-0.13159126186597603,-0.0641213987897891,-0.05835361379667538
5.466,-0.07353933644195182,-0.04491314076268326,0.02861065566158037,0.06029102030292839,-0.0523505299997395,-0.010046118260233099,0.12366510129678168,0.05693225383592924,-0.005124183838360249,-0.11684397596351603,-0.05318383686276892,-0.041387490594258065
5.468,-0.07193830915406638,-0.04192504781338178,0.030078901338364213,0.058735274640851494,-0.05309166815035976,-0.007276196601342573,0.13168477285338936,0.08513720914362916,0.006543448712651824,-0.11358705961048275,-0.05103544658883306,-0.030473628550473
5.47,-0.07502285728885422,-0.03639908989492056,0.03868557058830621,0.057878714648925245,-0.05948936567910433,0.0007505165406051294,0.126624196419379,0.08821799851652515,-0.0014724652459626147,-0.1203573672184753,-0.05734137629365268,-0.03427802654620476
5.472,-0.07417391535748855,-0.03573334392673248,0.038555497085374826,0.056965631201310485,-0.05866539765116221,0.0016325346023079409,0.1161392257261247,0.07379457462243824,-0.012097552729590105,-0.12413394154428042,-0.06301263088889472,-0.041321903255372036
5.474,-0.06986402595509088,-0.04268022449160259,0.027481770359395506,0.057856185915386035,-0.050177617487008164,-0.007769975543785427,0.11683886106490225,0.07297451294805962,-0.0049442382722655435,-0.11830638678250789,-0.06313947429225676,-0.037059782916774475
5.476,-0.07044035629683125,-0.050577409109684,0.020280425635798887,0.061746613721681394,-0.046445547948966416,-0.01648749113302527,0.13037153623358136,0.09469453280363778,0.015011479597447346,-0.10983336569031295,-0.062158341808027824,-0.024762780828166166
5.478,-0.07912381469709628,-0.051478111984640945,0.027914847394925855,0.06632441125592425,-0.05486153059110368,-0.014027400517806682,0.14050381364043366,0.11226240645603001,0.02416479561371869,-0.10793934911614915,-0.06573720208876413,-0.019740392122362588
5.48,-0.08766681092448358,-0.04616398821006099,0.041508378677288134,0.06778942051992749,-0.06652498127874917,-0.004450565234011777,0.1334219651112811,0.09962751130242414,0.012448683673217177,-0.11142234295634423,-0.07253882499113518,-0.027254351696935818
5.482,-0.0859069130874332,-0.042212389444328716,0.04367705644422676,0.0648303394813877,-0.06701005829682212,-0.0006005257085772346,0.11524680549065719,0.06825383835139887,-0.003232736149518213,-0.11102196854343124,-0.07553577399193442,-0.03471495164834687
5.484,-0.07580460657633312,-0.043590783216339864,0.03247153150619759,0.060320368107847674,-0.055817099461598796,-0.006294305729032956,0.10533684624199084,0.05392103787191469,-0.0018826352554415359,-0.10386970809964874,-0.07160302920856358,-0.0284009062874772
5.486,-0.06979657376694898,-0.04596500235590566,0.024298834078531874,0.058398496807236376,-0.04762526798738881,-0.011557592428783256,0.1123045968710696,0.07104590911689065,0.014006970816602899,-0.09966038034374995,-0.06713807860145661,-0.012400946794810437
5.488,-0.07448667791885795,-0.043842227860827185,0.030959250280598278,0.05988364260086465,-0.052664681643961826,-0.007676611398415271,0.12357776783705618,0.09607547871306642,0.023256700545701305,-0.10718035295338899,-0.06931431804375081,-0.003480875495161467
5.49,-0.08277371876537964,-0.03958255679684106,0.043191749911087526,0.062260386674518615,-0.0635546901286078,-4.0201093263846804e-05,0.1241469769692679,0.10094697008613512,0.01604568464994839,-0.11934446030186206,-0.0748206532659519,-0.00820798642078056
5.492,-0.08438575343050078,-0.04025648058433721,0.044084667704732405,0.06340798376608939,-0.06625532972951666,-6.590025499274432e-05,0.11806435933200554,0.0901935048848028,0.007587916960707855,-0.12062600771599287,-0.07413027465890482,-0.01451129885241533
5.494,-0.07895356648605906,-0.04652329928897562,0.03267772538174684,0.0633118237419241,-0.05869514512509122,-0.00846938647742162,0.12069026076895906,0.09125676772947271,0.016348556367899864,-0.10763119573935545,-0.0644441205801511,-0.0095530718819712
5.496,-0.07530211636456012,-0.05065881965763279,0.025120454168586406,0.0630284738979687,-0.052609637593233574,-0.013716366567552735,0.13474053862370294,0.1133901623814442,0.037392445875202976,-0.09300744309066784,-0.05247121715110006,0.002584822081292603
5.498,-0.07960096064028216,-0.04714673935075708,0.0327793346045936,0.0634776215560871,-0.057639125066035954,-0.007787991779762989,0.14560590822200575,0.132820559218318,0.04778254367261102,-0.08850634027553689,-0.04574220300898296,0.007336228235185739
5.5,-0.08707293059395169,-0.040640778686727476,0.04643226622211148,0.06451889730079215,-0.0680554473096809,0.002199243252900033,0.1402672602669918,0.12415209013793752,0.03657060849648871,-0.09177270599219127,-0.04455738133826014,-0.0007498105407307163
5.502,-0.08781461123221727,-0.039656242064746744,0.04810791062566993,0.06488999412334205,-0.06983440801210444,0.0033083755856944293,0.12387717994535213,0.09587373160215255,0.019065489018328177,-0.0924410871408192,-0.04276611938858547,-0.010812733838576855
5.504,-0.08075138895293077,-0.045140797288766736,0.03585551272472619,0.06424808921514875,-0.06033586702783444,-0.005397893018157707,0.11361769384502932,0.08140104010480455,0.01670358905038794,-0.08700425246976758,-0.036389112497976335,-0.009129868613801793
5.506,-0.0759858634976696,-0.04931733645291883,0.027147666962049722,0.06391054962500838,-0.05286044445749152,-0.011367523055246558,0.1170600974944071,0.09593588214952818,0.02983783520784604,-0.08336181310890621,-0.030360036843918786,0.003200432883175683
5.508,-0.07986710774264626,-0.04565228991045274,0.03454226259974311,0.06403830788798302,-0.057446340297826415,-0.005765843452236021,0.12304950090889873,0.11765820262900488,0.03965770758079843,-0.08921208259578106,-0.032845682211684026,0.011323939731060962
5.51,-0.08507853884658492,-0.037496111477190404,0.047560633806684634,0.0628112400122744,-0.06593341156766899,0.004057492784337742,0.11933783154517386,0.12027701732346138,0.03600179886228187,-0.09923777280715267,-0.04250827990676198,0.007133254446713509
5.512,-0.08130531371282604,-0.033582893459044576,0.047539388781711975,0.05931668401301288,-0.06404664725582453,0.004980825375066169,0.11189238693121716,0.11021068444391004,0.031574452259251914,-0.10053942082281858,-0.048406573380450346,0.0006534510146021691
5.514,-0.07040322281881847,-0.03607086655625968,0.03424924045160274,0.0551954151125494,-0.05233747330871317,-0.003249711830768709,0.11560316869314481,0.11422836974156764,0.04220657793814037,-0.09014285356944209,-0.0450507523568892,0.004414900699160219
5.516,-0.06453491598021989,-0.038122650287654054,0.02649113097831567,0.05303648361810091,-0.04598079181206802,-0.007836910295575381,0.1307239090679071,0.1377646506399783,0.062229195713133845,-0.0790709178988736,-0.0399376041017007,0.015010096584861913
5.518,-0.06978966081758986,-0.03354262808951277,0.036450776489712046,0.05318387794988037,-0.05393140178998823,-0.00040633881051690957,0.14101661836310458,0.15527930295200598,0.07049813306889806,-0.07765269242812839,-0.04214271671751065,0.01918237396013936
5.52,-0.07775995708758805,-0.025264527359334422,0.05282676557061693,0.053226668269521445,-0.06615056482215284,0.011611154225121148,0.1352518631500969,0.14551562643268265,0.05898846832471773,-0.08257226978696354,-0.048877595561973804,0.012798018312474554
5.522,-0.07663372890192094,-0.022040228210968987,0.05495666313506463,0.0513935713000837,-0.06652970532502572,0.013943004886618728,0.12125180984130259,0.12195290366615293,0.044190353338917125,-0.08194178482465926,-0.049087724728873794,0.005805247075425338
5.524,-0.06624114352148779,-0.02695179077005658,0.03941546890013023,0.04858954604765514,-0.05377957949653859,0.0038763527788489576,0.1147725305839312,0.11606011615035947,0.045241620985259336,-0.07182987230401068,-0.039291855073653875,0.008702531279296231
5.526,-0.0582106070433107,-0.03292339215459523,0.025076309463711706,0.04703916918538761,-0.04309903403821055,-0.005425671232350528,0.11936965084376953,0.13601742741924813,0.059168117044394446,-0.06254913676394026,-0.029430786957517625,0.018517947987190496
5.528,-0.06178953607176159,-0.032528228355907705,0.029036451648128882,0.04829880298006835,-0.04685341908453818,-0.0022869276971071197,0.1234726392455106,0.15678083390945252,0.0666221913982276,-0.06474928790754543,-0.029818155009829397,0.022852378340579835
5.53,-0.07201283733940117,-0.02859592097025565,0.043522535495621725,0.051816159494947465,-0.058427000902365495,0.006948331072099424,0.11796774121898941,0.15494327397579064,0.0596933558228755,-0.07438978728162181,-0.037387211503654996,0.018072905513747885
5.532,-0.07532434320422567,-0.029354067904680214,0.046267725519051874,0.05451515367586391,-0.060727209842412595,0.007032476577521625,0.10989935016412622,0.14052988257447843,0.05351237676076585,-0.07861931480353422,-0.04065239969442944,0.015144717281085962
5.534,-0.06690637650735308,-0.03527558889683137,0.031671248172065264,0.0533893129912254,-0.049346353591436166,-0.0036941580342871173,0.11269942971280676,0.14166518914537418,0.06488161071060412,-0.07262121452496167,-0.035220713636649574,0.02325637670234616
5.536,-0.05764189449799083,-0.037976525551847023,0.019281534445327656,0.049756064374292565,-0.0394094758751091,-0.010463025622955728,0.12670833590326058,0.16447026248023233,0.08774982734502877,-0.06366411143975098,-0.02759429021084816,0.03638037932758139
5.538,-0.059856318470704564,-0.03228386912159543,0.027145795079801943,0.04804818925899537,-0.045194739458342556,-0.002708784483650589,0.13730025887760489,0.18388573508191036,0.10017778747828551,-0.06030156652972419,-0.024389775446231454,0.04160700408752062
5.54,-0.069902689257104,-0.023680637680646877,0.04626890956894498,0.04931792294136224,-0.0595600573849925,0.01087452528773123,0.13337816744859768,0.17732092375090225,0.0931802433672395,-0.0616061696512024,-0.02386963102046407,0.03584602256101329
5.542,-0.0733713847861928,-0.02147034554686962,0.05241071876928332,0.05010647529472383,-0.06355789701518487,0.013639734420746454,0.12124713263492735,0.1552673535328851,0.08207915727852838,-0.05883463509965624,-0.019893673979087485,0.029325174723752765
5.544,-0.06636084541810684,-0.02690520676977318,0.03990018780198811,0.048500697902573,-0.053493897402756466,0.0036922563864825353,0.11546076159138008,0.14769586631867476,0.08532338715329214,-0.04829725688532708,-0.011292164746434361,0.032233685671848915
5.546,-0.060812843114236154,-0.031861827018522346,0.028975839243112575,0.04711914878921953,-0.04559831031241645,-0.003724486762223698,0.11958661972855654,0.16473402333565162,0.09978150963754433,-0.03842866738971751,-0.004805602113320371,0.041204214191238445
5.548,-0.06582240900191937,-0.030372341504808765,0.03522850596363119,0.04867261518509863,-0.05138393354740181,0.0014819226513474724,0.12274201932284336,0.1840660043882901,0.1060708751365312,-0.039051333367534975,-0.0070535016097350535,0.04374509001119165
5.55,-0.07407989953492855,-0.02731359168487577,0.046661387626965756,0.05203968555731071,-0.06093195714211057,0.009398258329597179,0.116513979346233,0.18266113567981604,0.09695458767537689,-0.04728215446715656,-0.014782486865659366,0.036224904868179524
5.552,-0.07445481900730325,-0.031643550145847174,0.042999267548611886,0.055253288111141045,-0.059198773748202066,0.00491469864575097,0.10808872285598509,0.1693632494495785,0.08890012357727853,-0.05145498271124516,-0.018504505129298666,0.030067888673641446
5.554,-0.0695850318810629,-0.04333031995038452,0.026678170475044123,0.05894794302301805,-0.04906420608332552,-0.009973328721347416,0.11027730130552828,0.17171869744122387,0.09938909566903821,-0.04668564560860783,-0.015238190811719643,0.03594931852471191
5.556,-0.0701738006864655,-0.05184052232841026,0.018771209171110453,0.06322614849689713,-0.04574152276284813,-0.018648227806085754,0.12319366348339222,0.1960300698939316,0.12195629481832963,-0.039496174837319556,-0.011058321401110087,0.048712389027434994
5.558,-0.07655682120907732,-0.04812032698079099,0.028647114094059265,0.06407014392876997,-0.05341373825508082,-0.011740410518471908,0.13268793144331198,0.2167664519900693,0.1339245599606556,-0.03754167065479923,-0.011843770971523528,0.054046326254100184
5.56,-0.07726141198884613,-0.03465969800192506,0.04252428998648002,0.05732400731985929,-0.05993562505046152,0.002408399148957954,0.12755625110398475,0.2103665975369916,0.12647910518341862,-0.03943814202235908,-0.015757785628387755,0.04733138613611678
5.562,-0.06615011463620936,-0.022120692460961836,0.043740626303097,0.04553873815537144,-0.05498382250811845,0.009849876545414539,0.11428598549709955,0.1883062827297276,0.11646372691241498,-0.03736767803087055,-0.014787401909937145,0.03992593557784813
5.564,-0.05234196692492015,-0.017902090822614163,0.03396102478796108,0.03698761062919383,-0.0441864417423722,0.007505116332923299,0.10901342320007885,0.18331556454084896,0.12334159140164278,-0.029192848379616304,-0.004717525850460962,0.044396315298273474
5.566,-0.04923617188135499,-0.019619830453732768,0.029070212174848006,0.03664104997391892,-0.041140155542150156,0.004435570582763303,0.11573568712731468,0.20606217188827025,0.14272042405109564,-0.023365119400389073,0.007072225571688273,0.057247567278898334
5.568,-0.05789059228676193,-0.020385079219511396,0.03731118843182662,0.04105259781847471,-0.0493927947319903,0.00803639550318145,0.12126721738251768,0.23102254434107003,0.15273638709665166,-0.027622739274087676,0.009442251407332845,0.06262456208864371
5.57,-0.06611871651914537,-0.0189470264660844,0.04755574552545436,0.04377692960529397,-0.057711120787652656,0.01321927906462916,0.1149440650968539,0.23145965119002732,0.1445679483599095,-0.03647313955300307,0.0020600958005291443,0.054371873359649124
5.572,-0.063901660091726,-0.020408976963509316,0.04398708155415616,0.04306843243002768,-0.05465685620962075,0.00991914487095307,0.10438609988287084,0.2157558492022652,0.13488893533853297,-0.03757502192023159,-0.0057206764482910545,0.04556423455218561
5.574,-0.05567988802829959,-0.02675163292140332,0.02893386538634556,0.04235116624752553,-0.044056067749183137,-0.000995999028909479,0.10454289755379859,0.21428732344369808,0.142800571447777,-0.029061247831450473,-0.008563921233690904,0.049614926968449276
5.576,-0.054223456586530334,-0.031724057806743144,0.02212147118069548,0.04453812218921931,-0.041063271409726806,-0.006377176903257466,0.11653858190726714,0.23613938091629227,0.1639788990290521,-0.02171193332865737,-0.009294010003489226,0.061284484622530735
5.578,-0.06333380732032837,-0.02808654878208006,0.03510330406729288,0.04763249080165634,-0.05226212498392322,0.002734301793675497,0.1253962176780998,0.2564474165990938,0.17692411472434882,-0.023260654765353075,-0.010829397010686127,0.06542582267904687
5.58,-0.07176899397761638,-0.017543915713536404,0.05462221119133836,0.046848235582508314,-0.06540085466782214,0.01831643469078104,0.1196557717128585,0.2508312844758171,0.17153781269296092,-0.02786373203937788,-0.010741291728895033,0.0582675451493411
5.582,-0.06778290225293225,-0.009298146181972887,0.05909457753579082,0.04079749398389297,-0.06468606409766059,0.02466172764791252,0.10712937147689215,0.22940815200300563,0.162024421060907,-0.024293399503049973,-0.004934665125416451,0.05155724178415534
5.584,-0.05484192068085297,-0.008588285472878857,0.04654197585644733,0.03358178344868996,-0.051755587589644395,0.018264829746242047,0.10411307961001408,0.22456625546619455,0.16699489037659332,-0.011140010621421288,0.005422386025751473,0.056565085257088116
5.586,-0.04622797539579355,-0.010331564098166587,0.03566406855799939,0.0294384609884566,-0.042521295532014745,0.011321596555822192,0.11262002279950027,0.249026561081173,0.18425992829515084,0.0007690330182413533,0.013021317386993093,0.0698761046211173
5.588,-0.04711223287003377,-0.006846305597400031,0.03972663782052504,0.027753887981873483,-0.04519409950311107,0.014493720258502475,0.11858722529670515,0.27928288492066583,0.19523335709233663,0.0020941193118705,0.012529171101664772,0.0783392867221869
5.59,-0.05004561716851779,0.00028492968235831087,0.04985412727353302,0.025810998537149545,-0.05117457774337229,0.022805691106858747,0.11239570888876263,0.28668741730362085,0.19157902755900963,-0.0031259021285484825,0.007671958507570792,0.07596444132209443
5.592,-0.047946476696902905,0.002051158345329914,0.049828743913827106,0.023902427788049515,-0.049583554024728894,0.024031959705033048,0.10177085788736268,0.27553803078675204,0.18679102779593562,-0.003638132441281887,0.006312252109804979,0.07033190132400859
5.594,-0.044262661761071194,-0.004566791927530987,0.03979219623133394,0.02495879124921842,-0.04287670683270645,0.01672344216001963,0.10085131952191782,0.2755817896082371,0.1975741249851772,0.0037872619165709607,0.010210554097271157,0.07069643654842171
5.596,-0.046928046723474726,-0.011666215744111998,0.035394482985831595,0.029771316718614195,-0.04249155788432193,0.011788656553009206,0.11143533622057682,0.29880508137021655,0.22009988819464185,0.011437439755378635,0.014495127396431851,0.07560034625386401
5.598,-0.055415296611739634,-0.010093693915944476,0.045340134809005866,0.033843621142566546,-0.05189173158489093,0.01713953755020246,0.12015597746642837,0.3215500788280879,0.2333041438412341,0.012667987843763677,0.01624591568918943,0.07650527354034138
5.6,-0.059038154509029946,-2.5159791719856444e-05,0.058952696572515076,0.03102545142120104,-0.06027900916381583,0.027664127611941713,0.1154458240030837,0.31794606983222584,0.22692893933671357,0.011162220638174482,0.018911397499365733,0.07094812002211855
5.602,-0.049944198001235104,0.010106618942275334,0.06001199682655513,0.021176534321369917,-0.055799158197213296,0.03248893523847,0.10331240391095622,0.2978616494209085,0.21675252388419072,0.01532169173609608,0.027292259593426172,0.0672595307540209
5.604,-0.03423185950788453,0.014107809750646117,0.04835363899608894,0.011317769771519782,-0.04161650394333383,0.028956742940086263,0.09966215187087774,0.29480898496539354,0.22390218688966196,0.025992303864212973,0.03967059245438923,0.07367221054549264
5.606,-0.026030176159307826,0.014890277167736795,0.04097010007062697,0.007404075982705842,-0.033691247502921,0.026058453689843514,0.10821731203791776,0.3203602002171606,0.2459558553374156,0.03432435830776933,0.046761063113520226,0.08577843747355815
5.608,-0.030746033842285143,0.018658408877091727,0.049541367895981805,0.00796948925312603,-0.04097619147690134,0.03200425152884124,0.11567498812095749,0.3493923911609943,0.2610495318051954,0.03347012741884329,0.0422409092185997,0.09165214395063888
5.61,-0.03882178353348039,0.024226508684118485,0.06334134971224681,0.008275678675624955,-0.0530694064498579,0.04122840709460943,0.11126435074373951,0.35564199215123354,0.25920992701358697,0.028486678792249802,0.033007691687433276,0.08880413407342026
5.612,-0.03855572493592165,0.02436947695709873,0.06320750361519974,0.007280274765549849,-0.0536124306337203,0.04119941831021024,0.10169446544427205,0.34621047971395685,0.2555530938498576,0.029559608068940525,0.03130551647965077,0.08661408679625801
5.614,-0.030791802220286484,0.01762769439708053,0.048328164425488485,0.007421348673170393,-0.0419352867261974,0.03081838353458704,0.10097255151035474,0.34849756394907194,0.26753548381149306,0.037427334691783866,0.03830917542757235,0.09074856647349301
5.616,-0.026452910962405676,0.01146790088927094,0.03736924827871904,0.00996716397461306,-0.03314733182103418,0.022610544201779256,0.11080803310971434,0.3713022731857512,0.29019706384486454,0.04237621295291424,0.04421184097632099,0.09489942488677097
5.618,-0.0307657409929244,0.012693247467100932,0.04286310052137336,0.012584174453749073,-0.03722100190996597,0.025966754901779517,0.1176183998045068,0.3933254612866728,0.30321935323245935,0.038794208551333094,0.04264763346260563,0.09109898412091406
5.62,-0.03585699129202195,0.019315980581081606,0.05501572134473509,0.011645467781553152,-0.04601553078707561,0.03533781674947315,0.11000087339328206,0.39249397932406643,0.2988432638778813,0.03427499643723535,0.037929808654106535,0.08204921513677227
5.622,-0.032434612858215126,0.023655648870151348,0.05631585622703903,0.0070443969103411875,-0.0456609208787783,0.03840784875235363,0.09456727195166541,0.3767689610999495,0.29250090105285714,0.03973515215974596,0.03878844344622463,0.078918088465348
5.624,-0.02285263252755769,0.022674018289546016,0.045600495358834627,0.0022898223042830037,-0.035984990034271344,0.032972933151187954,0.0882204680855547,0.37512656485520596,0.3019581129168071,0.05438428806104422,0.048334758097363484,0.08783089237091736
5.626,-0.016669048628127323,0.02244456593327922,0.03876849768981672,-0.0009525061319545179,-0.029642383641933875,0.02975762371783402,0.09606213286489453,0.3993855132491917,0.32367490130886756,0.06593872179115563,0.06001748627827047,0.10157135051917872
5.628,-0.017190383982063257,0.02908704786027173,0.04585369661279351,-0.0044517849131144975,-0.03341440780479663,0.03645241774084802,0.10547867331261217,0.4283456401902686,0.3385215103366744,0.06571689824273078,0.06482584296661073,0.10769774587044734
5.63,-0.017960560300944735,0.03803027540126514,0.05591109169942148,-0.00893038543185303,-0.03839156191367637,0.045182970304318996,0.10452104800728587,0.43751966634309347,0.33870239482245706,0.0597745188822912,0.06326188744302001,0.10426215418123971
5.632,-0.01224196557224683,0.03921421918358923,0.0517609573275569,-0.012466645213927605,-0.03284625947902106,0.042910497821627376,0.09761752721922376,0.4327365590563745,0.33814019942573953,0.06098167453257112,0.06453732275030756,0.1014751806378888
5.634,-0.002864524914131126,0.03216798539861351,0.03550534865136553,-0.013841301081534989,-0.020091142379157736,0.03110278630971544,0.09731693230473755,0.439213180031531,0.3521594287441034,0.0717113144205665,0.07261292660040938,0.10687614758017272
5.636,4.392447431202112e-05,0.027883437955988,0.028218474240513547,-0.013788052020033996,-0.015891469504278995,0.025700142842726013,0.10539908713945409,0.4631592783914699,0.3751670373963515,0.0809414025750376,0.0802733959998777,0.11560331375121886
5.638,-0.007772794605853665,0.03401094561194389,0.041818509302601184,-0.013304689573544902,-0.027247971798768554,0.035916613819223765,0.10922610267369919,0.48128380996347564,0.38661542382361885,0.07970223790934182,0.07936143827304536,0.11739537151993429
5.64,-0.017303102701189656,0.044539345900184976,0.06145810649635824,-0.013178422886112777,-0.041233991760785155,0.051004559274902724,0.09905313149749458,0.4733432589126864,0.3787549163051987,0.07385373792011757,0.0722082152391811,0.11049694280009786
5.642,-0.01696100564896345,0.04808723396623847,0.06451356584033383,-0.014137123987297369,-0.04125282721992424,0.05411221455586899,0.08331270826029837,0.4529020416445471,0.36946685376633304,0.07673088963899595,0.0694407740432829,0.10546245388373005
5.644,-0.007487090269425189,0.04363357418128781,0.05083506243536762,-0.016575147128867363,-0.02896131236181706,0.04511855372199586,0.07863801050707399,0.4522789481209575,0.3798882610538615,0.09113943408804571,0.07684538350751219,0.11226844587424209
5.646,0.00035777744505791087,0.04230970753102062,0.04204312118144954,-0.020790563715088712,-0.020925684707232196,0.04073734679054247,0.0873118287387751,0.4804929073363998,0.4060115636703173,0.10512405184768461,0.08766100994711341,0.12661807336146663
5.648,0.0008424956451075108,0.051754945376938616,0.05124861552260968,-0.026568882666946167,-0.025862173284685,0.050960499793716016,0.09429668933862942,0.5111718853079552,0.4242604512611711,0.1072557371140396,0.0913491854149722,0.1348139737674407
5.65,-0.0006107206148540773,0.06476417626522728,0.06589118057762693,-0.03206272356939774,-0.034418973237155585,0.06516032974167668,0.0886120073423282,0.5183677774991371,0.4237243450709641,0.10111581209514828,0.08852561854562276,0.13180732217776026
5.652,0.0029772980297070603,0.06893437517894999,0.06666010030079558,-0.03473099761974743,-0.03367202031677617,0.06744105378740392,0.07909033036541188,0.5113232767642975,0.4201560065219081,0.1000050402220068,0.0903028684572734,0.12798542545823172
5.654,0.010421341934964861,0.0635501483138428,0.053874048537578934,-0.03467887715401465,-0.024281276761186407,0.05806718443057085,0.08168708141350176,0.5183921988619832,0.4328566539331739,0.10916988429397657,0.10147230247959975,0.13471937693521688
5.656,0.015709540574791948,0.060558467913651194,0.04541275579614833,-0.03575070844668785,-0.01754488225640664,0.05191942002979811,0.09612822925177389,0.5445424654777603,0.4573257618922935,0.11968246090269469,0.11265892380920221,0.14856250742217614
5.658,0.016540395488956233,0.06850073669800688,0.05227142942300429,-0.04074348245192231,-0.019658143705967808,0.058576950613415425,0.10453136091571621,0.5635178625859792,0.4708936749178146,0.12202923360037442,0.11338537876079836,0.15558185276634914
5.66,0.01596441564828627,0.0807039967326878,0.06493201000384728,-0.04699706825821235,-0.02487380487249917,0.07050201631113423,0.09394410254013418,0.5534326692870486,0.4632955699384256,0.1198711428738127,0.1066349157162727,0.14968416530770565
5.662,0.01792806004703819,0.08413221684670576,0.06647505800096572,-0.0499533107968405,-0.023864720437023673,0.07347386506686043,0.07314063277527204,0.5267511183824776,0.45068537635448985,0.12430361053401298,0.10457042391462346,0.1406944801458472
5.664,0.022676099769587586,0.07677249896309048,0.05446123209612666,-0.04902416827862278,-0.015696500529505344,0.06493316436992248,0.061683454387425805,0.5157737804883425,0.4541606089732191,0.13699841859291925,0.11211252548641554,0.14135219433977456
5.666,0.026261879852299552,0.06998043293182722,0.043970028399498505,-0.04743199073675772,-0.009369811364687784,0.056873178225080735,0.06559447284355979,0.5325139822489514,0.4721911687943154,0.14662747575280094,0.1209661778009901,0.15083565869258134
5.668,0.025674123216805293,0.07325515968979225,0.04758224605916259,-0.04803913681433008,-0.012031531158317108,0.05977912493271083,0.07195286827230297,0.5548716332928629,0.483992645012287,0.14428323100000406,0.12219629609083134,0.1580953268172164
5.67,0.023629497503241934,0.08187402952406679,0.058113833376602766,-0.050667724999745346,-0.01837899841605849,0.06846579455064575,0.0689947559255003,0.558113038302512,0.47927276890497206,0.1363036928995276,0.11927971796417652,0.1600302181391105
5.672,0.025260921513589003,0.08420323895030417,0.05887201302077389,-0.05295579369422717,-0.017641340385688865,0.0698699350785576,0.062109191161880004,0.5483035308440395,0.472836169368856,0.13560622109947648,0.12226461652399905,0.1659256907636374
5.674,0.03019609603993971,0.07773847501611729,0.047577008717182366,-0.052941840607858,-0.009366971646865162,0.0617107470383286,0.06360856132890927,0.5500550151408974,0.4827020324741544,0.14405990781757547,0.13266814165968238,0.18126179946611867
5.676,0.03197409212224751,0.07166060975700492,0.0397193672351528,-0.050971815573791074,-0.004610002696801766,0.05535590174761916,0.07353999183632462,0.5686702434112858,0.5031307420321411,0.1516712537687782,0.14211729902946785,0.19758989536490862
5.678,0.02735750145578324,0.07446938172492674,0.046988205571170026,-0.04975263147916232,-0.010420843259885685,0.06016005793502764,0.07815767526567757,0.5818249997495055,0.5108133616041314,0.15194629953738065,0.14465250264630025,0.20295007942191362
5.68,0.0222310193592543,0.08301936797337499,0.06043482465510627,-0.05144639108614192,-0.019381092758636462,0.07043870868581928,0.06699750398743771,0.5700152011823861,0.49605187056082606,0.15003336409363932,0.14401661190895082,0.1967445504266096
5.682,0.02446508843738678,0.08644703585586837,0.06154270586296539,-0.054885164709715786,-0.018882132787978727,0.07227132051337731,0.047198756104752694,0.5435254565951437,0.4768655140376603,0.15415196657953315,0.14761754285449455,0.19084801107330457
5.684,0.033375059729153514,0.08088235533197596,0.04723609699325258,-0.057337150418834616,-0.008045057138560432,0.062325420007291535,0.035855178741207465,0.5307734815839218,0.4761503298480275,0.16392604019868723,0.1562190850637981,0.19600746139894692
5.686,0.04048383333553683,0.07542274677302761,0.03484534382993554,-0.0582690223808997,0.0007888952808497578,0.053338496483408444,0.03860955205564356,0.5424026124800573,0.4918619617703235,0.17017824077953148,0.16206100229874662,0.20917985603510988
5.688,0.04074083597110608,0.07948794378403388,0.03856782390852891,-0.05959334149773374,-0.0011437647269069593,0.056882287969966625,0.04360032529927655,0.5573963976725897,0.5004893457793139,0.16610415668540007,0.15829831682233111,0.21758102582491343
5.69,0.03819481161086775,0.08780171582697198,0.049263983868938266,-0.061671855855205016,-0.007181624593600493,0.06620459683462272,0.039359524209176794,0.5515996273280089,0.4895656099975606,0.15655559626141,0.14841686602258794,0.21484206939889275
5.692,0.03864316119215391,0.08641391119484744,0.04759650628477461,-0.06156909365921739,-0.0055244367960641015,0.06509547113372635,0.03033859308350056,0.5311502368315388,0.474447286788514,0.15292894023275336,0.14247947445063985,0.20849887240221404
5.694,0.04207077015768393,0.07412854499413338,0.0323555768362506,-0.05829971384794098,0.0037823907591971644,0.051870871364441185,0.02915846997147174,0.52277980281585,0.4760676853658079,0.15912814084613014,0.1448164224858215,0.20941045189663293
5.696,0.04506656492261749,0.06706094222191156,0.02256327890086774,-0.056612600429625265,0.009759160513839857,0.043246426336718026,0.0383701368525814,0.5343353427151919,0.4915751995458898,0.16680902899042666,0.14976496951971108,0.21760406848279698
5.698,0.04656564115985261,0.07689935253683115,0.030682729081683468,-0.06097177285663197,0.006448387987562913,0.051402094622611826,0.04574792640132905,0.5425071411726905,0.49842195654385446,0.16641872492477947,0.1502496064913909,0.22295746466505453
5.7,0.04843335219241015,0.09369456938074451,0.0452035931869309,-0.0683144127090364,0.0006873143993526104,0.06668561173089495,0.03947770736676773,0.5252255600329377,0.48522920093306465,0.15970905174115518,0.1473596109155551,0.2195023223120374
5.702,0.05203054728716652,0.09840404854721282,0.04616156367322565,-0.07145336835542176,0.002402314365306241,0.07017277886481865,0.024437705471479738,0.49307413092337077,0.4668154266496026,0.15725129788449232,0.1488065505416229,0.21396511668504842
5.704,0.05601541192627772,0.08751678896314946,0.03142362496757936,-0.06844072548411177,0.011703286610346702,0.05825389327269194,0.01635308188582708,0.4762070074567822,0.46335881679971175,0.16415874845386794,0.15821698715055107,0.21657398865353147
5.706,0.057356470408007336,0.07587316329110172,0.01859182335504404,-0.06430992204644627,0.018833222131249144,0.0461721410743394,0.020684692413424365,0.4851322987895461,0.47310114772190504,0.1728704568893802,0.16889271393805694,0.22667031930839712
5.708,0.05489927322672238,0.07605357085537048,0.02125443739419456,-0.06383861326322827,0.01664044022667015,0.047172774442920604,0.026369185604586926,0.49827645393133874,0.47597656105021846,0.1735321315588162,0.17124288402551271,0.23312883683451563
5.71,0.051959909921110894,0.08335884756986223,0.03152701095627001,-0.06618620841642206,0.010172241788500201,0.055652580152928344,0.022697377605693663,0.49196100258591435,0.4623159119948745,0.16790839395250684,0.16495893001528106,0.2293580397202088
5.712,0.05326164262911534,0.08473259675606758,0.03175430636002366,-0.06762292842991664,0.010241419906742577,0.05654859825243642,0.013730571620582485,0.4710538616666779,0.4461349968045994,0.16582886937941196,0.1589151257467308,0.22191407519747636
5.714,0.058766580102382955,0.07790971049179927,0.019546458700192185,-0.06721492695126616,0.018364551613762672,0.04754369685843512,0.010467774192188455,0.45944690214655065,0.44473451131585146,0.17015732542643153,0.1591262768872364,0.22099218296111756
5.716,0.06304099993109011,0.07416583392629698,0.011373255933854541,-0.06753331703232868,0.0240164464253999,0.04218752143035048,0.014422219918209403,0.46571089678594846,0.4538658964096194,0.17364101964276127,0.1623221352762539,0.22682972655530392
5.718,0.0628034193070803,0.08122999163571565,0.018287175044473886,-0.07061744066236436,0.020070153628187624,0.04926269707740524,0.015871169048777597,0.47034234384492163,0.45305430912538347,0.17060323457928095,0.16321662961075614,0.23039321923659167
5.72,0.06230836600428799,0.09154331947120956,0.02876205262968682,-0.07524930042273652,0.01437180722033409,0.05917363808500829,0.00787713585414734,0.45167719506346843,0.4337154033126443,0.16548715714406056,0.1630944409708196,0.22678351098148888
5.722,0.06696748068951483,0.09250786508772538,0.02504511447543839,-0.07820094577201053,0.01851086455137084,0.057370664142797984,-0.0033727866922265326,0.4172877217086393,0.4114487047006551,0.16731740633166053,0.16706363072246647,0.22257896903031094
5.724,0.07438753517431908,0.08352139770916873,0.00889782732159664,-0.07775012529744829,0.030377211260078533,0.044760048102471396,-0.006018736227931684,0.39688185129108555,0.40550563456746164,0.17765896262839853,0.17549613881183662,0.22653028419868432
5.726,0.07680337884947445,0.07600707140638199,-0.0008426126358115815,-0.0753332646973276,0.03675620848989676,0.03610729550804474,0.001647851890592207,0.40276347762212045,0.41289274476682036,0.18666063459746682,0.18202282392673463,0.2363254693166042
5.728,0.07117743656216757,0.07668217753900976,0.005307290796158463,-0.07275669482995796,0.03145781285860788,0.039131005178657426,0.008008082868153755,0.4120059842065983,0.41192769730338596,0.1837388781657116,0.1803728443856187,0.24013411495289194
5.73,0.0629919169948534,0.0781306124940805,0.014596739032228948,-0.06926932022987949,0.023317444974335768,0.0439143589208771,0.003217405491285111,0.3977305616529674,0.391567673470338,0.1714183073906521,0.17224456932440677,0.23215459840123154
5.732,0.059052517569534564,0.07042507929774101,0.010594822442409087,-0.06332337581588823,0.023644958636305086,0.037775732218944105,-0.007090476036709846,0.3661800507041199,0.36647357037155254,0.16227878944674,0.16591363779323168,0.22078747855384975
5.734,0.05891892460468415,0.056471362203547495,-0.0032206339350155455,-0.05596045122412074,0.030501249707609587,0.024230269439559863,-0.009470653571284314,0.34698680493209894,0.3561896923458905,0.16176685921236025,0.1657967433671809,0.21736829305132918
5.736,0.056713115442180155,0.04909059472163742,-0.00812196209469743,-0.050775104314326344,0.031689340580524396,0.018824663638831524,-0.0018138657515367048,0.35140260749883523,0.35834317513287234,0.16218702862568488,0.16720828720668404,0.22125629851179884
5.738,0.0512299363302337,0.054492365180426106,0.0032587695404807313,-0.05078792632588138,0.022964307537891995,0.027659680238707726,0.002893056567913939,0.35615764049715876,0.353054633709776,0.1558590423367509,0.1640803964289589,0.22164230834298168
5.74,0.049366434923152666,0.06448090792571581,0.015554435901508196,-0.0555140939029505,0.015511770769636259,0.038711835670578176,-0.005567344612786481,0.3352510140881845,0.3312794460544802,0.14715170685362888,0.15810656651746244,0.21372304810573334
5.742,0.05620072783550712,0.06668782720215906,0.010918082709138147,-0.060771413121903706,0.02099526976692763,0.037581568058799024,-0.019549215600821977,0.2969403877146243,0.30767136194989786,0.14616733216123048,0.1560826349121675,0.20626713603484156
5.744,0.06572688870425869,0.058879612791913005,-0.006893434683073704,-0.0619571499582781,0.03485938708109466,0.025595486348324106,-0.023268581903922447,0.27355156530185115,0.30029901855782887,0.15363694050730986,0.1595485264455042,0.20876846126964488
5.746,0.06711571481654308,0.05025967304012845,-0.017244230630742183,-0.05823603141059207,0.04126196413529772,0.01703801871694082,-0.014017132364955982,0.27767883095282164,0.30583332460656165,0.15883887441041344,0.16145436677003616,0.2174098051358712
5.748,0.058680100124503635,0.04895399289336464,-0.00983638565664207,-0.052814552018231056,0.03360490468916464,0.02002937175203084,-0.00540260856836001,0.28584598464405964,0.30402700828970003,0.1533671103433527,0.15519654643452194,0.21973729846461665
5.75,0.05013843831364745,0.0513985836348638,0.001666191268036449,-0.04885134455731225,0.023391068442667227,0.025854699816049445,-0.008863884513993435,0.2714776331700613,0.284957823584374,0.1417481972862747,0.144151766554768,0.21060428353163235
5.752,0.05052289884237194,0.04836308880284572,-0.0016826237827693576,-0.046850858806324606,0.02495943759394009,0.02153905891660022,-0.018807848897589487,0.24106284053418825,0.26272113458778584,0.1350416565368868,0.13784856770802548,0.1988926879571263
5.754,0.05766893453175664,0.03916682811932635,-0.01840538484207074,-0.04608439898164209,0.036579574407771744,0.008495769623327015,-0.02089290477278437,0.22359298548259232,0.2560544544918565,0.13639447142301955,0.1396057893691058,0.19623588840494857
5.756,0.0616598542425953,0.033088828951627264,-0.02877566548583221,-0.04619720878994135,0.04334731653932408,0.0009444002717444186,-0.012119323932248476,0.2285331085752717,0.2614475440167059,0.1375842547044066,0.1426090996198123,0.2016844387738148
5.758,0.05755183024229629,0.036351724967336005,-0.021357950369924043,-0.04699047351108937,0.03728304789381225,0.006667247743450066,-0.006252095320810009,0.23113737987892477,0.25710856780304725,0.13081248707431192,0.1389590433546623,0.20317319202848652
5.76,0.05120834437886412,0.04328501343583889,-0.007890674322275183,-0.047763248975005494,0.027271664695453467,0.016482383544013407,-0.015994339417707806,0.206713414942321,0.23319932570714966,0.11995021988806955,0.12972190665599437,0.1942410862678435
5.762,0.050741573861966066,0.04371394717257522,-0.0069042335651133616,-0.0475293244458127,0.026408737642569152,0.016431350686946525,-0.03459918813722893,0.16703343248110278,0.20601942132669937,0.11596609442267838,0.12377450290818483,0.18285810396229177
5.764,0.05571561318210498,0.03614577398009953,-0.01940750784023585,-0.045953990632811144,0.034998332163255805,0.0058648156645668865,-0.04360156033350305,0.14686931689457716,0.19679267469679906,0.12240836279667741,0.12639234423590742,0.18071906474374283
5.766,0.058244407124775584,0.028982717438158705,-0.028974651804286225,-0.043634557725689284,0.04116269013375649,-0.002501087640871919,-0.03689377833338543,0.15821105389331755,0.20420355198134865,0.13030248004751668,0.1318537944899114,0.18816006687212952
5.768,0.05362822978806729,0.02885841722618307,-0.02438341135582489,-0.041289876360460546,0.03705976167603547,0.0002548137027225593,-0.027446813630592728,0.17468176796720927,0.20667527661292812,0.12942431284782846,0.13074086645004135,0.19394544606184752
5.77,0.04619372045041723,0.03172109579253091,-0.014212358582592361,-0.038580184419090384,0.028999318704776813,0.007480272312724152,-0.02860387916112751,0.16677693966400384,0.19109843040769678,0.12115785139751228,0.12249351327969701,0.18955660356005427
5.772,0.042597857791865264,0.028682629710686823,-0.013918894853125741,-0.0342009766858899,0.027566844203193892,0.006457045352143722,-0.036570329955154864,0.1395370437177586,0.1697954870327024,0.11549863364429387,0.11566730799667913,0.17948904352332273
5.774,0.04231171396367693,0.018605584967174654,-0.02384399307481871,-0.027888003374791973,0.032094625351164606,-0.003661075559536848,-0.03717734914024777,0.12191389511998639,0.16215895225162044,0.11671878993538364,0.11532908927275046,0.17404251006689272
5.776,0.03914203150841902,0.01015152138025659,-0.02906194548282973,-0.021938726532179893,0.03215911671012517,-0.010682021700268628,-0.026831664885159423,0.12493743807672314,0.16656001351241495,0.11823103841213527,0.1153513996575582,0.1751501771517447
5.778,0.03162386365100178,0.011062948813154871,-0.02054497929900833,-0.019842170220135277,0.023480395555776752,-0.006061760204688904,-0.018889516503833133,0.1269746289102898,0.16275727241868515,0.11297718504111719,0.10749749141042943,0.17502782388369573
5.78,0.026082178574434584,0.018096739833103098,-0.008059793451968668,-0.0221358004236714,0.014819148342335747,0.0035885371353049367,-0.025876239216857097,0.10481344547655168,0.14146102298186958,0.10382479560660896,0.09434867285674776,0.16873514637668954
5.782,0.02736824696322287,0.020862433902674924,-0.0068482465931247235,-0.02468171098350811,0.015887697631701597,0.005462662113349046,-0.04125897607723054,0.0676663999737857,0.11859166378524974,0.09997896976990067,0.08637790929282747,0.16223566512473858
5.784,0.03215677478637625,0.01600736161285033,-0.016709020985754587,-0.023859245773556706,0.023865113697615337,-0.0020504310484708156,-0.04702023351427263,0.04765503764915859,0.11389713300109261,0.10447611710043554,0.08776183344222073,0.1637244358610328
5.786,0.033930541617415884,0.011511910128251509,-0.02290918785015303,-0.021380391488637917,0.027404489338943554,-0.0074844289592846894,-0.03756215756675069,0.058364165944909806,0.12391879429869333,0.10927871844042458,0.09147428207985765,0.17054181031715224
5.788,0.03127532247543279,0.01399425129682876,-0.01747494916834885,-0.02092658855962541,0.022404524348211313,-0.0030762541744109883,-0.026392996532634425,0.07677999152412729,0.12647876245142323,0.10548363929998984,0.0894454171269981,0.17191206194431902
5.79,0.02890547669661578,0.018055859502902716,-0.010851599606525479,-0.02231853197774239,0.01777448578084414,0.0032496007404988494,-0.026399750871133568,0.07404094040385284,0.1105155473071573,0.09528973939551091,0.08301934267154022,0.1642298984687
5.792,0.030640049418620658,0.013976828797331453,-0.01673918223421732,-0.021846352348899534,0.022413734510494623,-0.0010117943082824734,-0.03241616946863549,0.05329618509374734,0.09048413537421103,0.08838867890975435,0.0794152934476403,0.15585641538687386
5.794,0.03375121145689784,0.002886815868076145,-0.031051747447988866,-0.017834803501289503,0.03160603662249615,-0.013755836832295098,-0.030312013724910904,0.04245110490196674,0.08602682475869243,0.08827229917427376,0.08006360878820616,0.15509480610403478
5.796,0.03176265098617171,-0.0035713917339401566,-0.03545134877419937,-0.01290576184573867,0.03229765586708629,-0.01961191824680114,-0.018229887409416033,0.05319504507340659,0.09528598323884953,0.08823446507302106,0.07870586370102939,0.1592578384786288
5.798,0.022301959635716684,0.0005111421956754689,-0.02175526121487657,-0.009660795733034959,0.020134894577288693,-0.01099303245839979,-0.009913933413125905,0.0635488895401075,0.09743890683718173,0.08179828501326346,0.0718672007213852,0.15866418767885773
5.8,0.011401541017197194,0.007256972744688129,-0.004037318547224863,-0.007478211737548238,0.006072800828985932,0.0010394358782400514,-0.01606332802651889,0.048099491817501984,0.08044674729037606,0.07259042495491821,0.06483591122930882,0.1497484133674898
5.802,0.007573087526640167,0.006206371981207369,-0.0012113187926162143,-0.004939753959196877,0.0035787723644804515,0.0012823776347452756,-0.02962824604172486,0.014489591639194029,0.05718328772698276,0.07014493968868188,0.06425948871590326,0.14015657737554552
5.804,0.011258415369870739,-0.0021897624121068847,-0.013155442973459355,-0.0024967112958685276,0.011920305010006287,-0.009978689512825132,-0.03456349978946356,-0.004715415277799441,0.048850034235305755,0.07707079494921008,0.0691739344656364,0.13892873802226735
5.806,0.014338858132279777,-0.008018023687868641,-0.02196421685188561,-0.0015847516287202186,0.017398121750233947,-0.018015431605232484,-0.025826130116943805,0.005647669320618565,0.05771302555648538,0.08400450649601128,0.07216715241719973,0.14484705563390346
5.808,0.011875392295429913,-0.004938832355412846,-0.01653224706931788,-0.0027294475221479385,0.01226068321662042,-0.013371835450474311,-0.015141193523449569,0.02362948716532715,0.06485370648057757,0.07981975975447157,0.06785056026876349,0.14772673491579738
5.81,0.009271830314365636,0.0014877766263436075,-0.0076379997102179005,-0.004936757015026548,0.005754220770327727,-0.004422246328092449,-0.015016115833286561,0.020267177120463373,0.05618064651640415,0.06584238189842799,0.05914339761880014,0.14145263092604654
5.812,0.012804720568930547,0.0010777760825852409,-0.01140762571123673,-0.005997255997451734,0.009697819837179609,-0.005289524188152282,-0.02154875839517444,-0.00043567313890633926,0.04143469496274316,0.05484562204432722,0.0544937842303462,0.13232402104876517
5.814,0.017787939511740975,-0.006693919644048742,-0.02380207749798336,-0.004092348758626765,0.01895577182339929,-0.015151137252938544,-0.02017929879389785,-0.00748363125083978,0.039488370937387364,0.05489567140476419,0.05824578886130343,0.13069201955895404
5.816,0.01384315132881801,-0.011548173427481405,-0.024673886809035882,7.664867102117309e-05,0.017310263920319313,-0.018978462944980554,-0.007322193586406684,0.012029957027931738,0.05076018342597988,0.06005126529431498,0.06504632567055449,0.1366127387808474
5.818,0.000257789419319877,-0.007187503657320663,-0.0071584395087436,0.003907293041098818,0.001161299349721926,-0.009377431480684303,0.0026482076548863804,0.0317076836643616,0.055686794995094616,0.0598173789248972,0.06589969480861063,0.13893522675470552
5.82,-0.011074279902052347,-0.0002803093353633401,0.010628664263557587,0.005767125988839465,-0.013703044440819934,0.0025226603649954027,-0.003399205867390761,0.020861507788869704,0.04212625733578212,0.05341265639557126,0.05955095207826482,0.13039610565170784
5.822,-0.0103900253683698,-0.0006021388259099706,0.009550870281854201,0.006353194659031275,-0.01257567150583701,0.002728827662465379,-0.018055667114783167,-0.01189089985834449,0.023413793988953432,0.04974065393087351,0.053854409714982523,0.11899316227471568
5.824,-0.0025566464637858393,-0.007702919921956828,-0.005202036420796142,0.007364153733103846,-0.0007253698822762632,-0.006936781863328039,-0.022194903176761552,-0.029123688893757632,0.020587449659095675,0.05393469787128553,0.054281509165964276,0.11774214321364034
5.826,-0.0002818995699155633,-0.01225687023910892,-0.011996469347537947,0.009335900851417367,0.004438835066373536,-0.01229646006805433,-0.010319907857438101,-0.014727349361161471,0.03315212948459526,0.059033339407834645,0.05591390299764596,0.1259007065909653
5.828,-0.00791803858702067,-0.009245880878981733,-0.001584082689864229,0.011454004080012141,-0.004056232091698083,-0.0062281564904624435,0.0021353448523173946,0.005890687627863931,0.039502682494311187,0.05465610930274613,0.05046506651868292,0.12918265198738305
5.83,-0.017028567852451854,-0.00532971907703969,0.011228910611867439,0.013283606554278522,-0.014705873231256581,0.0015667582800892098,6.284326916481676e-05,0.0025528828165793417,0.027887182840894566,0.041827411163858456,0.03885803075867869,0.11989379022495393
5.832,-0.018224077083489273,-0.009348070739148315,0.00843833077840574,0.015215436613867392,-0.013932060196519623,-0.0017151170525422446,-0.009905880150336473,-0.017567299234000404,0.01444763502054526,0.032718079565178616,0.03160124465584025,0.10851390324466022
5.834,-0.012986481676355754,-0.01838378593777314,-0.005731421894330692,0.016825288252090915,-0.004722129626750174,-0.01288968660352572,-0.008977085920514175,-0.021805210338108925,0.020343343515251404,0.0341785052151628,0.03489868327856834,0.10899759839761504
5.836,-0.01038197083061015,-0.02016234295171071,-0.01014383246542329,0.016255948790127126,-0.0018385770076604952,-0.015904491829157145,0.006198394796451559,0.00030785026540416195,0.04037544768999529,0.038518469547310794,0.041793187175414664,0.11869124401582634
5.838,-0.014777050295394568,-0.009913501786080607,0.004491661023979581,0.01293888850926397,-0.011427942280826822,-0.003806052831849387,0.01817000450416593,0.021664019176740722,0.04909433442450869,0.03517101593141917,0.041935642448967546,0.12211884951903629
5.84,-0.021125947440973087,0.0019005723727908914,0.022906377684712917,0.009775206161771481,-0.023403933915084114,0.01080610368606878,0.012791532002880846,0.014713020059252568,0.035433598767359714,0.026226440454418385,0.03588566712763985,0.11257657439846092
5.842,-0.022361863536266104,0.0030426512367941285,0.02564978293081217,0.00994989331352188,-0.02521810919073796,0.012255547284247449,-0.0020512204155784665,-0.011407675533030922,0.016795180420840352,0.023401241280751467,0.03298847066167005,0.10054746451559156
5.844,-0.018645246858456282,-0.004597890759900408,0.01438674296025041,0.01277070818768623,-0.017904318727041662,0.002669854290613091,-0.007809402206426504,-0.024169908868656373,0.014587406072650272,0.031013382288970916,0.037106483678177704,0.09856885459951836
5.846,-0.016701885707529514,-0.008846127747540967,0.00796407869132503,0.014849118596543755,-0.01379797318122417,-0.0020332669858716215,0.0008051783411065136,-0.011049712275991594,0.026889073054488108,0.03897628602286237,0.04170987149175663,0.10505538730307276
5.848,-0.020311972081784636,-0.004483028643673285,0.015731030203359597,0.014619555489400325,-0.01933583687031764,0.005140220362006802,0.010666969483591943,0.006193127461778285,0.03382079589475953,0.03585175183434585,0.039925305890076486,0.10785087110365725
5.85,-0.025685880078259306,-0.00028711525724378444,0.025409004638341753,0.0145010708695479,-0.02677647055409196,0.012759438834447157,0.009055763089015194,0.0035834311421463943,0.025633180321509096,0.024333280593319833,0.03410278772160291,0.1008045681857044
5.852,-0.027799679491677196,-0.006358645936185951,0.021794697130714153,0.017622343709782714,-0.02620664969968418,0.007609363105861457,0.0012047897838783446,-0.011582839852586608,0.015713280833836614,0.017259825971013106,0.03226933878322603,0.0915139606573198
5.854,-0.02696397967508201,-0.018852985090069482,0.008732542422168916,0.022741135463411596,-0.019552566334702655,-0.006108598734003485,0.0022356441395672442,-0.012102231192284355,0.021560696193503686,0.01985183026302505,0.036952790956581966,0.0906773481311951
5.856,-0.026963684626788297,-0.02350477835800828,0.0040720730177592765,0.02485801081457221,-0.01732163833187238,-0.011397605344398265,0.014431102622557358,0.009273157137678,0.03981321913792641,0.023854989801462455,0.04179247142709911,0.0976079948796896
5.858,-0.029134178918772395,-0.013747354905670297,0.015761433665894265,0.021398290073261612,-0.024041196485707513,-0.0004111142596392464,0.02281030821831273,0.0278568248595054,0.04958810755559544,0.02080376255538119,0.040383168509113526,0.1013799834690874
5.86,-0.03000789524831139,0.0005921176260915584,0.03068263111323574,0.015363231727799626,-0.03161771600922898,0.015091673013023086,0.015725867276710975,0.020225364188201346,0.03984344884861367,0.013999135824348731,0.034364273107063914,0.09557675487352084
5.862,-0.025471008790424063,0.005926922163113721,0.031308253894518516,0.011095417910622811,-0.02944870752267551,0.018762170267748443,0.0015398585942413738,-0.00266545179907656,0.024577452116891274,0.013221748099878736,0.0304765243250606,0.08672325250955146
5.864,-0.01733705954632642,0.0014748776864226447,0.018726690183792163,0.009519890524070701,-0.01892872102055184,0.010094693808648395,-0.0015173744445562483,-0.008470994324891668,0.025138909395300495,0.021239451512834198,0.03204801595789059,0.08568887197208451
5.866,-0.013507905825991791,-0.0028264640454994092,0.010681961117618089,0.009651955665199137,-0.012830538301431983,0.002908025605324374,0.010800183316529974,0.013222098075922378,0.041441753131579474,0.029736083137921348,0.03471977297529179,0.0927925513070052
5.868,-0.01881443935833486,-0.0016913232992492476,0.017167033496578707,0.011703558595501165,-0.01879698928919099,0.005621927439014815,0.022522002809282814,0.03586485741370665,0.05146399069958268,0.02938338881247734,0.0315504982813945,0.09609173709433512
5.87,-0.02768868977226126,-0.0009708807131725947,0.026738539923966867,0.016158570681822446,-0.02841235640463262,0.010505909191735557,0.01855292187276304,0.03219714829253371,0.04241817512176168,0.021652995177394337,0.02317734501714612,0.08778796876696356
5.872,-0.030309535345604887,-0.007629133958030846,0.02266672602480534,0.021361104206092805,-0.028012983869979708,0.005747713599353288,0.00548920515250544,0.012295701777964034,0.029765424232977056,0.01676220888681163,0.01816904129054573,0.0764982695555616
5.874,-0.024725251430216828,-0.01731564748360689,0.007391890404914833,0.023457495176601784,-0.017346521316128884,-0.00602788324353853,0.0027230079356744354,0.009023528340003369,0.03556745754004352,0.020389702924044156,0.020696416580267933,0.07538221721343236
5.876,-0.018610562110054824,-0.017749108990965348,0.0008385109657389686,0.019757322840622267,-0.01020853480944101,-0.009166987124181417,0.015616315116257903,0.03173642736961205,0.057101030151548195,0.026972054839993917,0.024553227294550097,0.08342752712067035
5.878,-0.018767899497732166,-0.0051080346159533205,0.0135377181922894,0.012294902928955204,-0.015851366285776897,0.0037678980515109314,0.02785664715685761,0.05279937958246242,0.0698636196960839,0.027750099704812035,0.022746057628302032,0.08783335158316931
5.88,-0.022660439084371976,0.009141469418915365,0.03147941024625629,0.006435783823702134,-0.026588316846248624,0.020211672456937554,0.023750853639761902,0.04516682477378758,0.06049519847919997,0.022757942109530367,0.017310037525656418,0.08243713004884963
5.882,-0.02309470027666101,0.011595989485101267,0.03426543157583644,0.005558001889504735,-0.028779479025119025,0.022872839393171505,0.009592021698553659,0.01986202558916811,0.04459045431255137,0.020811617545231646,0.015963422003434306,0.07547401677684966
5.884,-0.018391018639907213,0.0034248896983705046,0.021556415969739378,0.007950783638177446,-0.021207660197720624,0.011908661780960623,0.004461810493493833,0.011820940019019184,0.04540594371012736,0.026809726156581233,0.021508583389118385,0.07753758353176797
5.886,-0.014136693145939667,-0.0020437723873523465,0.01211815472713057,0.009468048256437756,-0.015514439860797728,0.003876388105337733,0.01436476563312336,0.033203730327724605,0.0627165441706161,0.033880817092367066,0.028051394552410715,0.08672002633375507
5.888,-0.015359299295552326,0.002225872200761075,0.017732914686945454,0.00864157458058865,-0.01943044209341144,0.008727794175059466,0.025449056492851774,0.057559159225277885,0.07401923095299215,0.032580781755380116,0.02894230366521642,0.09029128582239508
5.89,-0.019762892135737373,0.007611616461753344,0.027438893900292284,0.007963880966099348,-0.026004648866663045,0.016435048046605012,0.023968655352165427,0.056273075666097926,0.0661730085436198,0.024587527056231677,0.025876758949673062,0.08166134225240225
5.892,-0.021356520773740416,0.002647044917724291,0.023956932124533748,0.010385886462084673,-0.02393492299068646,0.012184624850728252,0.014592180482463251,0.03693246098727432,0.0531948927836635,0.02024027332776922,0.02585942393500592,0.0698265597375513
5.894,-0.01926736098826534,-0.00971201292876097,0.009498050895210892,0.015274953892579208,-0.014767519254256727,-0.0014068541244487707,0.012134746236534728,0.030392537824260935,0.05567775631418114,0.023222341084201497,0.029977019122748878,0.06699586077325217
5.896,-0.01884184484287924,-0.014742481968915156,0.004097056806490479,0.018568022269554025,-0.011896994120270541,-0.0067319813820013175,0.019477654856355484,0.04633601398730987,0.07173805476071389,0.025555567850501525,0.03084483064594019,0.07177509871251078
5.898,-0.0234711496399633,-0.00541495500397691,0.018064271199270933,0.017504843825191654,-0.02190705164799891,0.004955879893444255,0.023359373033539375,0.06024042293512131,0.07948460965623419,0.020371183558555155,0.023207388362181353,0.07182855990527573
5.9,-0.02828008129258307,0.008461283551664278,0.03662564258056756,0.013326592007443542,-0.03407036632437048,0.021354167433474194,0.013856653978476288,0.049005809278728385,0.06738439733671261,0.01332935513291082,0.012972583349395776,0.06228366380440171
5.902,-0.025524438671753913,0.013521673874701892,0.03870978006744473,0.008587763719462127,-0.03345117205921835,0.025206112289418492,-0.0003849859781525157,0.024657918589874806,0.05095814066701332,0.015471006356082622,0.0113000324760857,0.0537576526599259
5.904,-0.01594538160698235,0.00890849150661706,0.024418507492708574,0.00474263994332968,-0.020757015986091826,0.01607787807739007,-0.0029279819720268493,0.01910527876092165,0.05207051869914676,0.027387856984998793,0.020611328280358977,0.05808061374884437
5.906,-0.009673388608018259,0.004470466779243669,0.013865144236745433,0.003012849688378362,-0.011967640888841845,0.00890109310955141,0.008912936099151702,0.04177474980259607,0.06944651663661454,0.03714202655976043,0.030842349955495448,0.0716326014840857
5.908,-0.013600496041502168,0.006095036236757674,0.01959626478465565,0.004661915848654958,-0.01741596528792623,0.012819784612237381,0.020519183762925157,0.0671121176719316,0.08098705764423471,0.034900633422806394,0.031054270307144586,0.07876276962543378
5.91,-0.022212077922285346,0.008183690888537655,0.03021786271263452,0.009269133385121184,-0.02818100054762642,0.01924164105518923,0.018504102310099472,0.06789078551596384,0.0738044542888051,0.024627653482893197,0.022093644374198036,0.07058162764955091
5.912,-0.025351819151767117,0.002358955168461466,0.027371620696021767,0.014629059158597003,-0.028835844436184692,0.014663154180459381,0.00756541041868316,0.05051782102181061,0.0606864838371591,0.018168910364412084,0.014618722253776917,0.05560688208317344
5.914,-0.022472845573679047,-0.01004958996363567,0.012250058927564696,0.019171550432548378,-0.01928193792147582,0.00038068906292881014,0.00357820264319162,0.04467490257890192,0.061683424407116015,0.021002442662824958,0.0155118991112652,0.04904103350560767
5.916,-0.02336950081414924,-0.018769695965478658,0.004896051404044226,0.023186095271117455,-0.015317753973959432,-0.007905003161616166,0.011657722408316397,0.06096961177823174,0.07666843186578398,0.02737375557463836,0.02052049569258311,0.054143697742362454
5.918,-0.033938566680094345,-0.01785179057802586,0.016676303008593497,0.027257135083664293,-0.02643732261787609,-0.0010884648415418266,0.018642829804451096,0.0752147085847221,0.08509426814069497,0.028372637362982553,0.021270196660497915,0.059124324037345036
5.92,-0.04597636080998827,-0.012907477353770335,0.033549437990974366,0.030127669435501183,-0.0412534518799168,0.010405700571300872,0.011276608038535205,0.06242402043228255,0.07363291480707121,0.023203713066841283,0.016429265902213754,0.05371045371121798
5.922,-0.04592105657406828,-0.011752804611753195,0.03443886986478904,0.029088733972864395,-0.041906515707919256,0.011233840797284482,-0.003971617632233864,0.033987833570405676,0.05527731267385415,0.020747518648376737,0.013317149148364495,0.044039870449632305
5.924,-0.032258951962391126,-0.012929479867047998,0.019540412118144182,0.0232660967958831,-0.02779214576491849,0.00247294661353279,-0.008180000071967309,0.02457469277609724,0.05269597366101756,0.027261169762672444,0.018240255441231215,0.044818281185180386
5.926,-0.017971291191257073,-0.008676637489894466,0.009450183747053633,0.015293255537169098,-0.015717913311914224,-0.0008311037335012787,0.004585976465147289,0.04557990449850621,0.06781236641604603,0.03592168130143744,0.028173730275183675,0.05803162694004089
5.928,-0.014531564749210612,0.002490222818740154,0.016939627821892858,0.009142197091828215,-0.017525298889710456,0.008610235773736522,0.01923107692176805,0.06965969259857013,0.07991480308492988,0.035620525484389896,0.034814924143367405,0.0684213270658765
5.93,-0.019283387318893917,0.010908564657043773,0.029796966734443334,0.007449522762983606,-0.025947085725564124,0.01953841926044354,0.020118290918178065,0.06833931180876344,0.07493913076572917,0.027317507099540467,0.034734100829584814,0.06381459386357162
5.932,-0.02175551791018197,0.006934207849715457,0.028222780718185285,0.010073044422380247,-0.026303081564283636,0.016979039368557894,0.01149792207016891,0.05065272331573973,0.06428074397632819,0.022353005808058053,0.031881272164585896,0.051500132154775204
5.934,-0.0186600158782922,-0.005849271106649031,0.01268865180182627,0.014418094000945087,-0.01713065308759906,0.0027727952281863086,0.009754337606979519,0.048175154667673234,0.06652712084531316,0.02555074618445937,0.03057833638944621,0.04697712657789883
5.936,-0.017146606024796642,-0.014051471848890445,0.0034853034631781516,0.01772993500816597,-0.011869719021929601,-0.006013953482002729,0.019238977065097734,0.0683886041963998,0.07946724267607855,0.02938429514513544,0.029857431689159185,0.05262647791027317
5.938,-0.022568446613942642,-0.010164813017911997,0.013010888616721818,0.018552436988518353,-0.019359813777909508,0.0010148049214943845,0.02603093045591033,0.08298649964958393,0.08263026050769277,0.026372372344536606,0.026984189685572754,0.0566041381886896
5.94,-0.02930561619583097,-0.0006655743698996704,0.02907810269500334,0.016737780273433166,-0.030700407238805575,0.0141587645554668,0.017747829228893553,0.06702939365818246,0.06623433291043959,0.020048792301510285,0.02368070470488218,0.05108101291576044
5.942,-0.02812550074339837,0.003006868362075084,0.03137301981278853,0.013417136303125422,-0.031245812397323134,0.01666529345508908,0.0014456732474408891,0.03442314782928621,0.046143537839963854,0.019795460111689516,0.02448405794044642,0.043083432139080925
5.944,-0.019207268177210832,-0.0011238576669073532,0.01830318969618741,0.010506851082873407,-0.020582264677511175,0.006993076458779303,-0.004978692375006882,0.02089313501859044,0.04368132772209971,0.027594769793838028,0.02966398749938935,0.04365565410897407
5.946,-0.012916104905920111,-0.0043083432983203945,0.008783854104918486,0.009569355956249258,-0.013253084093434515,0.0003386776725303779,0.003790188882982613,0.0376129051072298,0.05715421146532686,0.034119361985807325,0.03356900594530441,0.051799141598954344
5.948,-0.016342735720094887,-0.0001645639770149695,0.016101010104048557,0.010517531661140929,-0.018873148842205128,0.0070658880440210275,0.014043779408644026,0.05789858796146932,0.06461959589760005,0.030101426059160753,0.031130686932889513,0.05595713900504248
5.95,-0.023506703859469867,0.00567092495704985,0.028773811315451127,0.011808456670025825,-0.028285258428660635,0.017513926463489194,0.012540489281842598,0.054336634435430714,0.05486227994643182,0.019007057601651334,0.024386678871645123,0.050209653865469085
5.952,-0.02380141503652939,0.0034743228287570783,0.02677990745827577,0.012410060673617265,-0.0263871885395665,0.015511589552269304,0.004750923872968109,0.03588200136809205,0.042791951027658606,0.012981136300948225,0.020399961439090473,0.04217347001754759
5.954,-0.01669043693455355,-0.005536029097318637,0.01090250138494557,0.01251253356268495,-0.014114266406400573,0.0020741465981084007,0.006193003135695566,0.0339483287377425,0.04739825903743485,0.016689242433310908,0.02207261661689028,0.041986128605251166
5.956,-0.0118664518358456,-0.009749037520670176,0.0021627328631344646,0.012410426032667805,-0.007457199153678682,-0.0053221086680760666,0.019282218578722105,0.05626948153422403,0.06385104085297974,0.021348048390032168,0.023689101541000644,0.04780438211086433
5.958,-0.015478628085770505,-0.003285246237969242,0.01222610964722104,0.011980538700818043,-0.015016796320224148,0.00300485526452286,0.02804803825450626,0.07307013236798036,0.0686811872705258,0.017128403296089462,0.018863810836599517,0.048229063392485706
5.96,-0.022133169403106123,0.00566069971278002,0.02751583129700367,0.011424255816844612,-0.026607988860861975,0.015974444373942322,0.018762554165492135,0.05664549481899847,0.05152199564833517,0.007186135296805492,0.010586727463080491,0.039130305550758825
5.962,-0.023115083397846355,0.0059939942109259355,0.028623778990840797,0.0114701129292331,-0.028012024061301596,0.017502942637533665,-0.0008277199335746681,0.02051122784971255,0.0304416566865461,0.003915927169451722,0.007523910773329351,0.03072304541878825
5.964,-0.01842265135692789,-0.0018290918256342612,0.016281220859812276,0.01245193841126241,-0.019721122167853995,0.007633850848000423,-0.010434359249931859,0.0035958639065712247,0.028817760905213506,0.012043182350074766,0.011441059335716415,0.033667318622798384
5.966,-0.016537643316991417,-0.00793950954008189,0.008630497278096144,0.014193695148695921,-0.014866486635589123,0.0005326774207121177,-0.003371699650400696,0.020013962621269664,0.044297860611836506,0.021671317684555883,0.01476256153640451,0.043672108260715575
5.968,-0.022199332943277396,-0.007134641427602518,0.015266468595251442,0.016432591353826218,-0.020480053746450795,0.0040347788658887385,0.0055175665660843224,0.041815475668526024,0.05262398242784121,0.021172798962613346,0.011379975936313317,0.046565969930478984
5.97,-0.028995119491002093,-0.0049952180271636455,0.024207040324003004,0.018648711882398365,-0.02772955815219799,0.009357462720296354,0.0019205398100722857,0.038878524247238345,0.04168072825226964,0.012590601513533193,0.005146972399753441,0.037475317853362056
5.972,-0.028446176737909206,-0.00877844944468606,0.019936480623136903,0.020203558889922344,-0.02495741251172415,0.004845217340162236,-0.0070555808525525066,0.020551456041410728,0.027792129358460777,0.007838222601333125,0.004648679680939238,0.027497836213326222
5.974,-0.02161289468286507,-0.016100889023411703,0.005865331481349657,0.020369570165322027,-0.014226917596307844,-0.0064827466160571195,-0.004239364656140315,0.019571518554234085,0.031222450658881074,0.011241510372973043,0.011118767775854669,0.02853331749569037
5.976,-0.016336364876515318,-0.01742751945119499,-0.0008370772032313839,0.018439226106586267,-0.00786142057357713,-0.01089517892447486,0.01068286523324443,0.04266805387742185,0.04670285271343329,0.014096466483156309,0.01565534778845855,0.0378525905818696
5.978,-0.016975849675075656,-0.009454732534097206,0.007532400472001406,0.014978020844836909,-0.01209039784001985,-0.0026672757072879697,0.01879796046125531,0.05899364112209656,0.05047902228383001,0.008429313434139968,0.010666692349511614,0.04233739935771578
5.98,-0.020702710920083654,-0.0007168569398910891,0.01985850586005262,0.012288688881560286,-0.020126446395230094,0.00844490310481956,0.007835145386914957,0.04212399941290221,0.032874931435934535,-0.0009309156308649979,0.0009660957217344712,0.035467596846417926
5.982,-0.022466928480153033,-0.0013678447813074445,0.021024530627524282,0.012591866463318847,-0.0217508637532975,0.009568562145300864,-0.010696286215214658,0.007196171994414072,0.011107975929232499,-0.0027569732265246396,-0.0019381764076562696,0.025510189658301406
5.984,-0.02139833580516853,-0.010225469070409304,0.01120352045595555,0.015595473235568584,-0.01638592931289771,0.0007632039946462133,-0.0164203810594476,-0.007697897010257447,0.006295686727785358,0.00527188729568236,0.0044822250876307,0.02452356522179449
5.986,-0.021165338578243993,-0.016173532666134176,0.005068958600443077,0.018571013815873887,-0.013221619373974354,-0.005568595777296644,-0.005911690936588186,0.009316859317359953,0.016604410474564128,0.012665173243015528,0.010494498993375246,0.03197776879940432
5.988,-0.024225502315286546,-0.013224988761854158,0.011163799190743168,0.01970088149349536,-0.0180721509572447,-0.0020759823361309443,0.004386921782313622,0.029699580247280897,0.021527626740015862,0.009220996667387436,0.007433367238317548,0.03527592016587383
5.99,-0.027690491980226654,-0.00863425724119236,0.019467840279172793,0.020109890929367175,-0.024647808150456446,0.0032522560254629783,0.0011733769984467184,0.024240678801285335,0.011216702059968085,-0.0015736597877046843,-0.0017055893796765042,0.027417115232759838
5.992,-0.027163912934094418,-0.011615972098912762,0.016171085617060273,0.021460338124077254,-0.02349175349755997,-0.00030294581857444726,-0.007775958019570779,0.002745511794615811,0.00038166272297077424,-0.0075706290838820755,-0.007469277460747026,0.016903938004020458
5.994,-0.023347941874357733,-0.019408244886330528,0.004427106852310386,0.02297103710851389,-0.016095882732560074,-0.00956385164468934,-0.005540427962672364,-0.0012688628417745523,0.00663584143135839,-0.0042614516893259855,-0.00602713751844682,0.01586146148431068
5.996,-0.021316091697682463,-0.021048365579040808,0.0004364556268626382,0.022223090003702418,-0.013018991627724746,-0.011543331780318912,0.008813858848118823,0.021113082780250335,0.02398118557520333,3.788377084504177e-05,-0.003322765330052676,0.023420969363194617
5.998,-0.02315620690987801,-0.012426809688471313,0.010859162312009353,0.01839773541071469,-0.018721420487449594,-0.0015748639107333248,0.017576628528484847,0.04037547621619225,0.028705886268515012,-0.004163128986185748,-0.0069279398604885495,0.02697851741305083
6.0,-0.02427683624481131,-0.0014296927575015682,0.023241520831808565,0.013162304733699531,-0.02490112541646008,0.01001409614374981,0.008569347217802724,0.028682141689669288,0.010759530935448685,-0.014176154380141049,-0.014980751982504719,0.020069701852160705
6.002,-0.019360900628269968,0.002503348291920869,0.022385829251021568,0.008566810206455689,-0.021766250120227974,0.011181967149597061,-0.0076138813370129465,-0.0012373444271055736,-0.01125694709029059,-0.017518739771847553,-0.01759759253002215,0.01179442748637649
6.004,-0.011226122156939411,-0.0009053136526342205,0.010597237679357928,0.00611401219023966,-0.012225153261862002,0.0031490503908042926,-0.0115248192256576,-0.01297333521763103,-0.013618796990752021,-0.008627219704566315,-0.010829828526917804,0.01323867176903531
6.006,-0.009519999919517411,-0.004712516125304368,0.004755640596666591,0.007224789910662336,-0.0092633861377334,-0.0021174815688756684,-0.00029074696137526237,0.004248324925705208,0.0012149950577405024,0.0022297843504834893,-0.0033057194937845444,0.02127677567495409
6.008,-0.01807991720479664,-0.0048598403052418915,0.013168629316685648,0.011994383523415818,-0.018102928706610736,0.0017659093248144438,0.009654015493959186,0.022384200401072155,0.008908790322792568,0.0016294437267682497,-0.004833228395411003,0.023207358363416346
6.01,-0.02800525551889425,-0.005319084292117958,0.022936684100533015,0.017858935818126268,-0.027306477479015455,0.006630975380190495,0.005298425674870717,0.015231633454417998,-0.0024374159172580526,-0.009241724505715424,-0.012715572676729802,0.014513267165157722
6.012,-0.02843194400023777,-0.01130509523002092,0.017488601663551,0.021397788608621397,-0.023808167240038796,0.0014680624135068833,-0.005533129764479687,-0.005410479397357782,-0.016351297325913686,-0.01685829829852033,-0.015333725052265126,0.005141371503993089
6.014,-0.020573354847859326,-0.01949966525707168,0.0010654734901408601,0.02130396999716869,-0.011590793988165041,-0.010420414592739869,-0.005553322560318491,-0.008843557668452413,-0.012339329178445133,-0.014215398383981311,-0.008186942895215868,0.005800068188407903
6.016,-0.015059111456469487,-0.020193276799617556,-0.005590087807942832,0.01863574705565633,-0.006508611435104474,-0.014072422264802494,0.00779821559909542,0.010420909857211622,0.005072209880404781,-0.009301991105700118,3.987947129641443e-05,0.0130801030565743
6.018,-0.01768735834407246,-0.010113663103256084,0.007134104619080634,0.015221628494219193,-0.014985130078585256,-0.0028807549221238557,0.01826242726274965,0.025462987008800272,0.012165270745195552,-0.012636840831683632,-0.0008312953931548122,0.014127003493947568
6.02,-0.02322371347766148,0.0017394123389229358,0.02491147971859836,0.012776096747751731,-0.026252787594269023,0.011797548341261715,0.01232998491365987,0.013503851658834696,-0.0024021696109318216,-0.022253272162278185,-0.009699753082742745,0.004659945176082356
6.022,-0.023112070656411625,0.004814305670488035,0.028132422463316882,0.011723410459649818,-0.026809963673016267,0.014994496157572198,-0.002199547046101235,-0.013278560866383161,-0.02247546615684334,-0.026304012017310616,-0.016661217128976755,-0.004370181357213562
6.024,-0.016473766274435028,-0.0002586965935805649,0.016349138487750617,0.010837558494741587,-0.017192235619961267,0.006581245215430813,-0.0065126643047214924,-0.023029870997182678,-0.02601091479676728,-0.019729490924966328,-0.016471445976496513,-0.001374138177605979
6.026,-0.01171663395401939,-0.004690826111302106,0.007002968435110538,0.010065395462937046,-0.010658485385042289,-0.00043607319963506145,0.0035925319502993665,-0.006247258696821298,-0.013928876759057926,-0.012047462926018876,-0.014935885362604075,0.009312637176584855
6.028,-0.015958533071999455,-0.004353067859079253,0.011664432994618173,0.011727167600023668,-0.015826267331422946,0.0021081207877943035,0.01258442580556563,0.011507099080396863,-0.006853231509792223,-0.014288442725354233,-0.01959946124180238,0.011977173357933997
6.03,-0.025155020790819098,-0.0041540576965176275,0.021416774135914696,0.01673783504819322,-0.025407314146110464,0.007459729243024276,0.007645930823634925,0.004777371713881165,-0.01557536387561944,-0.023640580166753338,-0.028584689547816157,0.0001069374269463112
6.032,-0.02907207276125327,-0.009700873057333071,0.02005311005902498,0.02212666452654371,-0.026281918522260368,0.004456383836860025,-0.0033145378532212118,-0.016528466177089883,-0.026773711090525065,-0.028349935496888436,-0.03347771525098698,-0.014548649099464404
6.034,-0.025169061082982544,-0.018523783829923604,0.0071584712298593785,0.024371655477370743,-0.017641454240662796,-0.00610510299754042,-0.003470371415404206,-0.021761741289655512,-0.023114211662137885,-0.02462881369647129,-0.0309486127058751,-0.017225028752589123
6.036,-0.022291871908327515,-0.02204543324099107,0.00037350041181312583,0.023429305658270394,-0.012887403696441969,-0.011222841004270732,0.008534379597223645,-0.003489671226916264,-0.008981257284500152,-0.02107978836986012,-0.027175829916289106,-0.009145093843017663
6.038,-0.02752642613667625,-0.015683943206120342,0.01183938537785323,0.02150718969498813,-0.021214187591629095,-0.0025509806556917973,0.01649154317602017,0.011778620097669478,-0.005297415452815537,-0.025631805640410954,-0.02949827944780452,-0.004535539983770685
6.04,-0.034567773411283156,-0.0051342161465506315,0.02963137833674905,0.01956131115675396,-0.033265894685192206,0.01124030129044219,0.009465468170622361,0.000699006604427352,-0.020154474321140103,-0.03384553037479267,-0.036059357036239574,-0.010691778639162998
6.042,-0.03257131146476733,-8.229933115115086e-05,0.03292800583662633,0.017076084186454885,-0.03353255814888951,0.014998579126518322,-0.0033292894326340384,-0.02439924894867325,-0.03674453653272791,-0.034911899754895906,-0.038000194213679485,-0.01887009263332528
6.044,-0.02251293898594769,-0.0021896639143882354,0.02077303387053941,0.013935173579316838,-0.0224819013583877,0.007535679072760042,-0.005688484531930228,-0.03176606125317438,-0.035833154985408885,-0.026893757186632967,-0.03195910240998396,-0.017447799108495917
6.046,-0.016323499832238332,-0.00443071146170696,0.012118276032536976,0.011527104879104726,-0.015449584183445435,0.0021453873983253045,0.004274146877711783,-0.01252255891775007,-0.02158812717892555,-0.01970464321505399,-0.02525384632279699,-0.00844654432959273
6.048,-0.021377249318205505,-0.0033848369095365767,0.018055814168372774,0.012522666935531149,-0.02112302969200889,0.0060931220879247685,0.012863902720146926,0.007513428268806264,-0.015569666955571071,-0.0214057672184741,-0.02600283635454223,-0.004921728208347776
6.05,-0.03255121906549571,-0.005707051315373363,0.02703363949796458,0.018948383813457998,-0.030955956686055906,0.009695051301542497,0.009205038931186887,0.002695644593436345,-0.027209287405450526,-0.027639281418916986,-0.03257198799766563,-0.013322821759622162
6.052,-0.0404154795459672,-0.01781574812205087,0.022986141497479275,0.02951506703779437,-0.03251504121039738,0.0012560656381313002,-0.0009041922182686956,-0.017892555675364335,-0.04121049518099861,-0.02935093462088787,-0.03727377262037767,-0.02555747656778985
6.054,-0.0422012880516358,-0.033240227755488,0.009271476537759964,0.03889328138002322,-0.026315477664865618,-0.013901643110841303,-0.0031207339669614064,-0.02399688502316283,-0.03892598608183497,-0.025894271155352984,-0.03746319398843955,-0.030458085330542
6.056,-0.041743082556387354,-0.037355924501368716,0.004407348893734631,0.04108786376754569,-0.02342317461098461,-0.01841016831147794,0.005465082456084867,-0.0069885782464294355,-0.02409643285166034,-0.024714891669547163,-0.037973311687285384,-0.027654279470932113
6.058,-0.041186286684446724,-0.025072212132562565,0.015982553851664253,0.034732294731788564,-0.02881671023830188,-0.00578390624576784,0.011693915262880942,0.00808289306405215,-0.017621899724354052,-0.0299781632914701,-0.04256747011696436,-0.026066465784495323
6.06,-0.037866174972725375,-0.007895846318087776,0.03000988389830721,0.024575651197111453,-0.034424142990871286,0.010689654803610234,0.0053083195739964135,-0.0015868280702724376,-0.028115127301928906,-0.03564699465097733,-0.04709952489136137,-0.030295692185473476
6.062,-0.03035242931822131,-0.00042283675917476667,0.03029369102794051,0.016952076060893922,-0.031082880129248182,0.015109680627712951,-0.005398842260565333,-0.024061483093177384,-0.039792785397793795,-0.03254453861837901,-0.0446872893681963,-0.034102060118077204
6.064,-0.022725280553460833,-0.0036819671087981913,0.0195333822158131,0.01410481874946462,-0.02168158496586775,0.008170040270741809,-0.004858598480170652,-0.029503398741627024,-0.035221260250319415,-0.021573130584348194,-0.03588758894136728,-0.030262234629839267
6.066,-0.020752811668794058,-0.0068622521596097205,0.014180627505593128,0.014126564411999592,-0.0177549534770005,0.0036055121949087245,0.007864764999763187,-0.011024061376969966,-0.0198925401859076,-0.014607984080877458,-0.029495829231904813,-0.022356882848422
6.068,-0.024925420758125285,-0.0035117900939887086,0.021488619894501657,0.014813441603028471,-0.023952269160081956,0.008407845692732804,0.017396108625810792,0.006888080861565058,-0.01415856001545017,-0.01962185623577154,-0.03246767614408569,-0.0207156208503976
6.07,-0.027953101861449458,0.0012095708021784412,0.029322787358127062,0.014663279496614444,-0.03026807033170068,0.014159103846049632,0.01287184407411249,0.002637742943080555,-0.024702814149676615,-0.03027940292068967,-0.041611447979130585,-0.027812119544691243
6.072,-0.023012642345469812,-0.00015801845388147023,0.023242389330702735,0.013076228941660063,-0.025097650614855048,0.010367467504537079,0.002726118228979884,-0.013169947329463381,-0.03572282915314501,-0.03485217791251806,-0.04774421943432106,-0.03493717968582027
6.074,-0.014945145808460627,-0.007453985173232638,0.007938951732115292,0.012547783919686206,-0.013154867383616039,-0.0003267046356031017,0.0028539551574780484,-0.013636496938444905,-0.03131795696794491,-0.03086477418108139,-0.046861343618516196,-0.03465581800938051
6.076,-0.015891646530373407,-0.013760069865260285,0.0024932997045800332,0.01640036352874693,-0.010872010141738688,-0.005403044262781625,0.014254943989379456,0.005815065046569329,-0.017603243749255853,-0.026403282950147627,-0.0441367119788692,-0.03071382837706516
6.078,-0.028208675330747248,-0.013335435158771428,0.015167771177834131,0.022886687347637505,-0.023810187047064633,0.0014697975129230809,0.020738178197985752,0.01921253540412044,-0.015239836650593613,-0.02905191147443231,-0.046331059277081886,-0.033107973499152704
6.08,-0.039324876060379384,-0.008292513479132554,0.03132140886724641,0.026264443644492895,-0.037665538179713715,0.01162414457959714,0.010896904619473973,0.004885460636156021,-0.03159866245337276,-0.03585475613492087,-0.05220129531519587,-0.04429906508918039
6.082,-0.036725480463258985,-0.006145765775284763,0.030913369784661516,0.02390574322474646,-0.03557282318094414,0.01137873507049739,-0.005356846331196029,-0.023358127000583775,-0.0494148154573719,-0.036555477712672035,-0.053975681573151746,-0.05368911394617642
6.084,-0.023272145613153754,-0.009365355341172051,0.014252084898499497,0.01849917675433368,-0.019628952033474284,0.00017881381481556945,-0.009540034879683613,-0.032668486268916254,-0.049143099612062376,-0.028233956730681596,-0.04895407833015057,-0.05041917185851165
6.086,-0.013728754999081947,-0.011481796598885353,0.002476901844379166,0.014121770529286579,-0.008880834529658014,-0.007406051600539176,0.0011729829459068036,-0.01352975156626416,-0.03488216474398737,-0.021416398501720467,-0.04427156423993945,-0.038774988098226625
6.088,-0.01677366738303213,-0.007525427565611831,0.009370277472718118,0.013004412680641435,-0.014598140863010025,-0.0017181333455819842,0.011128652058977737,0.008385779222395097,-0.027669146819446978,-0.026076860372094092,-0.04701911200561709,-0.033774524417091965
6.09,-0.024525438914990677,-0.002882073546379473,0.021858650226013604,0.014487469203892026,-0.025036967215490695,0.007635813948751976,0.00773298790926141,0.007080657925600627,-0.035751931367206446,-0.03622000362697668,-0.054080013679622986,-0.04206480527946978
6.092,-0.02421287144754361,-0.0054475367655528895,0.01915416383342744,0.01589816863788428,-0.0227217563093949,0.005895382983781657,-0.0013479097513305208,-0.00877482393696221,-0.043728337357181776,-0.0371883156579925,-0.05625310242211175,-0.05403543274888219
6.094,-0.016883890255242437,-0.013621853348634036,0.0036803791581174793,0.01629863865122745,-0.010405326812896375,-0.0051955110555537655,0.00035869637599583997,-0.010507402818377507,-0.03577625664783749,-0.02688982745048635,-0.05082764399896894,-0.05727998544640085
6.096,-0.015587372142610056,-0.018286285023224862,-0.0023518343702733247,0.017700546630938493,-0.007003978927377461,-0.010325816386258816,0.013083325507519247,0.007236870082984727,-0.01976856062482328,-0.020001067325754986,-0.04564763953147335,-0.052776152579864725
6.098,-0.02558901278266018,-0.014629338876112548,0.011241322381506663,0.020726881009541728,-0.0199311031652941,-0.0020596297192040213,0.01896582715419016,0.018348479760069047,-0.018120107708925998,-0.027916837150581582,-0.048874695421939986,-0.05222637630194418
6.1,-0.03597151932264085,-0.007439449714660359,0.028702111281514325,0.022358167380776034,-0.034449488274989226,0.009947339383187778,0.007089731227009587,0.0032004747783698543,-0.037124429604526527,-0.0422263918233979,-0.057692889836435335,-0.06038711911476792
6.102,-0.033788064408327684,-0.004180537868828942,0.02961470044317079,0.019754220015072963,-0.03332058907964043,0.01230107600243642,-0.010565164078484342,-0.023048355146820992,-0.05652258626173438,-0.045422047698251714,-0.06164587963578306,-0.06754606376339099
6.104,-0.02126096188453338,-0.006131988779439409,0.01504539292179383,0.014555446826172765,-0.018893532683880016,0.004569865234161916,-0.01461847866044889,-0.030520791553490967,-0.05508826492738255,-0.03461381578440568,-0.05669633609448707,-0.06408138749357266
6.106,-0.013709576858702888,-0.008141802243648234,0.005538671183104733,0.01181771440178431,-0.01002119912509298,-0.0011073616147286598,-0.003336863833195146,-0.01389965549611347,-0.03829006627606019,-0.0255328541414896,-0.050674484652621705,-0.055652484692500954
6.108,-0.019698845337109666,-0.005965497024033583,0.013882806126482626,0.013929198743996488,-0.01774647721424223,0.00356705189684708,0.00640157726812352,0.0016197117211699526,-0.029815011555639433,-0.030792991513419483,-0.052228723237140784,-0.055426030676063644
6.11,-0.029461153431350175,-0.0019118357415073102,0.027913146846075855,0.017194491343584983,-0.030688303587171263,0.011794898477102368,0.0026405562720592827,-0.004592620600752421,-0.03883710244564989,-0.04266543092576375,-0.05932476169195703,-0.06503280028030643
6.112,-0.028604510691893067,-0.0011084119110144248,0.027948502862862257,0.0165300668208333,-0.03098663569843321,0.011738677325328227,-0.0058508367542533125,-0.02031863315828601,-0.04879302309855048,-0.045083246275910906,-0.06383911301666546,-0.0722574389455686
6.114,-0.018062572088358677,-0.003770655794577307,0.014662800729581904,0.012221282332712741,-0.019063115264909922,0.0036950105874861664,-0.0028047558506591012,-0.018766900315028864,-0.04200905999728821,-0.036519977893668024,-0.06366593958087001,-0.06760586015414106
6.116,-0.012188650045600553,-0.0051067643050088166,0.007371715619982121,0.00950908951973912,-0.012052776323047534,-0.0004616344633529415,0.01187137441804412,0.0025196077173821494,-0.0248216273974361,-0.030834438937841848,-0.06458379648467809,-0.057434743453187706
6.118,-0.0187410420946685,-0.002520265620141915,0.01652253149522279,0.011643579012090885,-0.019403950907031436,0.005902666924191029,0.020722483440796715,0.016530792730501506,-0.019215686137560056,-0.037413795507787666,-0.0713466798812806,-0.057283670227493484
6.12,-0.02915603645636269,0.00025721659616958505,0.029744826116256305,0.016150301280721324,-0.030625610566731538,0.014529097770320807,0.011964302824273588,0.0025379503500008566,-0.03294692768946521,-0.04884208742326923,-0.08022575003651876,-0.07191958113396413
6.122,-0.031008491849992062,-0.0018204037130033703,0.029560051363832572,0.01870372783300543,-0.030796453349060938,0.013266501026443752,-0.004129807421417992,-0.025269075690589733,-0.04872873704568149,-0.05105180817468892,-0.08226472007879838,-0.08690829577219618
6.124,-0.024111444171866524,-0.00731940093319556,0.01725328398823451,0.018018152831440246,-0.02088899880402075,0.0032707019417701788,-0.008188038556337941,-0.034967396322181335,-0.04713058885858763,-0.041776577578663085,-0.07451575608795591,-0.0857671479767243
6.126,-0.019508834615530317,-0.009724492259703907,0.010325437982124461,0.016329360576457955,-0.01540919717496148,-0.0022217621435230302,0.0031235569900793098,-0.017980572371540146,-0.032520889741581585,-0.03366670113317322,-0.06528023369401044,-0.07176347444691024
6.128,-0.023954947476278677,-0.007053532716709059,0.017468614811455965,0.016588535193017305,-0.021631088699393872,0.0031390595746093805,0.013734674399827285,0.0004660010591132319,-0.026603143699312007,-0.03743749314815153,-0.0647004565515412,-0.0636777024315802
6.13,-0.031095888865076634,-0.005038886502637451,0.02666831489411587,0.019219190873697608,-0.02994820046798603,0.009816527165181164,0.011102835380518317,-0.003343474209685295,-0.037302287186651045,-0.04699575449119858,-0.07219664359724237,-0.0704773609375941
6.132,-0.03123186099335817,-0.008519307745227465,0.02340717134164081,0.0215598315398214,-0.028503257775016035,0.0068593293843272,0.0031233045350067485,-0.018961979680799716,-0.047133538638288924,-0.048250864594086375,-0.07801209790449894,-0.08061695683013777
6.134,-0.025137305055046084,-0.013879931743772856,0.011949450546822046,0.02114561363691981,-0.02001646942782238,-0.0019846608357772313,0.005798161013146973,-0.018030624836675207,-0.03854661863147067,-0.03947132460437256,-0.07606044891618578,-0.07986077543600296
6.136,-0.022748403357915323,-0.013233852119595909,0.01005028007798551,0.018768392810619944,-0.017956676550803935,-0.0031544605162385168,0.020059330447494222,0.004331731935463996,-0.01965361389955716,-0.033329200187768956,-0.07056280375651329,-0.07052519575282845
6.138,-0.028819780550791367,-0.004417746217376955,0.024726001047608567,0.016654423914931864,-0.02802278832696029,0.008426813488536243,0.029603339872086437,0.02137224150750726,-0.014136543862251945,-0.038363565369261936,-0.06900194144891585,-0.06601115406782207
6.14,-0.035321808952313405,0.005159522974345514,0.0406952792315221,0.015201494313332791,-0.0389409342731332,0.021255298384813173,0.022512280563066474,0.0105180564422186,-0.029522916876521647,-0.04708833922274137,-0.07172119146835688,-0.07117694663551796
6.142,-0.03225899022610419,0.006049125349711416,0.03858263654152133,0.013885547298773065,-0.03627564204423508,0.02059191971029742,0.007470212270396984,-0.015914694197353578,-0.047025331277623754,-0.046986061943284335,-0.07265291048948622,-0.07694717927574453
6.144,-0.02202917056921188,-0.0014308441628502026,0.02095327081962854,0.013117601403986694,-0.022300366883308727,0.007957179749506658,0.002388766513596958,-0.026469126207576573,-0.04681129733451888,-0.03784607716233151,-0.0697022453422342,-0.07456166372127733
6.146,-0.016742471325120516,-0.007049597993886683,0.009959585433998518,0.013508727423285549,-0.01409217964132384,-5.870549576202426e-05,0.010913659138436454,-0.01189510091965308,-0.03425534139445821,-0.03190127067586798,-0.068585488735596,-0.06799701953589142
6.148,-0.022180967025442984,-0.004716497501715409,0.017621111429940748,0.01503914184216561,-0.02090676239482871,0.005450149101337824,0.01857829354985267,0.0031616561887266004,-0.03092113422852541,-0.03750231995169133,-0.07390907554415566,-0.06786947485695238
6.15,-0.03018061725378345,-0.0005946549664514079,0.029918690513597017,0.0169867026143998,-0.031643924565836055,0.013582357521771435,0.013947164939676291,-0.00439003013756397,-0.04272545908796129,-0.04769252923473649,-0.08111340264044813,-0.07581310538655935
6.152,-0.02993992876406177,-0.0028771606337785693,0.02774354150382894,0.018075742485066222,-0.03073619770165274,0.010471667940469807,0.005126220958054304,-0.02244483180352313,-0.051152440778434366,-0.04902212451177743,-0.08183769092897543,-0.08193123071275535
6.154,-0.022599175485152855,-0.009014841714325863,0.014295052914479293,0.01746223269871371,-0.020008922772611522,-9.300912645854396e-05,0.007771726556422322,-0.021079440149046665,-0.04034254287351089,-0.03972973989911482,-0.0750503776272674,-0.07863943747217648
6.156,-0.01912412782424786,-0.009156421316580374,0.010250805978784604,0.015725708236660148,-0.015596007914453033,-0.0019186233752546086,0.02179861058847738,0.0037768164409368752,-0.020899357513990385,-0.03285544828515922,-0.06862970978755357,-0.07047256354616889
6.158,-0.024692248683655015,-0.0003543025932274418,0.024174495650448994,0.014175441533764878,-0.024987964463842032,0.010670256534009786,0.03001704857439564,0.022047144463754772,-0.017356003774000053,-0.03896334448338819,-0.06976839662534814,-0.06776873257692105
6.16,-0.030646086800432137,0.008798707801312804,0.03921070783533345,0.012905897767153266,-0.0359332792645669,0.02406008270548223,0.021249516119819952,0.00872694690415381,-0.035936748185184185,-0.051014782745643056,-0.0759475202870984,-0.07327970132642672
6.162,-0.02615088710458694,0.009298850965982467,0.035416301540412566,0.010819089692311852,-0.032858458316822034,0.022904722462209714,0.005859449274566363,-0.02184957758716462,-0.055560871734270496,-0.05346835606849129,-0.07800237294683506,-0.07853467808310849
6.164,-0.014407337763731244,0.002908987334857359,0.017424729102525675,0.008160346775762379,-0.0187581821473218,0.0101201682705732,0.0020201066789051615,-0.033904583838525404,-0.05503749632051621,-0.04420712342056085,-0.07256371554321668,-0.07562683116747028
6.166,-0.00951414750378679,-0.0012082189685566295,0.008398161015164652,0.007235134599670601,-0.011542770277078632,0.0022261102804400235,0.012153263913682448,-0.01693555775019956,-0.04021955242730842,-0.03746971757748458,-0.06728249902160846,-0.06866550283440916
6.168,-0.0173475450730764,0.0007811412677882213,0.018234956803056757,0.009546505871198449,-0.019420091877613038,0.006860244411046063,0.020668714196815683,0.001616679538038352,-0.03469872495154176,-0.04347642485172398,-0.07045690105819329,-0.06832901492728528
6.17,-0.027396560403293833,0.002793804766914566,0.03046761469852626,0.013231808137732738,-0.02999378383979894,0.013466568294760568,0.015260914588292056,-0.005101724443390713,-0.046999846210361705,-0.05476411460834159,-0.07921019363609712,-0.0769706272053457
6.172,-0.027366458836210975,-0.0015454980441811773,0.026255193564190427,0.015075182116723675,-0.028282886273397173,0.009543017145947748,0.003263173192752019,-0.027063561640944565,-0.059489905192618056,-0.057722754736606895,-0.08409882542402777,-0.08526116613831547
6.174,-0.01986980821744785,-0.009478989786803758,0.010800102262968021,0.014926681299538268,-0.017441645990639906,-0.0013260445121481708,0.0004956038973522434,-0.03339470876073078,-0.05395034636322512,-0.05105312798362929,-0.08324058358895513,-0.08452852513204366
6.176,-0.017443647318438678,-0.012340749471726472,0.005420976671889884,0.015238650867831162,-0.013418793560002378,-0.004489214757877063,0.00905388277831254,-0.015976870332776633,-0.03678911873780148,-0.046095148987815776,-0.08389461677768861,-0.07727546986231267
6.178,-0.02442863857904385,-0.006021391103658062,0.01865767990528225,0.016348315521571,-0.023003965806960708,0.0060462937344807136,0.01547553932631796,4.1052186904407396e-05,-0.029789336755348454,-0.05097398512421002,-0.09038514050117956,-0.0730810126437251
6.18,-0.03188127814636988,0.0039423809182053795,0.035873636920940116,0.015929820477594864,-0.035360922974889,0.01976801328265834,0.010161681765749341,-0.008700236314899053,-0.04115100563126322,-0.0601346014072116,-0.09745131789701342,-0.07589144014173496
6.182,-0.03021167360240008,0.00843019707630977,0.038332060345095224,0.013168547497644826,-0.03616624776193848,0.02275091786666037,0.00048373078118826927,-0.03167200553294834,-0.055373069429027914,-0.06184265948423712,-0.09696039382637969,-0.07869187760654292
6.184,-0.021538087870651278,0.004831950715363131,0.02586271485752123,0.010589531876973054,-0.025531738736200196,0.014191532875835609,0.00027589757406099144,-0.038870434328729504,-0.05417183250094773,-0.053521066625717706,-0.0882908310473115,-0.07416202017572823
6.186,-0.01713209124508951,-0.0009563808816986836,0.015884834519544772,0.011114086144079658,-0.01771298281185985,0.00631128652509124,0.010335816235317949,-0.021818404137887364,-0.04079967562125825,-0.04530483207509031,-0.08059702570206823,-0.06723515821863353
6.188,-0.023045850689163348,-0.0030066465866298575,0.020233919533562867,0.01467047310199065,-0.022175225379388694,0.007944382036198178,0.016716216992667034,-0.004851998939173838,-0.03516241616002647,-0.04678679870549548,-0.08286056414409237,-0.06927338559879608
6.19,-0.03174946098813175,-0.0030315919240447857,0.029361085432143094,0.018505427943214737,-0.030697653410219457,0.012756391074063842,0.010192697881946922,-0.010463814272199777,-0.04553995202702026,-0.054262974039403104,-0.09178147171351074,-0.08060495048618681
6.192,-0.032251621932699856,-0.006443435518802545,0.026631657368525217,0.020354018720952508,-0.029716696305436874,0.009130884840507537,-8.08427356413597e-06,-0.027711973832585505,-0.056733379318391376,-0.05653005358088511,-0.09525580087433282,-0.08808295397530432
6.194,-0.025938098372702945,-0.013502406379769431,0.013051627401057047,0.02104386408770225,-0.020598371569474187,-0.0021269066300759316,0.0011924404401508172,-0.029288317930287435,-0.051883314996206936,-0.050966634269319085,-0.08899092687289667,-0.08296061085440777
6.196,-0.02484571766584571,-0.018408161601878567,0.006597743116141396,0.023099827856150314,-0.017910504260028232,-0.008078005430700363,0.013251838227317358,-0.011280802112401837,-0.03658647445130705,-0.046807771967882675,-0.08199439299900287,-0.07338803738498652
6.198,-0.03370850645591532,-0.016170286859060898,0.017388951080152575,0.026120096532204082,-0.028262977383746016,-0.0008368158771188482,0.020162854499278376,0.0010515910221140729,-0.03191183086416092,-0.051941060129090964,-0.08322318940232196,-0.07322955706950765
6.2,-0.04202945407981837,-0.009013016592353696,0.03297673486652715,0.026320484611412513,-0.03975972857539531,0.011601929499970257,0.012364803625541055,-0.011579099188557767,-0.045673521576892535,-0.06147430356007403,-0.08952859210271416,-0.08278449236242344
6.202,-0.03780194657082678,-0.004499401769046355,0.033630880807502095,0.0217701202626655,-0.03677965491929356,0.014840104177877785,0.0002555709712706512,-0.03480035179052914,-0.061195549822235566,-0.06315061263322042,-0.09115113048067945,-0.08843118376448691
6.204,-0.023610498110270415,-0.006042708591754923,0.018080827567457745,0.015295052903990155,-0.020787709533144676,0.006287872550225549,-8.407123938170336e-05,-0.038905552145211755,-0.06036079466562878,-0.05390829957268626,-0.08612388575659634,-0.08157631268947395
6.206,-0.013899263783231823,-0.008620132185065436,0.005577647402608894,0.01146573729504519,-0.009569802654074692,-0.001797341643689148,0.011019529917185876,-0.01899089447290167,-0.04830933787537513,-0.04548894737119844,-0.08303965590350983,-0.07029166247354489
6.208,-0.01667966741231346,-0.006708777154457172,0.009916930251094646,0.01172548491569215,-0.01419083067010255,0.0004891562098348124,0.018337774662504133,-0.0012855003329414407,-0.044229176819276544,-0.04871357776443006,-0.08768840211756622,-0.06806289235920927
6.21,-0.023869499739902277,-0.0027843595089646154,0.02090253199034807,0.013387911247943605,-0.024411506606547728,0.007311202151270384,0.013668481650609889,-0.006351849423846532,-0.053123744761439294,-0.05819544223277204,-0.09354994299846488,-0.07555273557567524
6.212,-0.024027583555327397,-0.0031977805637847705,0.02078636349612225,0.013742649687274525,-0.024298573080000156,0.007256470120427841,0.006549007005209232,-0.021355470353109123,-0.05960784918254548,-0.06109429762170877,-0.09133164896571197,-0.08025249293179473
6.214,-0.018605023708269816,-0.00817449811874803,0.01062700121947363,0.013562583276819995,-0.015199355632653476,0.0007089816752916041,0.009641575513146282,-0.020920188335818518,-0.051011443906525275,-0.056202019585055094,-0.0831724147744517,-0.07472419384197382
6.216,-0.018560951249277983,-0.011510551732304345,0.007444500491199609,0.01549678811452298,-0.012636216603409434,-0.0016434551376314484,0.01987203890908821,-0.005149532198278197,-0.03679970236340411,-0.05497175754308175,-0.08067374374527352,-0.06826306007197944
6.218,-0.02769874662672261,-0.00920915195270429,0.018930818997546842,0.019727108078830838,-0.02335104945779993,0.005171479144964028,0.021719959992588262,0.0003024066676730673,-0.03704844701192498,-0.0642207662614583,-0.08976937462635913,-0.07438164462300582
6.22,-0.03627144804746257,-0.004428357315872425,0.03219212316940281,0.022689332578867228,-0.03521085049968472,0.013156659579576608,0.009149012964775136,-0.01876504624643285,-0.0543440613101535,-0.07497152135145245,-0.10216453401298414,-0.09005233305384974
6.222,-0.03320387205662313,-0.0031380604777309883,0.030351305093369522,0.020943320830551237,-0.032949646407095703,0.011792930023964636,-0.004075356209286912,-0.04326107204927109,-0.06832694201047737,-0.07314820731297768,-0.10455908660417762,-0.09695971262730127
6.224,-0.020568103759194725,-0.005867008506081522,0.014990763558174941,0.015210545081795021,-0.01853579652503634,0.0025098145788148155,-0.0014783057956316975,-0.043973007575531756,-0.06207951734462079,-0.05867922718502304,-0.09477388414192003,-0.08535973683668233
6.226,-0.011338625402347074,-0.0061745173795348844,0.00537143769233586,0.009566832354805167,-0.009261429532975138,-0.0018890297333679048,0.013948532378202096,-0.019904288815394862,-0.044632573664506,-0.047247497028631735,-0.0847948761393704,-0.06811684963061147
6.228,-0.012843787410770604,0.00023188540579928158,0.01309627854931324,0.00698710096161685,-0.014853146530344419,0.00586716876782078,0.023038474755588872,-0.0011331642081640692,-0.038785351815779336,-0.05069212144535779,-0.08657662479603301,-0.06473561782685468
6.23,-0.01801498795341534,0.0077840742584947414,0.02570156772549511,0.006747236154139873,-0.024430100434794995,0.01642287042541752,0.015683437050715794,-0.009240708881261486,-0.05032208559387124,-0.06161998325544019,-0.0977851022481086,-0.0763041534009132
6.232,-0.017145060533103534,0.007869273781554087,0.024927382232844787,0.006911796198810515,-0.023211457645290028,0.016393402920219687,0.0037464511335055144,-0.02809653767901589,-0.060946586088887506,-0.06433923492036288,-0.10534050273660948,-0.08572307009036294
6.234,-0.012344145685425259,0.0013219613595512377,0.013553854081392501,0.007531831614834591,-0.014374891336364638,0.007578987560592693,0.004308462713069259,-0.027278457605318496,-0.05428327811634605,-0.05646762860816176,-0.10186778984443554,-0.08156282969769563
6.236,-0.0133906972836586,-0.0026809342801174243,0.010426816358895702,0.009648816397300997,-0.013361113188627451,0.003866237138438962,0.01653840860608553,-0.005773667365193873,-0.03831079707162239,-0.0504538950272411,-0.09401123950260905,-0.07184528790961549
6.238,-0.022810579782724345,0.0003329303591816231,0.022754052006330207,0.012837571719746789,-0.024980142123044648,0.011095088893838577,0.022923559141962084,0.00537493306885716,-0.03460461576664519,-0.05527197091306015,-0.09257366992492633,-0.07159861768920404
6.24,-0.03180842749772642,0.0045273842645298665,0.036192814360754326,0.015343147645547636,-0.03668050345925373,0.01942776613818616,0.01317153571016672,-0.01435038862881071,-0.04946396911310429,-0.0645202377994959,-0.0975427730703268,-0.08268283624035933
6.242,-0.0315513346136384,0.002494116277718102,0.03438346286659562,0.01600591708246453,-0.035254980152391285,0.017291267076359442,-0.001571882089876864,-0.04578693189493437,-0.06547538937797918,-0.06554836364141824,-0.09908068061684067,-0.09219451199549586
6.244,-0.024095739046986298,-0.004471780508791131,0.020195383767413862,0.015332253349235624,-0.023535658893683774,0.0068648223422987245,-0.0036891461055464326,-0.05417865081113885,-0.06452662080394589,-0.0565518060103987,-0.09313966695916957,-0.08984545728555679
6.246,-0.01933123920023367,-0.007895526206374045,0.011764136766871216,0.014770152088521867,-0.016374641341143793,0.0011776280675638141,0.007753063184016329,-0.03327661981803383,-0.05085673384845862,-0.048909880927257954,-0.08777930501230341,-0.08005500472769898
6.248,-0.02276868790121466,-0.0037286207874633734,0.01899317112750421,0.01532459138091407,-0.021863167570313688,0.006799810263668297,0.01643933427042252,-0.011703696541891523,-0.044273911267953305,-0.051671013244159736,-0.09151204589032859,-0.07513580571287591
6.25,-0.029185866689509874,0.0015126952101478716,0.03062380545506699,0.016661058051707447,-0.031477274915372035,0.014839178595099804,0.01116558139864986,-0.013975729454348187,-0.05307014661603273,-0.05922529357478234,-0.10153213377452774,-0.07984800833953837
6.252,-0.029808102035527775,-0.00036553268897379957,0.029701149824386475,0.017412850813849072,-0.031909400507562274,0.013041862093021227,0.001188407463155833,-0.028590730796021157,-0.06304264169219326,-0.05973529394482348,-0.10756152871483873,-0.08630607087148505
6.254,-0.024387872641096993,-0.007821760907502124,0.017064904160669216,0.017208961277546533,-0.02321207034459509,0.0029255416150165505,0.0026563859925135295,-0.02729270349351266,-0.0585292207934022,-0.05278728681172783,-0.10536448456464728,-0.08570593495107962
6.256,-0.021910829794978822,-0.012035611783711497,0.01020460015723254,0.017733541271995036,-0.01856161300592205,-0.0020851609278330825,0.014893949384726927,-0.007208380295411073,-0.04580161371584441,-0.0504055071581621,-0.10182094466892314,-0.08051214842331723
6.258,-0.02751757256804113,-0.008651985582120889,0.01883401274007707,0.019803798237452156,-0.025360997865676704,0.004705313976147832,0.0207062099600696,0.003972118346922949,-0.04508640298925499,-0.059588577945704754,-0.10449105615880715,-0.08043989824948086
6.26,-0.033714306910618115,-0.002620614307517741,0.03090493802543776,0.02074672746509813,-0.03396955771911701,0.013754632007925757,0.010537893918243004,-0.0135714369784701,-0.06205306651669207,-0.07161325262029039,-0.10995645297575625,-0.08815001775332616
6.262,-0.030458284726829484,-0.0016708203078582328,0.028728891743460345,0.01811639968608658,-0.03101216283085675,0.01204541616415819,-0.0037824583892246857,-0.04276355950164289,-0.07845485896157021,-0.07306005884170638,-0.10826185343554472,-0.09416955048105854
6.264,-0.02074371621867797,-0.007220540663393487,0.013715782895937943,0.014687458236369511,-0.01903097837347431,0.0007757848670424329,-0.005091984644945678,-0.05067347498385941,-0.07562645289226778,-0.06306534011863509,-0.09793147278732361,-0.08940520505275024
6.266,-0.017292242537598337,-0.012475002972589182,0.005239690572789224,0.015019678973203965,-0.013632641859885308,-0.005869280483828592,0.006198247653012146,-0.031777964831064855,-0.05918948020361236,-0.054199800395704725,-0.08942266233025925,-0.07857385927403378
6.268,-0.024035193380907684,-0.01097739213420518,0.013613573776879027,0.018356437855993207,-0.021161593211189194,-6.989848876195852e-05,0.013712642742129006,-0.014110612668604892,-0.05098078868190543,-0.056190829355961834,-0.09122700809217159,-0.0743600351091768
6.27,-0.030609171936620726,-0.005798636224763945,0.02535464332513567,0.019969827362355485,-0.0295242361058223,0.008711694174564499,0.008131362257674525,-0.019851404001960376,-0.05871973336428827,-0.06368924912930486,-0.09842748715913148,-0.07975917454658238
6.272,-0.027991954451270916,-0.00520226591499695,0.023167054632721736,0.018307271931671688,-0.026310153736418894,0.007640401341775075,-0.0002518146267880888,-0.03576191911859408,-0.06585501122858282,-0.06486619132285597,-0.10018090757739692,-0.08427899804767958
6.274,-0.021451729158111967,-0.010532332405121605,0.011040978880922004,0.016903911391179447,-0.017056915153613596,-0.0011989980153758529,0.0032957343212962867,-0.034169360715665356,-0.05660115935538358,-0.05845698298815442,-0.094843399049981,-0.07970595491174871
6.276,-0.022159857997110156,-0.014260679525151502,0.00782661432930684,0.018932155431679944,-0.016605892773003058,-0.004327238165163836,0.01691736593005851,-0.012825564120582462,-0.03984191986927977,-0.05444912482681446,-0.09082291713048264,-0.07191443456401843
6.278,-0.030237404436444557,-0.009890797810846652,0.02024827739553772,0.021842285367817744,-0.027276613932917797,0.00448121619541122,0.02467959917697709,0.0013441384169361546,-0.03715021559897297,-0.05906191017818968,-0.09373380905254068,-0.07209298000464939
6.28,-0.03402855387615162,-0.00040142727862109613,0.03361206001806562,0.02031103270511278,-0.03543550002474661,0.015971532656444364,0.017901525580589817,-0.011738821906685275,-0.05246137965115415,-0.06619411859295173,-0.09932861520551658,-0.08115855865508584
6.282,-0.026349341761726913,0.004839122078204177,0.031232075512914074,0.014124732629404562,-0.02982038052257816,0.017160685799819393,0.005870760839320001,-0.03791058821050326,-0.06666805811023031,-0.06560311188102809,-0.10018871199725894,-0.08823407361230531
6.284,-0.014526961782209288,0.0013782297054686732,0.015934281555797545,0.008999362306685955,-0.016110586649140068,0.0077004534984091684,0.0029538478022711483,-0.047376888993264914,-0.06403902513583092,-0.05667638168235299,-0.09562918955739243,-0.08429900957564418
6.286,-0.011172584198479205,-0.004764753689408142,0.006398314744744157,0.009081464184876797,-0.009724067116822246,0.00022908159266833716,0.010113158091635566,-0.034403172291324606,-0.052739904751816405,-0.05034670391818581,-0.09277181995154389,-0.07429338975218594
6.288,-0.01840887678726129,-0.005550551761547526,0.01283803654177076,0.012405372719265987,-0.01648101437769002,0.0035554968008202205,0.014665009419759754,-0.022763639670054955,-0.05167503095394564,-0.05470806637702054,-0.0972113671036255,-0.07142075295157137
6.29,-0.025792523829368537,-0.002155292577451423,0.023632728812294248,0.014619868294624421,-0.025545426741281435,0.010780390206518824,0.008582310974537353,-0.030002483652087054,-0.06317794052027567,-0.062963691915839,-0.10468042013831035,-0.07887192121646446
6.292,-0.023955993915010087,-0.0016197094769279064,0.0223451869761841,0.013877281345724461,-0.024235192007609936,0.00998609837163157,0.0006281787168762451,-0.04261248704100001,-0.06977098775406389,-0.06264856590569542,-0.10625141000049344,-0.08489476921473026
6.294,-0.016104560592785706,-0.004496951648376579,0.01161431241412979,0.011438477352135414,-0.015176729641022684,0.0023776293506980106,0.0042955293500644975,-0.03668072499413247,-0.05914473974601583,-0.053580726788868,-0.10070809285979532,-0.08002065722905606
6.296,-0.01328629357303524,-0.004110248532564078,0.009174389025381846,0.009806848820596348,-0.0123124051647489,0.0006684210611822236,0.01781615079625691,-0.013263726829887489,-0.04263029714648716,-0.048266464404346614,-0.09629562784785262,-0.07079269626455792
6.298,-0.019690441587358158,0.0022940665270153333,0.021980059774274033,0.010188253504429383,-0.021283809532337352,0.010257652482074863,0.02544062438935461,0.00031622839559937313,-0.041363770985572125,-0.05473191607331208,-0.09916945439108205,-0.06977798224258493
6.3,-0.02720572561415605,0.008301552048378564,0.035506056885831166,0.011537661625439129,-0.03152580042342631,0.020575333739313792,0.018727823702708108,-0.014403196219631674,-0.058115309233969285,-0.06564483108760492,-0.10474610613374043,-0.07759972097647393
6.302,-0.026777046656168018,0.006375060372155138,0.0331758910780663,0.012457283415533234,-0.03085751447362931,0.018837162583348412,0.007286812562719391,-0.04158637354121166,-0.07314283879656433,-0.06784581302918041,-0.10459426500136267,-0.08268104770727588
6.304,-0.02052836424994139,-0.0017170449763822683,0.018944182202322163,0.012789348988553252,-0.02182315563231621,0.007331579647268404,0.004846786374040887,-0.05053592227614839,-0.06996712799588688,-0.059587217019504396,-0.09899451152778982,-0.07768763789433059
6.306,-0.01806769513403907,-0.0065299234846207185,0.011864923159364082,0.013230035430218196,-0.01750890845770923,0.0005228126864953486,0.011392558423368958,-0.03551444236493582,-0.05621696004393205,-0.053073178037882494,-0.09650719504201838,-0.06964321971044117
6.308,-0.022993455442139783,-0.0036346945057383413,0.01980233365529284,0.01440611075148457,-0.023283446350908232,0.005502130602194963,0.014655714212838044,-0.022137135443005346,-0.05210414837993523,-0.05859789273618239,-0.10121101746128673,-0.07029471487847291
6.31,-0.028751161379567552,-0.00014622931086677053,0.028991470178976075,0.01651534821120439,-0.030005474967992888,0.012574174748198405,0.007691055310940656,-0.030549008356635706,-0.06272650064388448,-0.07135093752726149,-0.10662306677205664,-0.07998474202357676
6.312,-0.028774159669097358,-0.00478833608058294,0.024309887266908168,0.019325249568595257,-0.02765862491791639,0.009373016292619024,-0.001038098782578321,-0.04695223770856097,-0.07185956020864445,-0.07841071603937576,-0.10525756075854928,-0.08760909781619178
6.314,-0.025076541295831548,-0.015036530929256104,0.010448489232074181,0.02189698801173056,-0.019214869444579136,-0.0017591608866179534,0.0010934994529212111,-0.04371459029858728,-0.06469152271427589,-0.07424300980647441,-0.09911463894770188,-0.08556797693130257
6.316,-0.02406925551104652,-0.019751584780164838,0.004837377542592525,0.02271280491349462,-0.016096311424323325,-0.007267074274392248,0.013102763823083691,-0.019113574070015217,-0.048292130545646746,-0.0646488554234531,-0.0962608243349547,-0.0786156286098298
6.318,-0.027198973818406795,-0.013165296568944457,0.014476527698947786,0.02064794499527303,-0.02272908417202288,-0.000309617276314269,0.020517742693932105,-0.002400691487916892,-0.043280323100375696,-0.05834463232446333,-0.10004430503425783,-0.07694530314480581
6.32,-0.028932061841138657,-0.001977699714844628,0.02712044392599744,0.01635188721993243,-0.030385048973866728,0.01078659052396785,0.014443529965082745,-0.016016107212341806,-0.056834533591244234,-0.05725024851268677,-0.10504903358080706,-0.08262728366801292
6.322,-0.024410787540353866,0.002116315956753321,0.02644045224356647,0.012742681798037102,-0.028083187666407466,0.01281119096241469,0.003742914210842367,-0.04425080310933337,-0.0722670232861478,-0.055878336155501994,-0.1032279246938859,-0.08638223728134509
6.324,-0.017002612025832982,-0.003985374390267778,0.012888045796049345,0.012532598512721468,-0.017312155969578743,0.004081512336724886,0.002906375802369937,-0.053166135079545075,-0.07109543510355937,-0.05128019339265389,-0.09361831170610199,-0.08070408154037721
6.326,-0.015425745064243218,-0.010995832575382654,0.004407793334008496,0.015187223786785496,-0.011587066520873296,-0.002908441835903681,0.012209530526762448,-0.03611772599605376,-0.05830539335605189,-0.04948409737633194,-0.08512236208714927,-0.07167087071645795
6.328,-0.022166024357496445,-0.009684140825950172,0.012538949837318696,0.017725539677822533,-0.01863102930677526,0.0016236006831131127,0.0173892491511008,-0.021050859569204983,-0.05453419084300753,-0.05612272153004222,-0.08677888413574582,-0.07140385489381403
6.33,-0.02844174059210079,-0.003680660635067331,0.024778498967941938,0.018110515308020103,-0.02809554294154026,0.009971940602858899,0.009733365862951864,-0.029739042850278407,-0.06579988733311179,-0.06475127605699038,-0.09628055453148665,-0.08101057248528636
6.332,-0.026008806936688073,-0.003791198589425387,0.022096278854882846,0.01737727142949732,-0.025769229862659965,0.007908330198115545,-0.0010866824403792013,-0.04795062287666261,-0.07483841020332734,-0.06406689371656288,-0.10344032239549045,-0.08868769301824996
6.334,-0.019735241526607605,-0.011710480897006728,0.007801601660736324,0.018060090879585065,-0.015171029301514939,-0.0032479156392588603,0.00010986964202557475,-0.04742139972639636,-0.06620870170793117,-0.05458696199979858,-0.10379308097821636,-0.08597853559737151
6.336,-0.02056446615012712,-0.01698209913747548,0.0034807765933602417,0.020221013327778547,-0.012677081890091767,-0.007371993741214238,0.013223764034137268,-0.025996248570348088,-0.04903358670780923,-0.0489488566582375,-0.10233643012666992,-0.07881414226153954
6.338,-0.029132520830306163,-0.011539435166334204,0.017771837333695445,0.020839272375183425,-0.02340818292627373,0.003349277621328855,0.022476843029757797,-0.011301535719892035,-0.04600276888241282,-0.05533806293302826,-0.10417306830323134,-0.07815324229688402
6.34,-0.03424581681358051,-0.0008194530268319791,0.033716649283544856,0.01791659461725179,-0.0336683408404972,0.01679474002509883,0.01700139853960039,-0.02378361260715474,-0.0629021043227239,-0.06659665565365913,-0.10693647667677716,-0.08422294043464204
6.342,-0.028069075453662756,0.0037021025696281915,0.03188925656344525,0.013452208088013175,-0.029873862066055454,0.017141289576206614,0.0051691128136727845,-0.048456438391666884,-0.08002389121888218,-0.0693484221193856,-0.10482631097893756,-0.0869310320777333
6.344,-0.016837995639032037,-0.0005603035352452833,0.01618918503983684,0.011138039365252905,-0.016914834574804343,0.005880133958464081,0.003430632796279292,-0.054633242889600905,-0.07807235999961885,-0.061407488211464106,-0.09772828084821837,-0.08068863615220444
6.346,-0.01240252944331156,-0.004589161672023636,0.007702307538388423,0.011483395642253315,-0.01104503865515597,-0.0008069543210171958,0.014412682860487204,-0.03676342609263761,-0.0629668156175167,-0.05415026292546357,-0.09234204463641564,-0.07204445021644981
6.348,-0.01679132870294899,-0.0011586396719396534,0.015624815664938419,0.011587369365433036,-0.017611712109602627,0.005182910009824881,0.023397098296370242,-0.02057151550670041,-0.05633129238836694,-0.056854229694677634,-0.09363530794904433,-0.07128675993997334
6.35,-0.021401429378659922,0.0037872493455159213,0.025245025117122823,0.01059366248040026,-0.02478039650461275,0.01259130226701374,0.0187361426916721,-0.027179248436308447,-0.06578837871645932,-0.06454552200571066,-0.09855588960890777,-0.07938540382658667
6.352,-0.020564665273000247,0.00011939740214519568,0.02071550958541503,0.01158691117204825,-0.021924239467797816,0.008341964884392133,0.008446530234332804,-0.044493179633926655,-0.07550610045004572,-0.06582344361518426,-0.10049999371247506,-0.08625565834457574
6.354,-0.01893637237680718,-0.010096261363046912,0.008824530606010616,0.016273411301110322,-0.015040761867613668,-0.002454526513049922,0.008412605799100387,-0.04506041713986956,-0.06921679043202518,-0.059357940192506696,-0.098159458452319,-0.08387123782042578
6.356,-0.023032141410851487,-0.014667132636443708,0.008340426556624696,0.021287439876462113,-0.01687471458964608,-0.004178568996579967,0.01890511997815239,-0.02556001633033334,-0.05349924776978971,-0.05564844667185739,-0.09688529120461513,-0.07750825095815289
6.358,-0.031158128564917724,-0.00796943295048285,0.023185444461324832,0.02215932729234631,-0.02838551142272991,0.0073948174341753456,0.024055695094448784,-0.012882184729424888,-0.04939843131805281,-0.061732625993938306,-0.10045344385196031,-0.0780487156067022
6.36,-0.03548187540768626,0.0020112316328556416,0.037504962279947394,0.018837282753008482,-0.03745727494372381,0.019823695521961022,0.015054371355134287,-0.02729348369757406,-0.06344762938563224,-0.07054176152226953,-0.10436450564837342,-0.08515866422237484
6.362,-0.031015759137080365,0.004322100548365133,0.03536723538558396,0.014804005524128435,-0.03362198577522255,0.01953050036309304,0.003202234414599647,-0.05317291331773047,-0.07755603348554825,-0.06983209584697297,-0.10168097724410098,-0.08702089098154796
6.364,-0.02123095717895513,-0.001565929257723874,0.0197934264857624,0.012383519901870423,-0.020676695960945114,0.008037274639212597,0.004447968396749093,-0.059018069843779615,-0.07299700754046738,-0.05872471158860046,-0.0941549662935858,-0.07786270619283196
6.366,-0.015128862018990979,-0.00600943213162539,0.009441397812666385,0.011176342840373197,-0.013046731464539227,-0.00014199412993523217,0.017783143802140987,-0.03975047196451272,-0.05652312016622016,-0.04975264187681304,-0.09122070004612189,-0.06689816027482443
6.368,-0.01685970034476286,-0.002820337930714941,0.014460955888758892,0.010177614822485997,-0.017639775271151258,0.003382043047218793,0.026956842660379992,-0.022559308084964542,-0.051425860251915645,-0.052760143473200564,-0.09701364849917259,-0.06604539147429297
6.37,-0.02096525443888932,0.0013523278961444004,0.022575614524414454,0.010283710089359164,-0.024596329960931047,0.009454862597965113,0.022491006368589788,-0.028535257704316568,-0.06480375939117344,-0.06166403225071547,-0.10452759379762566,-0.07430196249119456
6.372,-0.021302744422125205,-0.003504864928961524,0.01779588785525071,0.013619216639335553,-0.022091006368774355,0.005184483640527603,0.013576327830513532,-0.04483263015626925,-0.07790840742921071,-0.06349162408199671,-0.1058528379793009,-0.08031198443834545
6.374,-0.01997091357758773,-0.0153018833749392,0.0046540218515163925,0.019836403496451303,-0.013569561331919647,-0.006766991419285761,0.01400381433149599,-0.04532755807326433,-0.07317147652097117,-0.05709786676790084,-0.10317638773421368,-0.07862835553930753
6.376,-0.02296791545188995,-0.02131712832105391,0.0019137877544362874,0.024936753754945137,-0.012358858211893812,-0.011293356129092751,0.02270555555277141,-0.027913504380877186,-0.058439671741303836,-0.05379993988420735,-0.10432682178934985,-0.0759233273053742
6.378,-0.029982984142003247,-0.014220686296251478,0.016252685990245867,0.02495390980940761,-0.02273334796972951,-0.0009147301721476164,0.025386061941327694,-0.017335198805536123,-0.05567566210585218,-0.0604762839502398,-0.11035381549392673,-0.07991220708615136
6.38,-0.03360228252416718,-0.0017213155416408497,0.0323247611956629,0.02039082806545346,-0.03350283762319526,0.013594303133895404,0.014164771056581106,-0.03177361871964503,-0.07131486304029781,-0.07056728532940913,-0.1138558689426644,-0.08843250575006321
6.382,-0.029189375179559975,0.001958239482190214,0.03147386555137579,0.016054137690983582,-0.032027094500764415,0.015450015844983463,-0.001027174335144927,-0.05764449049491279,-0.08771162450517608,-0.07333397678661734,-0.10934192524852704,-0.09237234657949268
6.384,-0.02181386559052933,-0.006821486466060279,0.015370807442510256,0.015888099855107734,-0.02059972548831992,0.0030296644892619747,-0.004293139821506435,-0.0658980956355705,-0.08603851216757226,-0.06722018874971863,-0.10045110121450275,-0.08681790285087326
6.386,-0.02081274840830696,-0.016838280559593976,0.004500569228098862,0.01911793060218342,-0.01399055610814532,-0.0073825429992703095,0.0060390483824383666,-0.04955847069441384,-0.07065647934527254,-0.06151149063715054,-0.09601477770180183,-0.07747399316132605
6.388,-0.028052227872722806,-0.016839198188723235,0.011818090833346553,0.022039941454772286,-0.020269305438005508,-0.003034473167851176,0.015356748988045245,-0.0324853807523715,-0.06257246856978238,-0.06427620698007921,-0.10021103673789933,-0.07462545175406184
6.39,-0.03476361631402647,-0.009648624435424288,0.025752562479755457,0.022271878728908647,-0.030100880258704887,0.008413029161766694,0.012692032682536079,-0.035802398624623546,-0.07016796884662735,-0.0710349277525674,-0.10735188461744828,-0.0797466543476409
6.392,-0.032055057339244505,-0.005963788841286596,0.02675584644572441,0.020082465047767954,-0.029631362884527453,0.010972080623289112,0.0054614502894090285,-0.04858281349881165,-0.07843850709305622,-0.07107195272046268,-0.10862538635535979,-0.0830827301679712
6.394,-0.022033621894762986,-0.00843100065929989,0.014145191592902562,0.016843804095968737,-0.019181566869156768,0.00295864164458327,0.007778413310729013,-0.0454259983893231,-0.07212009192265789,-0.06372506512211305,-0.10349234391115218,-0.07796721673236698
6.396,-0.015696336642831238,-0.010249304915159926,0.005651073340337077,0.014489015512087308,-0.01247813745710624,-0.002839254431522438,0.01910305973466266,-0.02536138031446176,-0.05864795446325816,-0.06000595146180626,-0.10031448620447711,-0.07120976817304812
6.398,-0.019496931957879597,-0.007039349279483192,0.012344892235822148,0.01468144200954072,-0.01793949669053216,0.0015400033350697509,0.024076960548659702,-0.015587225695481915,-0.05817460328422879,-0.06673942810489507,-0.1049991059397584,-0.0737310998488669
6.4,-0.026927378320336946,-0.0024003144860265282,0.024360251172350605,0.016400307972611033,-0.027422441196291926,0.009456373289076371,0.014133405135581834,-0.034214248686326436,-0.07492474911057376,-0.076357585038031,-0.11299101346938359,-0.08445571963583985
6.402,-0.027427469440412633,-0.002110001135309133,0.02528885118381519,0.016893336647070174,-0.027929857879458536,0.010025936992420771,8.376574396260546e-05,-0.06375868340071096,-0.09024494143186615,-0.0763318276147092,-0.11519996248195104,-0.09034361629986605
6.404,-0.020615928742074734,-0.006243518612640261,0.014446553864037358,0.01545635714094855,-0.019365443062755405,0.0028203426076051125,-0.0015882197060794283,-0.07189768276839079,-0.08715633379797792,-0.06524275456891948,-0.10939530205567423,-0.08341951226607007
6.406,-0.015158016193256137,-0.007977410005743658,0.007231906806622,0.013298925571739645,-0.013325991080831847,-0.001450174142638396,0.010457668327408496,-0.05235746159778251,-0.07238465133178769,-0.05487570481723751,-0.10230064218608621,-0.07190777465916147
6.408,-0.015187387144990499,-0.002078675081996271,0.013093272864848087,0.010599565982853982,-0.015818538026686802,0.004258846915109028,0.02111434017135008,-0.03202035414316297,-0.06642506634587413,-0.05522446192510791,-0.10078329892088034,-0.06962571889112659
6.41,-0.015514570750506404,0.006148674356620678,0.021628021612636158,0.007256237123730312,-0.01936173731246208,0.012272134863023445,0.018822710103256875,-0.033955099176778386,-0.07543382480683014,-0.061732242831190574,-0.10377720552565532,-0.07746321636385094
6.412,-0.01161032894075492,0.006109715592050179,0.017711629286526604,0.005374005389186949,-0.015320226955304859,0.01014554064964835,0.010934159147515604,-0.04693094049041244,-0.08307995587229142,-0.06305735703498687,-0.10514663856035354,-0.08316022298997286
6.414,-0.0071962753717528015,-0.0029163083959427008,0.004273205286713607,0.0069433041226527135,-0.0071875563729474875,-0.000993730566644894,0.012781708619727052,-0.043857744079170514,-0.0737518198520914,-0.05771775658114071,-0.10305922617709835,-0.07858700743865518
6.416,-0.008575677297056132,-0.009268502994885379,-0.0008123058046242892,0.010184222606498516,-0.005910993970807008,-0.006607719832232403,0.02541811433511432,-0.02205186695580472,-0.0552770951267746,-0.054972852131519825,-0.10245007644120491,-0.06938130449830465
6.418,-0.015892174972718377,-0.004858235903423129,0.0107038913577356,0.01179245560477279,-0.015165457650662587,0.001558161067539465,0.03317743734995538,-0.009246897232215237,-0.05012750439848143,-0.06099039522365195,-0.10748445647732736,-0.06727512068423687
6.42,-0.023013328735683916,0.0033801091665588523,0.02596311928505898,0.011656997829609767,-0.026165304899568465,0.013727071452630865,0.02492605070469802,-0.02657831859743745,-0.0660643039998497,-0.07032985201648367,-0.11463623963741426,-0.07602142499371846
6.422,-0.02495950496387248,0.0028991887781759963,0.027622843155437508,0.012747081565930317,-0.028115271960674832,0.014726134042375931,0.010053649631088714,-0.05841231817400747,-0.08484817246954075,-0.07223277536203591,-0.1156954838298635,-0.08561509288182095
6.424,-0.023772589325738575,-0.00767709996784179,0.016255613411932095,0.016667136181393854,-0.02183133705541734,0.0037836617933252555,0.006277687457864018,-0.07130843764414549,-0.08544788673255678,-0.06413793826232621,-0.10779262284517274,-0.08392215444742603
6.426,-0.02516243712064186,-0.016434787153713215,0.009225530188005232,0.020918950935962424,-0.018724475374565078,-0.0046794067246953034,0.015787105395893446,-0.05689472662370952,-0.07152533502822896,-0.05622995732024163,-0.09831867566041944,-0.07367845479661941
6.428,-0.029419829636986163,-0.01362222130410302,0.01641433584079138,0.021635464014839477,-0.024291737328631654,-0.0006039798950331678,0.023434607883247048,-0.04038401388179665,-0.06495439472726727,-0.05874064561117926,-0.09659221916094878,-0.06948010010298147
6.43,-0.029911366074151378,-0.004177962269028316,0.026268551110498934,0.01827629342251776,-0.029404623014349537,0.008438986691614404,0.019287554292074682,-0.04376236945479049,-0.07420090361778608,-0.06756864490388002,-0.1017946642299728,-0.07622019897188911
6.432,-0.022947459201056737,-0.00026340912220253226,0.023045922780331667,0.014237310054496176,-0.024109154041923736,0.00903463620641468,0.01218471477994376,-0.05599969283816494,-0.08353326096653618,-0.07024003481832368,-0.10508624762514567,-0.08201598680702127
6.434,-0.014890103358907886,-0.005417690867455347,0.009711952158068166,0.013311440029576,-0.013375905375010919,0.0007938038751416705,0.015599303695409239,-0.05166725044632429,-0.07710119250785452,-0.06414620025528267,-0.10252908658441587,-0.07688686599442043
6.436,-0.01469369689097303,-0.011070966248539925,0.0038914892137649312,0.015551411130005296,-0.01063893449001949,-0.00397344069021093,0.02827458026337822,-0.02898145533065974,-0.06132366438503638,-0.05935073272888167,-0.09867975715949451,-0.06738902663384236
6.438,-0.021426693541236174,-0.008275404095724833,0.013489494091558373,0.016713283415236715,-0.01880494358000865,0.0023551233159255173,0.03546086276697186,-0.014487614612570124,-0.05619073299583351,-0.06329384223881286,-0.09831443583649982,-0.0672107064016682
6.44,-0.025370323652325562,-3.1939313800123155e-05,0.025577941860939413,0.013865280271515163,-0.02634500272067309,0.011840306008493773,0.027652675685189435,-0.028868525326019207,-0.06878401839485024,-0.07083300322149165,-0.10049561770118137,-0.07889024403980313
6.442,-0.021641474391052053,0.0028136966803602717,0.024465076841713458,0.0101703117566678,-0.02366016640206148,0.011910201489678314,0.013514997099678615,-0.05824443747333841,-0.08370191106158775,-0.07217929618152912,-0.10119843513337025,-0.08964414904966457
6.444,-0.016439863929453374,-0.0025150204183509036,0.01380480038966218,0.010501779169742114,-0.016132612315283314,0.0036276336690859072,0.009494203003893805,-0.07014543450354183,-0.0834876864683035,-0.06615521107300158,-0.09899359355215562,-0.08681149393111513
6.446,-0.017605699962920808,-0.006848700231388552,0.01070899676519284,0.014100036887999339,-0.0158716434223582,0.0001928094054112887,0.01806284892274685,-0.055085911270062536,-0.0719229461892928,-0.061328900759615,-0.09686693857379682,-0.07457239263182114
6.448,-0.023991361120388955,-0.003850006211312752,0.02032360440985568,0.016312556609917407,-0.02423324649189961,0.00677039129379863,0.02437237220936548,-0.037696801916341297,-0.06844307225633195,-0.06447010711388004,-0.09828194688115773,-0.06900355229704504
6.45,-0.028387047945216806,-0.0007124020312238521,0.02818528056235793,0.016504402792354766,-0.029981957586821702,0.01217911503804759,0.0172385108598529,-0.04181304082920532,-0.08071072223173537,-0.0713211446020118,-0.10226789203309472,-0.07667780754310828
6.452,-0.0276617336854979,-0.006856559679113526,0.021586473460666618,0.01813223833130294,-0.025422758423925013,0.005870619212310362,0.005205854209161933,-0.05820871898027836,-0.09305180920198557,-0.07218725927392976,-0.10468749966484882,-0.0864669959093782
6.454,-0.02549377193317824,-0.01800585090916277,0.008273663675241546,0.021675326514651577,-0.01708079440627695,-0.0058762401145083425,0.004830480391818755,-0.059060493362655876,-0.08767486243472807,-0.0656157722532934,-0.10436501351815336,-0.085292987427863
6.456,-0.026601323980543056,-0.021190687054254677,0.005951501780627353,0.023778946346903286,-0.016696028257439453,-0.008429661135618872,0.017995268305811107,-0.03780868476334944,-0.06986982018458211,-0.06086974284641296,-0.10458544464032585,-0.07508736115353763
6.458,-0.030554959659249224,-0.012539867170605972,0.01827130998165149,0.02257304928890055,-0.025556961089837026,0.0016980911572018215,0.02919309420500923,-0.02007490831638236,-0.06213422302584046,-0.06505357168098333,-0.10759893603912901,-0.06937019442835797
6.46,-0.03169917789893574,-0.0018709441502519303,0.029886144656173848,0.019341599965456712,-0.032559652885035144,0.012800948446615475,0.02586359652462779,-0.030011814671545893,-0.07369625881960752,-0.07292922119056998,-0.11035590063067492,-0.07496277008903374
6.462,-0.02630227656702143,0.00015653071787838818,0.0264406510598207,0.016079801813798627,-0.028332559330708,0.012809831135001103,0.014673957844322088,-0.05656518480431488,-0.08729132778422227,-0.07363467877384315,-0.10787262965465474,-0.08247033005010208
6.464,-0.01927568591217714,-0.006090986585504608,0.0132678280612909,0.014519263868677822,-0.01797776983370887,0.0036352361365312646,0.011746136074415828,-0.06721205028148008,-0.0833769325100373,-0.06530752563674146,-0.10067389320962632,-0.07925303113854074
6.466,-0.020036385647097508,-0.011425894844714183,0.00892946145366284,0.016054663982498375,-0.01591133356087592,-0.0017078827351468125,0.02003011079778532,-0.051886083009950054,-0.06800622975009918,-0.058171936757934244,-0.09618330066613073,-0.06805239115812045
6.468,-0.0299805326763306,-0.009587228436367843,0.020857408571562874,0.019905911908602126,-0.027044567062475593,0.004136293387860931,0.02568106030824785,-0.035810069642815426,-0.0640635926687984,-0.06121770516217315,-0.09995048914358304,-0.06389956319548214
6.47,-0.03904220719608629,-0.005296585391275009,0.03412453067473782,0.023354743132622997,-0.03857146011728077,0.012335693775440673,0.01851798039721762,-0.04268485442719757,-0.07828755391305793,-0.07006700556449358,-0.10777728127349992,-0.0729790370961965
6.472,-0.038050460560921616,-0.00784530988350809,0.030393899792795116,0.025026813976070594,-0.03605736946421519,0.009291133020399571,0.006811848808899723,-0.06109494987918458,-0.09138438179395772,-0.07355827535263182,-0.11085784207560091,-0.08440986850051521
6.474,-0.029952276061455514,-0.016812350898153708,0.01321139045553697,0.025317470242053688,-0.022929761244078164,-0.0034647327603778938,0.0059399254064431035,-0.061965445265722376,-0.08515924821218047,-0.06935708093033868,-0.10724514208258934,-0.08564548500319945
6.476,-0.025013823928411037,-0.020894909204035833,0.00421361122109059,0.024238980553447167,-0.01574544354728504,-0.009930288796752474,0.01745665422945127,-0.04078413743734253,-0.06852146187966321,-0.06602428056069745,-0.10411761783444547,-0.07858717872121423
6.478,-0.027194554041648455,-0.013347754949946153,0.01406011779609047,0.021531859651726822,-0.021649156479877273,-0.0015126857429410123,0.026539174650736512,-0.02512379204573287,-0.06579314843776453,-0.06975423381111659,-0.10798833199897662,-0.0753252126027998
6.48,-0.029853920623139747,-0.001974891576376708,0.028205350668925187,0.018124851000497055,-0.029602591981196445,0.010884015307642346,0.021207464645632116,-0.037595365861223015,-0.08284684116339468,-0.07511454246218068,-0.11508470900191532,-0.08092655658313705
6.482,-0.025470237200437163,0.001140428846933314,0.026996562761892155,0.015328537075035268,-0.02626450597121076,0.01170274526369759,0.00829850343430731,-0.06500393942916605,-0.09873709452472583,-0.0729109260755824,-0.11545115203753349,-0.0872377721477522
6.484,-0.015561197945132686,-0.004145188198471303,0.011770546836880535,0.012796397988582165,-0.013532409340937242,0.0017192018539013204,0.004789335869237068,-0.07527926367246318,-0.09418963124383134,-0.06397089009495595,-0.106732795981573,-0.08466568054348614
6.486,-0.00939190398683419,-0.007122897379757247,0.002455663583852387,0.009803110052933448,-0.0059373589272526915,-0.0036861512988143543,0.015241403620231098,-0.059284560869270184,-0.07688005437307487,-0.05914624899252378,-0.09830657119123196,-0.074812350638669
6.488,-0.013192288704649687,-0.0031299643354112563,0.010038137391527162,0.008258445800056094,-0.011729366955702071,0.0030342965607108663,0.025323211500728696,-0.041886473855513404,-0.07033072247011878,-0.06509405585172848,-0.09900960009394397,-0.06861953037981992
6.49,-0.02195930486582779,-0.0008378524896742,0.020991660440642473,0.011007950493898841,-0.02158102160318045,0.010233947940002184,0.02169685688052635,-0.04678084727093624,-0.08212015938895303,-0.07493964830712611,-0.10536881281521744,-0.07245558026865409
6.492,-0.025982121841724173,-0.008392837234435882,0.017434244321773113,0.0172986750916023,-0.021984711487500908,0.004658068799307337,0.01100882081436103,-0.06366146952005589,-0.09437475208632377,-0.07740495733698993,-0.10721981258483906,-0.07951839017947757
6.494,-0.024086896494367755,-0.019655592336784523,0.004269137766443322,0.02280863549142626,-0.014937290812559388,-0.007855928693280148,0.010125488023226178,-0.06453486079244494,-0.08933068370466697,-0.07229944028852581,-0.10218373706507757,-0.07917770559883
6.496,-0.023851800518114582,-0.02178081001144182,0.0020168349119495106,0.024321028192534164,-0.014209277740996114,-0.010127847514798827,0.022217937606554078,-0.04454926667236152,-0.07378478192148202,-0.07015035375872553,-0.09748343691473334,-0.07193916141865225
6.498,-0.02896238098405109,-0.012415320091935732,0.01671557866142592,0.022443076395844187,-0.02443948710049597,0.0022069080645536997,0.03302592122808302,-0.02902041633683968,-0.0685943576034584,-0.07633045777187811,-0.09845276953245448,-0.06824878140616875
6.5,-0.03292683962469882,-0.0017293153255484898,0.031457185894699966,0.01913230281796073,-0.03388819418771768,0.015291375869756292,0.03092796328292688,-0.03854362078098616,-0.07928061518428066,-0.08217959286864339,-0.10225643753930262,-0.0728725248146596
6.502,-0.02815997287534248,0.0013195600587446827,0.029566630512263863,0.014911415218462778,-0.03020997496863003,0.015854281338036166,0.021976029233468416,-0.06127919392991195,-0.08960111164444104,-0.07631419932119742,-0.10336425813621569,-0.07849663218393801
6.504,-0.017193642777770673,-0.000841223216194302,0.01614497115501551,0.009941857283689518,-0.017257404705651364,0.0075346208945065085,0.020981949200592175,-0.06883975247840225,-0.08470722095096951,-0.060913693367126376,-0.10058268716388286,-0.0765628628252138
6.506,-0.010236216132773637,0.0012048934617435742,0.010991528593611154,0.005381878127810567,-0.010801478455016639,0.005299516416814416,0.03191253110243836,-0.05336125324309412,-0.0706353945802251,-0.05036708260431601,-0.09787450360119218,-0.06811431183975902
6.508,-0.012515717944201211,0.010796012267566664,0.022748359728620396,0.00246996875264109,-0.01836182933128225,0.015717745422341056,0.042960466269986314,-0.03700310718990592,-0.06603215438420851,-0.053793688527515336,-0.09880857934418456,-0.06197391512735218
6.51,-0.018203991599009543,0.019613737076474878,0.03728444891425098,0.0015661385090454108,-0.029364503120520403,0.027772643952610466,0.04374508816298517,-0.04043077298378971,-0.07647308390243544,-0.06387604584293619,-0.10046537828000753,-0.06373052518965854
6.512,-0.018749842933807763,0.018907911199631762,0.03728994548402414,0.001925353718834939,-0.02986040361482015,0.02801477973234309,0.041173194177425466,-0.053217789436286175,-0.08495335015474548,-0.06639913975253738,-0.09673384311439714,-0.0682578814168279
6.514,-0.014488931534093447,0.013166865675802018,0.02753300077200562,0.001827198222475246,-0.022337019291910825,0.020561974928833285,0.04936385249422684,-0.04947422708423751,-0.07460070511809486,-0.05805451822228998,-0.08832252777620044,-0.06665710610537706
6.516,-0.013709173593628186,0.01530004141965641,0.029097937223239292,-0.00012227679723326675,-0.022276529845727675,0.02238061570669837,0.06782517154825081,-0.026735691796718596,-0.053398241588256665,-0.04936678129339324,-0.08342842843122776,-0.05974300442344825
6.518,-0.020446257366279166,0.028100735637971243,0.04877452718131424,-0.0030574722484005084,-0.03553014204090267,0.038550602503736944,0.08035166037891017,-0.011934716972099742,-0.0449818339073447,-0.04994447551920152,-0.08682761595262568,-0.05816798138154615
6.52,-0.02795617239631114,0.03900923951130295,0.06731003842675096,-0.004687625045796889,-0.04868435223876578,0.05323258335094486,0.07672702156408842,-0.024893011896882224,-0.05694383358085826,-0.05580272192117317,-0.0928946296195842,-0.06656950725767706
6.522,-0.0266698594018392,0.03718841615023438,0.06423944307413973,-0.004941539428966343,-0.04633192531022002,0.05050204388734051,0.06693044257421027,-0.0494885421499187,-0.0702006494975565,-0.05532094465473696,-0.09171230067057115,-0.07437800403544807
6.524,-0.016101241603843998,0.028098532307026004,0.04442609518961728,-0.006475257166883388,-0.030980896410207483,0.03541597597059779,0.06785572162601568,-0.05346093182168761,-0.06421791562452298,-0.04560689645227879,-0.08080696595184694,-0.06896408751369223
6.526,-0.0053544572833480655,0.025815136649859523,0.03115218835203417,-0.010938774483620428,-0.01912150672306608,0.026996174462358434,0.08068121231922147,-0.030910940586370304,-0.04390799660067786,-0.03665325058820302,-0.06884588766643579,-0.05344481513070285
6.528,-0.0018490713589653517,0.03492371516459383,0.036646752937735505,-0.016535581395633957,-0.020295511831393307,0.033958099222743426,0.09014180141859633,-0.009647248783859065,-0.03278347080236453,-0.03755714161089392,-0.06614874956533985,-0.04329683904349595
6.53,-0.003469426128008841,0.04480052010960294,0.04823360256862754,-0.019492839342220812,-0.026953693246917463,0.04466700667171534,0.08640458404348923,-0.013244448617821498,-0.04170225805772417,-0.04408221521706974,-0.07277137148641351,-0.04600685319663728
6.532,-0.0038425179021787347,0.0431370003658638,0.04714855354262929,-0.01785494014738427,-0.02690195748461247,0.04351923921449896,0.07770254153341842,-0.03061610689982793,-0.05527857075607641,-0.045600934307359335,-0.07992721016702987,-0.05259531983513207
6.534,-0.002353438452902099,0.031491148712619016,0.034221721493841506,-0.013377198263015692,-0.020320457230639466,0.031466161532927854,0.07601676034689969,-0.03503355056988937,-0.0547689212866007,-0.041297931328911526,-0.08233882427731964,-0.05210715795107415
6.536,-0.0044890829249925965,0.02265874982529628,0.027573986754837316,-0.009178275299465194,-0.01827853247942437,0.023757022042229882,0.07828512002291868,-0.023730513477130705,-0.04470935734399382,-0.04129938700908045,-0.08332228438952263,-0.04642047776759084
6.538,-0.01147840429903239,0.02401024231423041,0.03571890140749976,-0.006967329476843982,-0.025154172304023985,0.028669018729608458,0.07023879768281036,-0.02215225823250671,-0.04580671608462382,-0.0514182290399129,-0.08745123285094383,-0.04572624441286927
6.54,-0.015357729761838086,0.029081858700397742,0.04439990250411543,-0.0069245339955909205,-0.030468097749522357,0.03619104512681887,0.04708004815963978,-0.04723921033053023,-0.06464450098832075,-0.06368816687777751,-0.09274728027311649,-0.0537704583891476
6.542,-0.009090209430454715,0.028103249175634865,0.03705474917761117,-0.008660414424742332,-0.02322409546049158,0.03275774104519967,0.022641511537013013,-0.07993405166522392,-0.08229961050337838,-0.06565193889910499,-0.09194315555355538,-0.06227865904081686
6.544,0.0026952496371254516,0.02179572918045474,0.01904828917761745,-0.01140069280157309,-0.008345533287072347,0.02080712595627026,0.013500493748236843,-0.08663755889253362,-0.07845515895587225,-0.056163852164072825,-0.08202145811710387,-0.06077322638412262
6.546,0.008884316883837149,0.01903334643182272,0.010196558201139268,-0.01390859778713228,-0.0009086443818210334,0.014670659618331609,0.017632791309603844,-0.06353043748297994,-0.059360705460471695,-0.04711418504825047,-0.0707872720200252,-0.050154165208865266
6.548,0.005840521192928742,0.022865741972705213,0.017076291337920303,-0.014910095201079955,-0.006096644433544807,0.019493329279823047,0.01653978213603402,-0.04296254822475606,-0.05067529357442222,-0.04828431991094796,-0.06885637627703568,-0.04233547556240902
6.55,0.0006271464183939372,0.025415529557031465,0.02478722688086331,-0.01344226481876567,-0.013019125102098223,0.024095840385194085,0.0003582509074614435,-0.05049270492611634,-0.06300548399694546,-0.055052903734486694,-0.0758554209537981,-0.04432588335366424
6.552,0.0007031202285616921,0.01965007672522347,0.018918684510756692,-0.009839676932014369,-0.010305519038458227,0.017916783649642203,-0.018217362510544278,-0.07151195713713632,-0.07795895062488352,-0.055969115975000816,-0.08138563309742516,-0.04896476500858673
6.554,0.005001360261481709,0.010328734686663054,0.005314503475401692,-0.006322640253330335,-0.0011404691535759038,0.006444185322168896,-0.02172468354860506,-0.07399255798890975,-0.07519646874119214,-0.04961307293087063,-0.07931276256001245,-0.046778063233823726
6.556,0.006240009482952562,0.006650603717068027,0.0004198562294459768,-0.004399027436430705,0.002136399023964651,0.0025717364362321466,-0.01172646524519549,-0.05416717198589437,-0.061978370235027294,-0.04672793702787358,-0.07467695370739855,-0.04063715079937814
6.558,0.00099710086132341,0.008758647867120118,0.007772988150147217,-0.0028464058214598825,-0.004433438309658663,0.007961650147267182,-0.005933950158573753,-0.041901919912900674,-0.06308373236085443,-0.054735823497636026,-0.075439248067755,-0.0412703548137328
6.56,-0.004768923203364285,0.008743517586442989,0.013512851273284714,-0.00035012424700975634,-0.010826991819936424,0.011265600469508369,-0.014723046481328685,-0.0594801665976904,-0.0853585949217057,-0.06659655029487041,-0.08123301013137857,-0.051143807036132735
6.562,-0.0030392619014987464,0.0026058414452981137,0.005639056630732397,0.0016485050079532132,-0.006611474040565353,0.004045281774154996,-0.028052210921810154,-0.09028287414590748,-0.10708364581146403,-0.06942875100065996,-0.08360405194360591,-0.05993364353211558
6.564,0.005785381274184469,-0.004173558116025254,-0.009962051331140295,0.00040576711758147024,0.005576521841463659,-0.007852078960435454,-0.028577637594176013,-0.09966972442622167,-0.10697349921609133,-0.061115829917386955,-0.07779360880569837,-0.057578236250848014
6.566,0.013995338672904718,-0.0032930446843471325,-0.017308509587446282,-0.004803722331884147,0.014168847346265511,-0.01147083183047168,-0.01453493925486112,-0.07970093235581996,-0.0916289651538726,-0.0530806005029055,-0.06988633209698823,-0.047520382308586316
6.568,0.017483582438537794,0.005889585473485557,-0.011722748341338445,-0.011944084576172343,0.014237915482631733,-0.0036942808066884555,-0.0021002020054906537,-0.057840261821659904,-0.08386315877468792,-0.05498963886275707,-0.06781478956719107,-0.04188041467519554
6.57,0.020684933170564884,0.014227091027011009,-0.006785025934380297,-0.01809094354353861,0.013726662152260956,0.0034064060373981213,-0.0028044230052315434,-0.05858280080862941,-0.09061528640080492,-0.061434406616280544,-0.06971454650863003,-0.04412272106953744
6.572,0.028137657879983482,0.013208054636201689,-0.01537543514956255,-0.021239985208324062,0.021091665388256933,-0.0017151198981328105,-0.008321480209251048,-0.07177498438113876,-0.09652678236612147,-0.06037637518465664,-0.06858863001362513,-0.04500858047802331
6.574,0.035662226512885066,0.005812554877440898,-0.030237271236490268,-0.02109880798238622,0.03158756027738417,-0.013475244813109686,-0.004217944010594998,-0.07086541994431951,-0.08875387903868592,-0.05158907306870537,-0.06443568311372544,-0.038112650313838585
6.576,0.03454421046882615,0.00260594623631906,-0.03223966242421541,-0.018545533782539633,0.03199390864554329,-0.015933372139487274,0.008748065562881373,-0.05311995843026445,-0.07545606211680919,-0.0472672637145936,-0.06363173045153057,-0.030080056508281564
6.578,0.022973328034164554,0.007735044618590716,-0.015514520522143353,-0.014477323454915854,0.01794562513829495,-0.0040984155491337205,0.015285273246445654,-0.04534763108992465,-0.07487924604012101,-0.054521513959632006,-0.06873745419987848,-0.03143346081301304
6.58,0.009510267137515705,0.013480914359162453,0.003778405652889678,-0.009658099630761705,0.0013438487431285501,0.009024266108328361,0.006463686049779082,-0.06691736242372842,-0.09126786938206605,-0.06607391593059575,-0.07473869385368935,-0.04267874976036401
6.582,0.0031473556443987385,0.01031859454452867,0.007150510390271064,-0.004645166408661434,-0.0034668810101338063,0.008754245788177205,-0.006999535179318329,-0.1006515653178975,-0.1083779971046691,-0.07100377336621855,-0.07548893014911631,-0.05362445488562049
6.584,0.0020415046497789476,-0.0003066378939206269,-0.0022589397146169244,0.0006202789611871285,0.001443217424703732,-0.0022107736342648356,-0.007757396359981164,-0.11302931704681317,-0.10954529299006557,-0.068650812789359,-0.07185058671541185,-0.05576181880141081
6.586,-0.003800150694527276,-0.007618431490230963,-0.003735221946173281,0.006401963401450342,-0.00013457173783782946,-0.007270027506951313,0.004786604446435269,-0.09748781712012863,-0.09970853557868158,-0.06821124707097881,-0.0714709711634896,-0.0525187952262653
6.588,-0.018566469185181473,-0.006607389349841518,0.012095937740034505,0.01280585522565921,-0.015966614878393685,0.001052279993446834,0.01274995432652549,-0.08209450773783089,-0.09936595206692228,-0.07636634595596375,-0.07903738939704821,-0.05420708271204362
6.59,-0.03357350330822346,-0.004790287513203698,0.029178936270757447,0.01940456990920667,-0.033291808831187195,0.010669317957918388,0.004109726763439334,-0.09029218351179198,-0.1153713750646532,-0.08821987693166485,-0.0893900903704614,-0.06293301865519356
6.592,-0.037260884759133694,-0.00996405617418624,0.027926437635733024,0.024358740482833513,-0.035254810931262155,0.007791411660856982,-0.010363538318426275,-0.1091241633854479,-0.1297345158176362,-0.09331156426109675,-0.09435341991868942,-0.06884858632298883
6.594,-0.030119084776436735,-0.018490184631824377,0.012127941464773724,0.025779876086182384,-0.023328903226509216,-0.003827075398287162,-0.011881720785556755,-0.1094512177138406,-0.12495218534691767,-0.08908053140248788,-0.09371002910482173,-0.06453982596265569
6.596,-0.024700800910797863,-0.02187197253066645,0.0029776508443142146,0.025113883930042515,-0.014837256328732049,-0.009738935756308449,0.0014617161582665735,-0.08764668168773487,-0.10896294480782935,-0.0835115398008586,-0.09402974522162788,-0.05636416499221525
6.598,-0.029750130587067252,-0.01974868520855389,0.009994535855568353,0.026520323302524105,-0.019969157929888327,-0.0054590267250866475,0.013520723481447344,-0.0707184342116498,-0.1040451808055668,-0.08453150971692512,-0.098785177457212,-0.05660348135657835
6.6,-0.03943709974536113,-0.01956284419831584,0.01993755057458383,0.03136981725434318,-0.02989322854497783,-0.001168832939338154,0.012016918032197588,-0.08033111669384069,-0.1167721346435707,-0.09075755190775642,-0.10456002024231434,-0.0678426263913551
6.602,-0.04267504416707309,-0.025616220995919908,0.017158972609040663,0.03641550351507672,-0.03083225638194717,-0.0063249965360722025,0.003820958190027433,-0.10468743504577273,-0.1300872929399012,-0.09438470121687574,-0.10641848534002679,-0.07991010338367362
6.604,-0.03890454121482705,-0.033754989238627124,0.005172999666709254,0.038702033116940246,-0.023349561538249512,-0.016804247170925782,0.004558888386659479,-0.11396168777055148,-0.12675315529222664,-0.09185165966856232,-0.10450811432368282,-0.0828830681135407
6.606,-0.03789884434640936,-0.036915274331599704,0.0009360419547063752,0.03917713277637133,-0.02053396410017525,-0.020554413353914062,0.01687159002133352,-0.09898241434608213,-0.11293256122755446,-0.08904013795411884,-0.10449659581393868,-0.0796882640279326
6.608,-0.04552785962402011,-0.03476784824717399,0.010721925710241083,0.041038674260390866,-0.028773971010478433,-0.014249259059492442,0.026408688536719148,-0.08323250436263765,-0.11029478899524155,-0.09351625590189651,-0.11020503473744891,-0.0815803429721886
6.61,-0.056046462083555196,-0.03566378766816069,0.02039007191360608,0.04618800397004139,-0.03852854047358891,-0.009215895901417234,0.02212028625636475,-0.0896696046210477,-0.1254409023729521,-0.10310462361131414,-0.11693585336483321,-0.09120668196636957
6.612,-0.06003553470447286,-0.04516538506517751,0.01489468700333732,0.05272606127854458,-0.03785155094835261,-0.016048118713431703,0.0126194346793048,-0.1071757959340911,-0.1393650351021735,-0.10764880326723457,-0.1167018127318209,-0.09742025941162266
6.614,-0.05641028845969397,-0.05609800725557161,0.0002981476768063292,0.05627173742146686,-0.029013043074262456,-0.02834757142499713,0.014168432325785237,-0.10699569384186554,-0.13372448573502027,-0.10311270802682136,-0.1096883008621572,-0.09089977598634988
6.616,-0.052816207480998065,-0.056350728288460265,-0.003675484239640941,0.054528002749487596,-0.025100938783979655,-0.03019809105699415,0.02754649866727817,-0.08611621266242583,-0.11739287480491097,-0.09816099798055708,-0.1053005194138425,-0.07792570323557861
6.618,-0.05457953528691355,-0.04478321628186387,0.009460020755594574,0.04968600062297529,-0.03200115655495751,-0.017774678151015202,0.036462269249402574,-0.07411224129116548,-0.11605484415546702,-0.10293725929908713,-0.11076261726402857,-0.07297549508918287
6.62,-0.057762383842103755,-0.03368433570749478,0.023656460992064775,0.046107608638075503,-0.04052108769068497,-0.005231935399975947,0.029612888969093146,-0.092544094189762,-0.13752771174887016,-0.1146161153900862,-0.1217588430959065,-0.08048334255160813
6.622,-0.05560788527445533,-0.033880276734926384,0.021477399177042996,0.04597380211002839,-0.03920241094238314,-0.006524590785040727,0.01665754439109405,-0.12325583051937727,-0.159749993765134,-0.12044363001846951,-0.12723379108589397,-0.08914217025276124
6.624,-0.049319157034426055,-0.04204361540896333,0.00730320657089267,0.04790920774311439,-0.030413270433194268,-0.017669031900753158,0.015411627474558938,-0.13090069408947472,-0.159841683423582,-0.11570886472497026,-0.1234515286015922,-0.08685682952611992
6.626,-0.04774985896280217,-0.04711634849304516,0.0007992887839482445,0.050047942232355494,-0.027273083113106073,-0.0235959522130109,0.026955794509219377,-0.11014143990345442,-0.14455534013251245,-0.1109394127524447,-0.11908183087164789,-0.07781007751184155
6.628,-0.05511063442658109,-0.046309328306188106,0.008993815610460953,0.0527560127061228,-0.034760050121425856,-0.01978819341209706,0.034083955733601484,-0.09291067877679089,-0.13964650523660355,-0.11657494729139861,-0.12314376849654704,-0.0775477702859721
6.63,-0.06428230913863134,-0.04840795527485596,0.01615574564427913,0.05746450479190457,-0.041976209583510136,-0.01821233331892517,0.026095683565331058,-0.1045625269608978,-0.15401933946009436,-0.12782757894198066,-0.1323076140266323,-0.09081073367613685
6.632,-0.06578081639751727,-0.05946864041166888,0.006679515339029135,0.06327949272442222,-0.03744153646078922,-0.028805100010676876,0.014309549861787353,-0.12884066937584324,-0.16850252988929235,-0.13206648519399197,-0.13606542556230797,-0.10340417633517492
6.634,-0.05947395514328831,-0.0711595494159091,-0.011431720276079702,0.06613170037075493,-0.025358938490551427,-0.04296305197628812,0.016342296617731334,-0.13096498712432134,-0.1630511843647161,-0.12640323148999255,-0.13164971519189136,-0.10103281923262501
6.636,-0.0539813831797469,-0.06990327405399713,-0.015918351269034983,0.0631539262141335,-0.02033858965278894,-0.04349489135637415,0.03199814206619757,-0.10660301719796332,-0.14456552184440816,-0.12080116066702162,-0.12711780756675944,-0.0886095489664601
6.638,-0.05534093665316335,-0.05556305661974656,-0.00037499523645580257,0.056892316545927496,-0.028089337243674645,-0.028291055452546135,0.04350476929947337,-0.08820106819135982,-0.13801592490800016,-0.12442801912295505,-0.12929642750838724,-0.08285600081214564
6.64,-0.059661142505838594,-0.04377368834009965,0.01566215802773092,0.053034103738244937,-0.03767344811606468,-0.015092570167090383,0.0389469917249775,-0.1002745425553973,-0.15250453798569505,-0.13366717565890016,-0.1340553138063359,-0.08931250284887635
6.642,-0.05954436075027234,-0.047138776704247196,0.011980660716618331,0.054389057963722585,-0.03624464731522789,-0.01926499142197528,0.027514319228338167,-0.12624525470748107,-0.1687824273612291,-0.1370934446795973,-0.13244312946568168,-0.09600540507532439
6.644,-0.055146013265309456,-0.059737994555227714,-0.005286655217803977,0.05850042066370444,-0.026506516510474046,-0.03390028516011008,0.026378048763865018,-0.13181617879863503,-0.16585266737484253,-0.1314356022513082,-0.12422499415089469,-0.09149468620482237
6.646,-0.05415918861523564,-0.06590029665834804,-0.012388941756582906,0.06139109032336259,-0.022732933165140166,-0.03973536497405087,0.03695102577203855,-0.11153870569844845,-0.14994038166779222,-0.1269657685866968,-0.1196816730373512,-0.08133248938251174
6.648,-0.060580153829405896,-0.060791326282265495,-0.00033578028554775475,0.06232403290364836,-0.031026895765902,-0.03104674687907134,0.04335626334002926,-0.09538599629567843,-0.1456685694552641,-0.13301628762357648,-0.1261397243279748,-0.07992885114800928
6.65,-0.0683364272305333,-0.05521408068035459,0.013582283357362099,0.06357775071384969,-0.04106778989381175,-0.022064497853344637,0.03587335060213279,-0.10629774359316625,-0.16097864427040837,-0.1436106574566814,-0.13749554270147987,-0.08953856721946332
6.652,-0.06926175200402356,-0.05957359155544663,0.010194536839662172,0.06622505241630763,-0.0404743072922184,-0.026518496055202012,0.025357707712570846,-0.1274049020939072,-0.17550682657464212,-0.1454523817396521,-0.14197439935231077,-0.0973538725025483
6.654,-0.06426147214015825,-0.06954791882712462,-0.005329060342272484,0.06844393937986733,-0.031760575417543374,-0.03903890469703527,0.027409616973701666,-0.1261487347461031,-0.16968814568199556,-0.1368245436567406,-0.13777554011022758,-0.09456522075441984
6.656,-0.06246040576354407,-0.07273532016977255,-0.010801299387798108,0.06890421583995206,-0.028861512938661665,-0.042909938200453406,0.040049425636688,-0.10158238385893807,-0.1526167413443961,-0.12994389362118694,-0.13467199521113346,-0.08839970300655671
6.658,-0.06896233320689807,-0.06584228829937784,0.0027859937554041096,0.06896840359283099,-0.03795581282134854,-0.03276471784368512,0.046556858517266486,-0.08722468492429723,-0.14905512598955234,-0.13413028013702333,-0.1392057187512846,-0.09072749614758147
6.66,-0.0771938681175797,-0.058265285835797744,0.019219995572820066,0.06981871667636369,-0.048548873651305946,-0.021374751794665123,0.038587839402207454,-0.10471414931556249,-0.16429410282922374,-0.14329229336897237,-0.1448127569010382,-0.10069780004403178
6.662,-0.07726347575073195,-0.0588029614988944,0.019011672722347352,0.07011623875300389,-0.047426905383779035,-0.02205066473311227,0.027509361016712267,-0.1333312732026104,-0.17670752924107813,-0.14469954241183142,-0.14140104989705268,-0.10539322430132372
6.664,-0.06933898770577351,-0.06459628614421477,0.004930951417821328,0.06815386831259233,-0.03656187761863423,-0.031289152834092934,0.028996631305168854,-0.13745348716684236,-0.16803838746674132,-0.1364431295225176,-0.1302184766547482,-0.09712454324019767
6.666,-0.06346145180705651,-0.06631739582330884,-0.0030414674676478995,0.065050447384672,-0.03054649770019422,-0.034815275182907224,0.04197886377910596,-0.11360530482731228,-0.14845286101345972,-0.12962720309896847,-0.1227457308874846,-0.08419871229295643
6.668,-0.06610827704902873,-0.06178609368829882,0.004242540008290071,0.06414416628252761,-0.0366535295010385,-0.028073027534090234,0.049781732252009665,-0.0942752861696152,-0.14285301668647546,-0.13328856188288485,-0.12580849308066333,-0.08103683050493597
6.67,-0.07203382552368502,-0.059274134484834415,0.012964391817002428,0.0669178535056779,-0.04468497652652622,-0.022678108471382272,0.042484910938733765,-0.10375349946097442,-0.1575553424326758,-0.1425943786396599,-0.13365166667150266,-0.08986668928914043
6.672,-0.07245767004249129,-0.06542932070155708,0.0072431496314524285,0.07098196287170501,-0.04168288095598932,-0.02953676871955796,0.03064489861340608,-0.12579245877231893,-0.17184360296557255,-0.14573042348908702,-0.13693399650461857,-0.09817274474274605
6.674,-0.06704596195562046,-0.07449897844491614,-0.007426803314577169,0.07247741252072443,-0.030627982249158837,-0.042429401776683466,0.031095507500864008,-0.1274295816785451,-0.16599157294694838,-0.1398188174252668,-0.13474724620929374,-0.09557643542269495
6.676,-0.0634492464541839,-0.07530455712871657,-0.011843115884410739,0.07014322620035851,-0.026112248153120538,-0.04568843054504396,0.0441368661857954,-0.10511424752981043,-0.14811481942154053,-0.13396375046316056,-0.1335374884688864,-0.08698903721644115
6.678,-0.06668492699136348,-0.06691028243071387,3.986603182444537e-05,0.06698041591943217,-0.03395502722238478,-0.035568686936491185,0.05265318865276686,-0.08965319732778726,-0.143422961963669,-0.13583743092104503,-0.1368803846299132,-0.08513480259173539
6.68,-0.07209438741524107,-0.05965899064212592,0.01287086213713525,0.06629440114601222,-0.04346203293259689,-0.025265220501530922,0.04470619402928144,-0.1038741802706779,-0.1597655874287088,-0.14107717844070156,-0.14066973874503208,-0.09335397079804236
6.682,-0.07096708920289696,-0.060521952302949183,0.010620143147173751,0.06682061697331125,-0.041877855617232354,-0.02684583152343174,0.03021224338574341,-0.13090384596105925,-0.1763606652899222,-0.13988383885647163,-0.13887640412379954,-0.10130992621461803
6.684,-0.06253535363279432,-0.0647864849759974,-0.0025988178231672104,0.06508696851197115,-0.030955773743394144,-0.035670628706352445,0.02841187829658653,-0.13622037192564052,-0.1719252698333645,-0.13135926308808485,-0.13185867817707744,-0.09861141473141351
6.686,-0.05580826942591395,-0.06374367533447214,-0.00850697725746326,0.06114944941350498,-0.024487118367566393,-0.03755025543988716,0.042148177148077545,-0.11354133590906405,-0.15353052540817685,-0.12611342889817947,-0.12656250078233372,-0.08839604399358998
6.688,-0.057399935846925446,-0.05642685470511229,0.0007706858463510742,0.05834632227455948,-0.029933687980154406,-0.028281816806843853,0.054241768040357005,-0.09262143390098491,-0.14602235737903912,-0.13252397333113514,-0.1277599868715136,-0.08322943876256464
6.69,-0.06203114659639094,-0.05102284291894179,0.011414078998041076,0.05824405872330337,-0.03768513336897123,-0.019888184793401455,0.051412950138353695,-0.0977138857254735,-0.15722256796523193,-0.1442478863008673,-0.1317379680143736,-0.08767853407306121
6.692,-0.06016672120248377,-0.054281976191497494,0.006520855416069992,0.059001988570501374,-0.0341742782281281,-0.02457532902316979,0.042148421667818646,-0.11429702468080168,-0.16841927938313375,-0.14769638345780847,-0.13221782452629186,-0.0918911768945886
6.694,-0.052761742836819205,-0.0626380264332043,-0.009531609114522077,0.05918356148905004,-0.02224654418181294,-0.037780062161756035,0.04333167372717458,-0.11181696390450795,-0.16199992397068247,-0.14040299491822852,-0.13020589355417594,-0.08686915328086811
6.696,-0.050901956444832676,-0.06674038797351986,-0.01579187831671929,0.060036845799612326,-0.018533051272402037,-0.04355232672408895,0.055734855561226204,-0.08857332205170236,-0.14566675348150918,-0.13405501428272265,-0.13217187453249196,-0.07846078969475054
6.698,-0.05991222298103372,-0.06288674606670949,-0.0027149019117542316,0.06264082099312766,-0.030278731175872833,-0.03485151832177111,0.0637627401616094,-0.07338410234037665,-0.14079561532570686,-0.13822925409022005,-0.13957667392947706,-0.0789934714016516
6.7,-0.0715102154861349,-0.056561505415476075,0.01579664091588893,0.06536958131818414,-0.045396488817489186,-0.02163288942409767,0.05951338902037647,-0.08296051120028505,-0.15150651594744832,-0.14775873055458724,-0.14603724878424706,-0.08951687044752911
6.702,-0.07499294046948883,-0.054006858967617324,0.022213761515827976,0.0655771673869019,-0.04967087359173717,-0.01649243859736107,0.0557504669864486,-0.0968276158770213,-0.15676983715877213,-0.15036138224834864,-0.14604884806842347,-0.09825995302255883
6.704,-0.07106346485900042,-0.05351701656176127,0.018577859585684527,0.06296251802903363,-0.045709823067677555,-0.017944709004646058,0.06847011836743629,-0.08532518497372168,-0.13894670934268027,-0.1438853225427279,-0.14280518883024323,-0.09681094880994652
6.706,-0.07011055156585397,-0.04861658298167555,0.021855272134262707,0.06027836977294331,-0.0478419175898274,-0.013922389954798746,0.09433995062088123,-0.05141873960252762,-0.11110176897513915,-0.1397614290473978,-0.14392567142205095,-0.09100002105874902
6.708,-0.07809253739870874,-0.03911110632958637,0.03862822212154586,0.06053456846602004,-0.06125314967513998,-0.000580416978438218,0.11431871776479642,-0.028002182514509227,-0.10290745628994828,-0.14761453696720084,-0.15109052870914627,-0.09219054787824732
6.71,-0.08927921377809037,-0.033882701677317606,0.05477074417319015,0.06428524330281585,-0.0746148103149758,0.010297749238696858,0.11846172592397974,-0.03277339859741395,-0.12131316272046733,-0.16249839929223184,-0.15851008701288874,-0.10166818545441189
6.712,-0.09502777445925362,-0.03886274110189553,0.05582148696386178,0.0692690538389022,-0.0764708836678891,0.008019489059172824,0.11917348725729365,-0.04251445130049066,-0.1396327553024797,-0.17216042565734163,-0.16093132527806753,-0.10920012872551565
6.714,-0.09513736352072379,-0.04662763288855596,0.04861561820813753,0.07212366886130141,-0.07170119944787849,6.968815196491032e-05,0.13355152369816947,-0.024375249018833534,-0.1298124276541115,-0.17150513357581412,-0.15858889991119984,-0.10690171083495337
6.716,-0.09561611284770952,-0.04457077582742737,0.0514174349384661,0.07081510876463684,-0.07360652788630868,0.002507690758183293,0.15595508459323035,0.016537038513200476,-0.09550204352588572,-0.16309990149380715,-0.15383364789050366,-0.09870367185762637
6.718,-0.09641220981779511,-0.030908295250767676,0.06602938079294914,0.06474692139714089,-0.0822760722629395,0.01696541443845224,0.1578364571896561,0.03483252167622767,-0.06926530444365721,-0.14777217378422128,-0.14549956940836434,-0.09286923671240163
6.72,-0.08772519173360536,-0.016022904059018614,0.07236851986527014,0.05319571767884632,-0.08116250456606265,0.027786527617333825,0.11860334828705996,-0.00952940016700083,-0.0812737024232752,-0.12249454405506253,-0.12790565869057358,-0.08846136507098741
6.722,-0.06160276399084541,-0.009110255605775783,0.05311639483822196,0.03620634565416313,-0.05755197218838788,0.021583825765465078,0.05011975043459745,-0.11033902105976924,-0.13116115428703323,-0.08557870417023077,-0.09598671866152296,-0.07462100318129468
6.724,-0.02288083055031651,-0.009024424540220465,0.01424844890845533,0.01639400432959708,-0.018293862774705304,0.0017783540895236795,-0.018116542185147886,-0.22618269338530864,-0.19198288074442527,-0.03848371167141642,-0.05154971565525827,-0.044271652582283244
6.726,0.015826880256411407,-0.006699250517026751,-0.02219319702311144,-0.003724855697411737,0.018381576333718046,-0.015874230336378633,-0.0761170122134156,-0.33151108377794714,-0.24206995998547268,0.017884755669809054,-0.0017482169904723967,-0.0031581150071440496
6.728,0.04933322359700256,0.007406607458877933,-0.04136866612239387,-0.02658373556379936,0.04313458430465921,-0.018404031173722638,-0.1422482220249402,-0.4409554637862599,-0.2795848780510654,0.08986848856122841,0.05251709007975892,0.03944188932036842
6.73,0.08583295912280155,0.03600323973900844,-0.049185471305597805,-0.05829358411787041,0.06428470479961321,-0.00714568301026413,-0.23084666528715336,-0.5718021376251636,-0.2992655621782087,0.1939731366212854,0.12299512172600799,0.08500723135765564
6.732,0.1350834244611273,0.07332758961089786,-0.0614187455670073,-0.1013191619898372,0.09511428846762914,0.006351952724525594,-0.3265345237437347,-0.7003040140310366,-0.279259838780506,0.342267563366391,0.2196774880828285,0.14272595282779738
6.734,0.19437608695187492,0.11109869567193607,-0.08325803830394604,-0.15032266966148464,0.13655828824154992,0.014561355426858099,-0.4020388194858159,-0.7796210884230351,-0.21309056032500165,0.5163201358896993,0.3306439652986216,0.21227682566215594
6.736,0.2519155072264132,0.14472984925116703,-0.10708483135864384,-0.19676656764220232,0.178478123415447,0.018896106767671044,-0.45259894715617977,-0.799521145647541,-0.13681757343833179,0.6679422073051209,0.42684514323943956,0.27759652344240016
6.738,0.303206819642124,0.17416092994423465,-0.12868108932189698,-0.23762748684319332,0.21598393059003035,0.021740164244665277,-0.4996667653392893,-0.8060844647631343,-0.09745492000361329,0.7621424095085706,0.4916604486805794,0.3232480518294557
6.74,0.35792047926337744,0.2008982541264161,-0.15669594806353587,-0.2782549677117711,0.2574315746344601,0.020056882911468926,-0.5624554903833509,-0.8514182955597649,-0.10370779919901667,0.8134718946179824,0.5398220063472282,0.35533666350039217
6.742,0.4293483777985422,0.2259630209631086,-0.2034662864023439,-0.3265344906297309,0.315345497323301,0.008754256176602719,-0.6398931430286933,-0.9403653182804771,-0.12722419679316613,0.8680844646084881,0.6016579903232843,0.39898045644362656
6.744,0.5202312116964007,0.250099660063219,-0.2706404213891704,-0.3847250772609879,0.3928482431429174,-0.012539409244199572,-0.723509112886966,-1.0384987237248895,-0.13860872427114193,0.9554321486020442,0.6911113891424234,0.4707538154629024
6.746,0.6190968828434954,0.27389133324979725,-0.3458705905751783,-0.4466962971269925,0.4793434666522827,-0.037670032162522855,-0.8163391675075125,-1.119771473020304,-0.1244543266053482,1.0668236294886337,0.7942883824135902,0.5599483796992498
6.748,0.7105852479644936,0.29923509274050025,-0.4118804580539378,-0.5049143230446294,0.5588199569177082,-0.05727327961342157,-0.9314837936145821,-1.194456871038361,-0.08229109905679331,1.179824208158726,0.8910927585740314,0.6450819841112848
6.75,0.7873304103852242,0.3320770444675328,-0.45544380838953813,-0.559123323010617,0.6201343712281605,-0.062088665731394606,-1.0692661646687989,-1.292206503749772,-0.02066789818009722,1.2900349015883108,0.9812307594692695,0.722847879118324
6.752,0.8468292152691852,0.37963225795263883,-0.46695975851035293,-0.612670517385361,0.6562496145091679,-0.0441548115877026,-1.1996035928091044,-1.4305917952106229,0.029351927854665685,1.4023630756753542,1.0767710479575938,0.8070763010183559
6.754,0.8808669981705981,0.4400124960984149,-0.4403745543691675,-0.6604929626269502,0.6597703107651509,-0.0012331423155464423,-1.2808456289316141,-1.6099899821980692,0.014434049126843863,1.495718983783752,1.169523859969959,0.8991137078328661
6.756,0.8779124321071845,0.4913513230546566,-0.3862316211588699,-0.6850074539445519,0.6306894386955911,0.051229489862364745,-1.2988767515405535,-1.8224309712164959,-0.1079324450852238,1.5163453074294178,1.2184622990073735,0.9692910342207587
6.758,0.8371779868836774,0.49401875263834316,-0.3431731980783609,-0.6654466086454022,0.5885391064700797,0.07453139750088357,-1.2733364538476573,-2.0419114902811377,-0.32884558196246894,1.4112805187480786,1.1757947556497454,0.9732474562969649
6.76,0.773773957148977,0.4172561191045908,-0.35667361094446576,-0.594187493523414,0.5636884860071597,0.030132662647938933,-1.2226694913823064,-2.2137751620469674,-0.5900218367234078,1.1659590682898666,1.0250711129973233,0.89004382682138
6.762,0.7056434875955225,0.2722063877271669,-0.4333906713950202,-0.48641662323855644,0.5680870363581553,-0.0806119985468647,-1.1420191502181323,-2.2784410367233896,-0.8253332120750377,0.8176213020566011,0.7952907403019732,0.7438683097703433
6.764,0.6382159870656232,0.10927990634264914,-0.5285558542960554,-0.3707252847555444,0.5818978482832926,-0.2103696366237675,-1.0241925282106528,-2.216424621623669,-0.9962194058215598,0.4375034686753472,0.5407899130715275,0.5831542541978311
6.766,0.5666328473190019,-0.02524677242707781,-0.5913857115991495,-0.26812987430778323,0.5775325504073481,-0.30975191533197444,-0.8855038252679738,-2.0714463436360258,-1.1082981380022427,0.09152337174711565,0.3089685317994875,0.44033543551036664
6.768,0.49086797267926097,-0.12350947111854037,-0.6141162718058998,-0.18212225054581957,0.551394854595491,-0.37017321826517835,-0.7558580517303584,-1.9231196753593074,-1.2036304483081246,-0.18872990091141933,0.1244076661294466,0.3187917515261371
6.77,0.41998122608606064,-0.20414475761616988,-0.6241877095886024,-0.10692317130376944,0.5215145221734339,-0.41505990818071464,-0.6478555169671315,-1.8197459338524873,-1.3120043122184042,-0.4025970017350133,-0.007463417149972086,0.21364684363560454
6.772,0.3599442582884892,-0.27774561826841376,-0.6378559586307514,-0.039844655573496736,0.49827283088415325,-0.4586638523576428,-0.5490722423805088,-1.73779361985652,-1.4090703581478223,-0.5616744426043119,-0.09388427294507062,0.12889694904311844
6.774,0.3074220366187358,-0.33364086365660733,-0.6411161499507008,0.014604881496436158,0.4727886631845985,-0.48887368638095036,-0.4478364408461607,-1.6232180850352032,-1.4438555100518045,-0.6757080810914271,-0.1504654866230849,0.0695656649834259
6.776,0.2591967923882115,-0.3558546913669113,-0.6149895310297327,0.04931449635821044,0.4347482753951107,-0.4876801870811059,-0.3541531679779237,-1.464895230999048,-1.3974896641764007,-0.7434156527717223,-0.1916727258323256,0.029770605594188804
6.778,0.21947577064230672,-0.3430983929846259,-0.5625375660008136,0.06204679930364597,0.3886411465418749,-0.45514167483709,-0.28768343639856103,-1.3057406098344395,-1.2961243698795792,-0.754159823757387,-0.22025116850150195,-0.0015754588455168467
6.78,0.1940827136745557,-0.311129614823146,-0.505349104947088,0.05868401967649369,0.3482385400138158,-0.409765130408345,-0.2522615993135192,-1.1835659422033407,-1.1738344375786602,-0.7047530876406716,-0.22857951393154863,-0.026581288781911586
6.782,0.17975076067412293,-0.27804995296017665,-0.45816253508995103,0.049987269674245154,0.3185625217052688,-0.36877566639896875,-0.22804208384992372,-1.0831251341933208,-1.0400316688545779,-0.6128350284274787,-0.21207743943313953,-0.03766806535199076
6.784,0.1611761802678742,-0.24913116100914048,-0.41074339659080794,0.04559914406192767,0.28590144552019436,-0.33037794604801624,-0.18753600175944998,-0.9583509333378947,-0.888115739694749,-0.5089866335046404,-0.17977635212157134,-0.03200313019798593
6.786,0.12316124127397923,-0.21761781419276274,-0.3410222652994266,0.04937371208339501,0.23135983608932545,-0.2800513079504199,-0.12068169102459213,-0.79269058974187,-0.7259338108609374,-0.41827484405134846,-0.14993492169055708,-0.02069161322536911
6.788,0.06805081588241711,-0.18124736839751399,-0.24925928779044174,0.059130766311376634,0.1569996921588907,-0.21637295746460639,-0.04565562202500022,-0.62204580637127,-0.5821590433673709,-0.35115779963976407,-0.13526700588853757,-0.019552409391778647
6.79,0.01598429462927243,-0.15093375779769416,-0.16675072933145393,0.0702259814535185,0.0893568713956046,-0.16005935991699669,0.009275715640700578,-0.492281990002898,-0.47723895303194835,-0.3046854407141096,-0.1336415370361157,-0.032120155792887864
6.792,-0.015670392207510028,-0.13609350025657133,-0.1202579287285569,0.07844106493777557,0.0505360187835502,-0.129183892310318,0.03479753325036521,-0.40597374609834325,-0.40090669391332123,-0.2680598401480159,-0.13337295423419923,-0.04640708339702377
6.794,-0.0290960990272004,-0.1299593222075886,-0.10071656466978023,0.08144456516935458,0.03443535341684991,-0.11645666107112228,0.04533281876752709,-0.3283734442770491,-0.3306538695541606,-0.23357715058535464,-0.12651472786901452,-0.05040288377480701
6.796,-0.0382899744232183,-0.11838650856136469,-0.08005530448176768,0.07931923429425293,0.019486862722474844,-0.10118730338611912,0.056123006399776985,-0.24145682742752875,-0.2637090699714271,-0.20514785892442955,-0.11607779515075825,-0.046049480671485364
6.798,-0.04857720947528925,-0.09737103747233332,-0.04896006882500418,0.07305965570281149,-0.0017891714376467652,-0.07615629650312226,0.06576740927727917,-0.16837597070321705,-0.21705241055905422,-0.19026970085063555,-0.10986155708791531,-0.043953158839791784
6.8,-0.052014737636992325,-0.07612200846417322,-0.024380736531953065,0.06384895468649877,-0.016457028834666345,-0.05360264879060528,0.06683365523989683,-0.1351167969766334,-0.198401185481733,-0.18487689948026725,-0.10920004391083388,-0.04765040498611396
6.802,-0.042841453523538874,-0.06489293684792886,-0.022289193466082997,0.05421221620831033,-0.013055168994855235,-0.04644834237194855,0.06427835803005913,-0.1282381003348853,-0.19068311553591033,-0.17672604127850583,-0.1081257171335655,-0.0495047954159509
6.804,-0.029061263264801702,-0.06338557601168439,-0.03457877595332267,0.04747956042620523,0.0003862947429554695,-0.05096431132883358,0.07049793692869337,-0.11116837738820443,-0.17251199063216846,-0.16394953145158384,-0.10354049678171648,-0.0433916026605166
6.806,-0.025033883239300034,-0.06329958851975993,-0.03861298717410668,0.04572018951227911,0.00507023026062252,-0.052219202763042906,0.08572841348973671,-0.07296461197274563,-0.1460109472490198,-0.15810958458166094,-0.10038668027633665,-0.03563890509014035
6.808,-0.03517263845521715,-0.060604927644645215,-0.02580937601762687,0.04884844563708528,-0.0056357216433100925,-0.04402128320685006,0.09651151078507875,-0.03901942395063073,-0.13078542811686406,-0.16583217489870464,-0.10429475431642009,-0.03794294495477882
6.81,-0.0487901318039842,-0.06054436237879222,-0.012103888272338168,0.05497231262942417,-0.01861924784465107,-0.03698569246449805,0.09531037540075907,-0.031240804841101387,-0.13175226186416164,-0.17723167892482297,-0.11287014849844612,-0.05129209894513961
6.812,-0.05358889859309703,-0.06827255384847217,-0.014988917242197197,0.06132064426717028,-0.019513557776113907,-0.042678084347131474,0.09208091800946264,-0.03594893001884717,-0.12970466134533187,-0.17771177519773898,-0.11753888495301272,-0.0634170563033809
6.814,-0.05134978205491149,-0.07864947315879567,-0.0274796085621124,0.06601200612127235,-0.013002293612248151,-0.0547347449074315,0.10040023876714649,-0.024381348350832024,-0.1092119751982973,-0.16618445861992032,-0.11395135007694072,-0.06391552492251659
6.816,-0.05415363391456828,-0.08085531338112982,-0.026678763235842586,0.06908338983705939,-0.015983183492087032,-0.05532901318418408,0.11694285633627093,0.005195297147960794,-0.08172407479580361,-0.15575451928729242,-0.10783543092657953,-0.056864391165584775
6.818,-0.06549699942864627,-0.07191437492654505,-0.006215142578503238,0.07044520530162544,-0.032292091826210956,-0.039602777708133495,0.1241701459394346,0.024610890225409722,-0.07078381521330986,-0.15592816176059227,-0.10665825374150638,-0.05419363638021649
6.82,-0.0734660953315745,-0.060288405789937265,0.013424819319803433,0.06821661156295168,-0.04542518667922228,-0.02317456383069975,0.11419955226944578,0.016135253696421107,-0.08056415473347174,-0.16014459023452937,-0.10811008843540552,-0.05909131550821812
6.822,-0.06669940977555805,-0.05480286474358149,0.011968519675842866,0.0614820310539164,-0.04059509882336618,-0.021519140500673297,0.10024409326066511,-0.0010795423413416016,-0.09018632634159328,-0.1562313840463615,-0.10427785382690706,-0.06255856403808305
6.824,-0.05091985470653577,-0.05406549875545506,-0.0033515308324832483,0.05308562623429002,-0.025322545116787932,-0.02988042020312264,0.09966371614306796,0.004692162182985763,-0.08082051461784714,-0.1441883686358656,-0.09519186934118012,-0.05729899531256824
6.826,-0.04273607323948642,-0.05051295023142824,-0.008064336037943017,0.04754093080977292,-0.019808335496824515,-0.03129943351306011,0.11227191063111722,0.035975652340432304,-0.05977647110791282,-0.13619914376097564,-0.09004564676087194,-0.049094583459936114
6.828,-0.048663338937937936,-0.042831852784203615,0.005729422419828158,0.04695022089212852,-0.030164675841232155,-0.02071584735691668,0.12206749633647071,0.06314858793221337,-0.049484537129117975,-0.1404899482013433,-0.09471306004029247,-0.04968399601301806
6.83,-0.05853520695732009,-0.03902677709050967,0.019581102935297193,0.05021275471547985,-0.0416421739802745,-0.011257501879130154,0.11909794532731799,0.06422950199373612,-0.05582977330682549,-0.15100432197728753,-0.1038005505452297,-0.0598414153369229
6.832,-0.06175193269170264,-0.04570556879690753,0.016042242884824056,0.05535072070922983,-0.04060151909830855,-0.015289421366661565,0.11206932389138477,0.052891557866597765,-0.06064801989058531,-0.1553937847662451,-0.10740731486722224,-0.06694907307580121
6.834,-0.061050299977043115,-0.05790851072656386,0.00294746104292913,0.060710888874301525,-0.032928738302467085,-0.02739212020394675,0.11512923588348159,0.05723112269424552,-0.04865401689682687,-0.14998091706646036,-0.10302406724631237,-0.06213541970098823
6.836,-0.06535739493822582,-0.0635398574537815,0.0016881995750829245,0.06457810707468686,-0.0341226033992973,-0.03139316063357021,0.12739247704884235,0.08030225413087881,-0.029139871486493656,-0.14257369711397386,-0.0980171990373055,-0.05259159996262399
6.838,-0.0748846631526732,-0.05770824606551096,0.017468739010557306,0.06555222291279697,-0.046694688591144756,-0.02140999780315009,0.13334316541447155,0.09612798881875513,-0.022983754242620644,-0.14079280872083502,-0.09967510374049797,-0.05162734112208656
6.84,-0.0796918250803903,-0.04808191713370933,0.03236694522928057,0.06338295920909644,-0.05629714870172273,-0.00914345007204581,0.12425766302730844,0.08625720513127294,-0.033807495559655565,-0.14172842859691112,-0.10487266141204063,-0.06039783095251815
6.842,-0.07306724823562342,-0.043985632116831846,0.02995324426767527,0.059168762687749114,-0.051417208999517114,-0.007726934610477057,0.11119632496280779,0.06674633313531986,-0.04258245344443296,-0.13701815250598198,-0.10444978750557132,-0.06635801229100817
6.844,-0.060971891085749484,-0.044717549893435904,0.016720463734615422,0.05472242176100271,-0.038802215843414894,-0.014550255343070495,0.11055825146346077,0.06746847772507876,-0.03349850249186066,-0.1267793373133039,-0.09700380926001473,-0.060133287465638674
6.846,-0.05525509293950398,-0.042800351709084444,0.012235964455222905,0.05169955689542823,-0.03435005444326385,-0.016326036848499613,0.122016340454678,0.09165271601143024,-0.015492921874062787,-0.12179777470368064,-0.09118814233294983,-0.04785408490854693
6.848,-0.059862737092111054,-0.036439053996661856,0.022812623756363507,0.05112656065681731,-0.042618337885888126,-0.008514706473830269,0.12973894734127683,0.11123668355028185,-0.009615207230456127,-0.1287559000699186,-0.09356624580598145,-0.04326559142310076
6.85,-0.06676763183407643,-0.032777580812441885,0.033583039212669204,0.05267074010672488,-0.05153595419783261,-0.0016125597492166444,0.12498920429082001,0.10534711447840953,-0.019979069007234777,-0.1393451855466156,-0.10022785838781077,-0.04981805676400047
6.852,-0.06702635495529671,-0.03723901354290013,0.02983291829328395,0.05457766362622549,-0.049374832008358654,-0.005423869113117674,0.11788517611807339,0.0888357132416829,-0.02831175197461719,-0.1404082127787339,-0.10272274404334925,-0.0567578140108062
6.854,-0.06281447319516703,-0.04504860098056853,0.01800063190411758,0.05567556499121384,-0.04090166570945872,-0.014627260302466277,0.12228175202777518,0.09034059749536161,-0.01868596109158963,-0.13117654721784577,-0.09903417048766427,-0.055069303311571526
6.856,-0.06335574986600209,-0.04745034282089037,0.016000548503541143,0.05662353200012468,-0.039985697620047986,-0.016560130664971247,0.13590396629014578,0.11109462433138367,0.0011502064412409261,-0.12334142053398212,-0.09501652031139214,-0.04987974302236407
6.858,-0.07068798740680446,-0.04317357379356517,0.027435509574972674,0.058034321780407905,-0.04966043801283521,-0.009020976265354249,0.1425858764761189,0.12238060141522988,0.009298176996232758,-0.12458164725060396,-0.09492205349858511,-0.05151501888706181
6.86,-0.07624602117554376,-0.0388813287163097,0.03729728255586662,0.05884052295891405,-0.05802982259757227,-0.002545104780330329,0.13329249241661562,0.10572351120911772,-0.0017405395047381655,-0.12833252119707755,-0.09481048623080648,-0.059462888296274385
6.862,-0.07293664658112993,-0.03958522497127133,0.03348271477261004,0.057978191121712624,-0.05478557211840946,-0.005357151161007114,0.11802242236977867,0.08028090649454803,-0.015039505830980886,-0.12367579538179713,-0.08918082206979117,-0.06330427041695096
6.864,-0.06501383002029087,-0.04275904821662015,0.02265271402368298,0.05613726115495105,-0.044857095180524595,-0.012507431056598727,0.11239766875809981,0.07811074664750099,-0.01261215328890166,-0.11196377288873517,-0.08112720643562758,-0.05830108499715146
6.866,-0.06231700144269378,-0.04182904286071753,0.021065084438032608,0.054450872591791266,-0.0418075710817376,-0.012319978973195709,0.11765598997337054,0.10145483050785613,0.00030660898661555796,-0.10683981480560054,-0.07949588850900499,-0.051912377448511154
6.868,-0.06786517375500675,-0.034793049887982534,0.033639679604657066,0.05340723553921902,-0.05058726737771379,-0.001627891388537174,0.1216585996999953,0.12154883397221856,0.0048780880294898455,-0.11582136260716198,-0.08641994922256568,-0.05312726297465499
6.87,-0.07486345975392963,-0.02865894824500712,0.04660336971946513,0.053634283602229646,-0.0611305407379023,0.008541685752749228,0.11814613286600678,0.11918794833665645,-0.002354608237820812,-0.1279996225080758,-0.09377012544844533,-0.06014031131781948
6.872,-0.07549929318707543,-0.03150511301137831,0.044234087176409954,0.05540501264469637,-0.0608833691862902,0.005913599933033007,0.11577325007155079,0.10898749936378407,-0.004205665736786532,-0.12712168132720864,-0.09315466112798874,-0.06235297954414985
6.874,-0.07078705878555623,-0.04068771952405159,0.030348239179619048,0.057569744956910564,-0.05153428811773974,-0.0061700096700369805,0.12413877671998065,0.1149582665155488,0.011046831937504395,-0.11347787715238543,-0.0857426939520567,-0.05474597431969341
6.876,-0.06922694267422311,-0.044685432059028966,0.024870031195449387,0.0583824248050516,-0.047600805989464395,-0.011457937656307536,0.1377763052405261,0.13484704039508877,0.03086417559205706,-0.10311221309876557,-0.08043238575848004,-0.045711513819206843
6.878,-0.07466107188234729,-0.037654543112319444,0.03725227917764997,0.05695430715645147,-0.056421903921045284,-0.0017702775482808155,0.14126933043200873,0.14263209148666667,0.03381253904368302,-0.10560307811593672,-0.08264795023581889,-0.04643481739832785
6.88,-0.07985395322956795,-0.026924392316154167,0.052925763121683365,0.05375232235812541,-0.06701409878340495,0.011953918154821231,0.12874339662211215,0.12456333310350948,0.017906952285327363,-0.11223779253781895,-0.08707058976203935,-0.05569186718116703
6.882,-0.07607455895598388,-0.022876972054163936,0.052946782473577,0.04999712223340371,-0.06506432178897921,0.014435441734096265,0.11180503037411578,0.10033561394189909,0.00398732225493098,-0.10966091600782797,-0.0850741913810622,-0.06137900842674469
6.884,-0.0660030666964874,-0.02575454326911779,0.039846932923846584,0.04704238912952057,-0.05336481732499483,0.00615215118134277,0.10561784929778574,0.09968472159973911,0.008972257794053617,-0.09867248249787947,-0.07785927228454304,-0.05653304281731691
6.886,-0.06136398067751638,-0.02743529982461761,0.03353274754667369,0.046170325486775514,-0.048360974388117414,0.0014071519036402936,0.11138150438626976,0.12392263302986749,0.024042047420110946,-0.0928536029414641,-0.07552310938218636,-0.047727321447583876
6.888,-0.06692850129811936,-0.02386436991630627,0.042861689096305985,0.04751632955157011,-0.05685406785094569,0.007741338219268829,0.11709590229424245,0.14435571637884317,0.028024212131821376,-0.09986779022420784,-0.08251980839767717,-0.04562655259688998
6.89,-0.0734507508443498,-0.020040176903433328,0.05342548307392725,0.049151032490077434,-0.06613078224215578,0.015611003878291507,0.11470973131368381,0.1408852860572799,0.018240804477009587,-0.11110648627930789,-0.09103798142301198,-0.05104822697655564
6.892,-0.07084692851576294,-0.021371868857594428,0.04948798577920483,0.04863228989926311,-0.06257208789148808,0.013240585539720516,0.11114097742451506,0.12802541904909504,0.014639098029253445,-0.11262641389738932,-0.09117800419361742,-0.05432039981216691
6.894,-0.0625072097098021,-0.024896065996951766,0.03746093803603079,0.04579652689515558,-0.05143366549191189,0.004652557116804005,0.11772049236065038,0.13239538245685628,0.031002477483914742,-0.10211213254436098,-0.08305005642772606,-0.048647574194112274
6.896,-0.05988137205758129,-0.023135976209977503,0.03663055083305273,0.04277300474294298,-0.049052958604110575,0.004094788100684993,0.13178125812990038,0.15413484845085965,0.05447869345259611,-0.09093863310251023,-0.07596590660626025,-0.04001617427630818
6.898,-0.0656341388150486,-0.014371454738424343,0.051516254814025705,0.04054300768450057,-0.05954400084844831,0.015696191001568258,0.1377402455390125,0.16639855721106556,0.061393867222376226,-0.08936593352805891,-0.07641619909377119,-0.03942895443337191
6.9,-0.06992542319753142,-0.0053291565230783565,0.06520581081584292,0.03774759622801889,-0.06905441196327043,0.027666481643884525,0.1281135789063779,0.15321590557623255,0.04745992595679363,-0.09395673355067523,-0.07982128654082597,-0.047284677736927794
6.902,-0.064463571988632,-0.0031521421528817586,0.06187889710593517,0.033892763464555144,-0.06462549704298848,0.027976049492060655,0.11406331279016871,0.13232252218126786,0.032649017562351584,-0.09413825735251355,-0.07783444450180935,-0.05281995700252476
6.904,-0.05412020592882054,-0.006881430054733158,0.047423053133343517,0.03116241968749115,-0.051660062688562096,0.01951365237449335,0.10990289615192274,0.1310032334201786,0.03496482715221102,-0.08823426517088416,-0.07112698210319551,-0.04995412700184863
6.906,-0.051552913747052134,-0.009807903082068931,0.04162385524055348,0.03234726630180152,-0.0474345285123015,0.01532174848052481,0.11394662155302825,0.14947717274291933,0.047866747780392224,-0.08575214679450295,-0.06840645084247018,-0.045839973344559616
6.908,-0.06175146524266102,-0.009344416013717006,0.052394192700764,0.037822110881231046,-0.05875403924768298,0.020787370082202907,0.11262341673474387,0.16236443309500218,0.051376483472906874,-0.09265696940829343,-0.07363987670556296,-0.05013595111126939
6.91,-0.07504054863570828,-0.009703042750054514,0.06578689995800123,0.04436674577312043,-0.07270613425045847,0.026976281836084776,0.10185249049007788,0.1549844572958632,0.04178031810277612,-0.10138332792855292,-0.08043001423513416,-0.06069051186505404
6.912,-0.0783869223270125,-0.013722408929401061,0.06549772296857699,0.04751791302362644,-0.07374081216214519,0.024509375048182652,0.09461417572043335,0.1439446129698078,0.03763603284962677,-0.10076278259502724,-0.08016031975813485,-0.06503975637441162
6.914,-0.07107467921170392,-0.01698085719866036,0.05481683313367273,0.04554393746106106,-0.06376392193026478,0.01754666959355966,0.10279967410737752,0.15382699956210422,0.05293787524773888,-0.09099805189577138,-0.07202051630012955,-0.056063417439678236
6.916,-0.06361723206807247,-0.012770539093708748,0.05103106249196266,0.04007205214011262,-0.05766857717053191,0.018028051919962037,0.11890365562530168,0.18177993203620055,0.0760189030794171,-0.08183638285199647,-0.06311450262987923,-0.04182020338583262
6.918,-0.062114064498463996,-0.000594100397295254,0.0611815804625142,0.032985905643782676,-0.062132060881366365,0.02929807268657948,0.12404487586629778,0.19846125668853593,0.0840008891157649,-0.0781368935691804,-0.05927209343076756,-0.036117724885196184
6.92,-0.061359538700597197,0.011752791391351236,0.07257174688206101,0.02555434176425205,-0.06779784010092543,0.04101034836479772,0.11255662123606794,0.18625364458033475,0.07288848098514686,-0.07454287361926476,-0.05815893195678625,-0.04119519728543507
6.922,-0.05563939569817277,0.014991395196433995,0.07020852363326839,0.020552989506214137,-0.06404778671655796,0.041476485097067785,0.09992482524241415,0.16413438588762358,0.06243268975671777,-0.06556127853522785,-0.05431581908228362,-0.04575961333668864
6.924,-0.048468569247999575,0.008712699643406081,0.0570388584783644,0.02046918130159537,-0.054031365955758304,0.032229042773112324,0.10268432363357399,0.16384202457351027,0.06945661492863285,-0.05528079558147398,-0.048701358645420176,-0.04108105056174006
6.926,-0.04735748500026181,0.0025072818850939626,0.04994456618525706,0.02357275571664191,-0.050008528871567565,0.025941075296267452,0.11684717156443084,0.188294752492467,0.08615870630039024,-0.053365870827685145,-0.04794950898427782,-0.03281581505787572
6.928,-0.05362599684786015,0.0027427042030248546,0.056479151792254954,0.026623384554279463,-0.0566448879406247,0.028984669981229245,0.12377963055636479,0.20905107462255199,0.09312681215231479,-0.06223981948238411,-0.054124134187638284,-0.03255687801625355
6.93,-0.0609353891292695,0.0031020487355983466,0.06403244644016254,0.029986625608769066,-0.06458985911863058,0.03244240494125609,0.11586788543267468,0.206669316632698,0.08824610963908029,-0.0718309140389019,-0.06006341482700579,-0.040616090008067415
6.932,-0.063192009980427,-0.00493033550194212,0.05810334109709126,0.0355624984773229,-0.06325649974666106,0.02576298888398844,0.10645364517819278,0.19649911658183977,0.0891165126680129,-0.07030842804909057,-0.057889079130716344,-0.04476129573033327
6.934,-0.06161753824244744,-0.017421153649210465,0.043967736038723414,0.041773243304308906,-0.055436465851109826,0.013394559927881267,0.11040541456095114,0.20399019316571013,0.10617284839597613,-0.057706138871605576,-0.04960424149682792,-0.03770443975725372
6.936,-0.06156290056664739,-0.021753872034997603,0.03972462041977166,0.04411622326129792,-0.05267649398369327,0.009626418808135752,0.12322195511157413,0.22723093181761958,0.12626290227679152,-0.04486168818582419,-0.04474142095367893,-0.027569791828755033
6.938,-0.0632819866483476,-0.012721266642019854,0.050750543697662145,0.039799837249494,-0.05800413154744105,0.01910860024763546,0.12699671857522468,0.23905363529981205,0.12915460879458468,-0.03985245721651334,-0.04713588111456171,-0.02614618275893458
6.94,-0.06052248620826525,0.001427605257142044,0.06223629366273154,0.030475371822258217,-0.06140260265471901,0.030778760893605532,0.11457581612617214,0.22491550739116892,0.11481846081329872,-0.03914773668072654,-0.04892520271756519,-0.03230642672787639
6.942,-0.05025334681274819,0.009355834791332292,0.05971928623217845,0.02105185121839706,-0.054611881119974205,0.032865351387813956,0.0995572204882974,0.20526540271767563,0.1049370255203501,-0.03446537795718567,-0.041560124646338736,-0.03360667352754401
6.944,-0.03941593224747516,0.008645682819050746,0.0479495938684137,0.01633438495327661,-0.04348766751340466,0.02692898545493405,0.09901755021865465,0.21056041766171388,0.11495142647121544,-0.026049132918388476,-0.028886853750933736,-0.023440153537277072
6.946,-0.037721617797327564,0.005406546568911155,0.042889387464111556,0.017766883477143773,-0.04050966092173134,0.023030464546704037,0.11181110850129752,0.24090471140735514,0.13409531279938292,-0.023333789325161856,-0.023064817914013498,-0.010850997579885092
6.948,-0.04570719878296793,0.004059751880325941,0.04943423570839812,0.02278695970027329,-0.04820969744702077,0.025024742624847992,0.12040964395265716,0.2651352371525169,0.14129943927741556,-0.0314552293978275,-0.02895625157852597,-0.009903940490482797
6.95,-0.05379444093623399,0.0018192665368246374,0.05524671541431567,0.027542498218979073,-0.05563090844308221,0.026000848150023556,0.11445317329864156,0.26206036083008294,0.13467039652170468,-0.042675607428857155,-0.03823836641269627,-0.021637529992991397
6.952,-0.053762515963450275,-0.004767304059187279,0.04876936134851137,0.02995664894986855,-0.0527116374851215,0.019458737569851357,0.10471504494352797,0.24786133361277327,0.13286739038061923,-0.04466873868751156,-0.039736087850509166,-0.03250831815844594
6.954,-0.04856807243676699,-0.012315136990310088,0.03626258954441448,0.030506398097352224,-0.04381420744290118,0.010215275410288247,0.10720229130634293,0.2519303988529073,0.1478802573179107,-0.03486001920111491,-0.031991248817511905,-0.03146131991582704
6.956,-0.047344185054729225,-0.013980577190209948,0.03348557132043842,0.030650666860679906,-0.04140377367198976,0.00873087126167606,0.11979705514969613,0.27568366761464236,0.16830296385985127,-0.023255261441855444,-0.02357326133228487,-0.022365440117608906
6.958,-0.05202093720737207,-0.008497734863466418,0.04358376424263065,0.030608370304788798,-0.04846010288437016,0.0165085081331408,0.12498234584871738,0.2914392944908648,0.1742343066963365,-0.020021907294426707,-0.022017436526879867,-0.017000486271553775
6.96,-0.05481169234629679,-0.002256590772705038,0.05252070343050155,0.029326814356644065,-0.0546211091897336,0.023662149144740005,0.11442733513713649,0.2820988447612544,0.16348329728007502,-0.022606969520503412,-0.024640799027974464,-0.019310882741321346
6.962,-0.049930014650150296,-0.0016541861924468867,0.04822646125847967,0.0267009988364922,-0.050773260170076745,0.021981134598858677,0.10082466254423755,0.2658754886986438,0.15526769882643227,-0.020127369738462145,-0.02208804820513216,-0.021035493442479007
6.964,-0.04253146793347342,-0.005468592563550326,0.03703574091017081,0.024567685295298267,-0.0417917174072567,0.0152831989750907,0.10107435251231464,0.27158395698270954,0.16553377683854148,-0.00969987090501249,-0.010683550974598773,-0.01423362230221352
6.966,-0.04185644447349931,-0.006823941157808223,0.03492549665364111,0.024534015584458495,-0.04001315807477691,0.013782806068982086,0.11382839354985541,0.29969668086259355,0.18661414475381066,-0.00054457081061016,0.0019123192979225642,-0.0037282908520449944
6.968,-0.04745945313740251,-0.002759769797839681,0.044386708271481994,0.02559615305713262,-0.047109286386027245,0.01977377767977018,0.12142630215934863,0.32277496961620855,0.19898567031643677,0.00012990957893524704,0.005916641030224572,-0.0014690948336945878
6.97,-0.04893987455757018,0.000984578718034572,0.04951743964896328,0.025492485380172448,-0.050359271064407796,0.02350126440346806,0.11414247350463295,0.32313776212890205,0.19834500358462745,-0.0021156963487962903,0.0016886008918474374,-0.009641872086998267
6.972,-0.04084143084861781,-0.002009503796022459,0.03869679441145962,0.02387041179910755,-0.040863592300152594,0.01665897837950739,0.10365476348531788,0.31540872758304367,0.20045284565576585,0.003344485185271266,-0.001433140250981052,-0.016721274012724458
6.974,-0.03127292600279954,-0.009012422729579835,0.02261184987775668,0.022565719900937854,-0.027670109113338386,0.005467964900216122,0.10654215613895891,0.3245943414485864,0.2182332694115999,0.01806028890357027,0.0029552957165265453,-0.012884531676649737
6.976,-0.03131848765078715,-0.011249304799508955,0.020642702423217526,0.022701326110492744,-0.026448648715162518,0.003441445063932796,0.12029792118917619,0.35095469224044296,0.24326256673175703,0.03287547411576869,0.011892984193888635,-0.0027577892636302843
6.978,-0.039316183887129756,-0.0049795709693124645,0.03465876629177759,0.02240532335934633,-0.037982940144188425,0.013301712206598568,0.12500912991653723,0.36901181164054425,0.2561316779649732,0.040313855486931144,0.018784448815058325,0.0021215195058006974
6.98,-0.04230989556658126,0.004336869797368784,0.04657379170833633,0.01882646528729355,-0.0465761598430131,0.023444251069038833,0.11053433283048819,0.36310983687632187,0.25222802485100343,0.044280057362450484,0.022595459577309518,-0.00022887495547056606
6.982,-0.03328343149217857,0.009046500998355482,0.04212530479988599,0.012344964019768267,-0.04059566935846911,0.023232261735454302,0.09261033867024959,0.3514844620859999,0.24861262898658482,0.052904277949841275,0.028273735226675128,5.892960241509951e-05
6.984,-0.020063202975477715,0.008391085113282586,0.028410337054472344,0.006688898387944393,-0.02682883456455026,0.01602372091682037,0.0927918120346184,0.3631126640571454,0.2611146702142587,0.06452676657276224,0.037360682408485925,0.009599114747056468
6.986,-0.014581659025972225,0.008471419150076738,0.0232392613233224,0.0043243871057501325,-0.020563723644869657,0.01361646568844925,0.10896230368451006,0.3976097015696705,0.2826342896762611,0.06875952127896696,0.0430175683064262,0.020892930662839003
6.988,-0.018105525989899625,0.013005264211066738,0.03137942230391713,0.0037475936984882104,-0.02589005296083885,0.020018393903021958,0.11923645941005992,0.4248497377026399,0.2941360170417466,0.062480313212272355,0.039922526687357344,0.022389855088469766
6.99,-0.021550855469247256,0.017271004378574383,0.03891017999531376,0.0027702031990184312,-0.03182654575820393,0.025913720282898695,0.1134055946805328,0.425744278952418,0.2925085417927688,0.05684456330245267,0.03483494810862616,0.015045768401496257
6.992,-0.018657817716774203,0.01480244868945635,0.033228559577877285,0.0021207647150299942,-0.028306201662295666,0.022065960033325407,0.10521610535324992,0.4164563235888668,0.29424467660854814,0.06368294944289223,0.03857314733089925,0.010403780602010587
6.994,-0.013286632241141181,0.008042551502753464,0.02090000595310022,0.003067169364542616,-0.01946155930167386,0.013284591289656875,0.1096283960292165,0.42393863146182165,0.3110534751737338,0.07961591084650568,0.049876668663144975,0.014321032387582807
6.996,-0.012479134471256054,0.006927362885926108,0.0189742873283513,0.0036338170035859043,-0.017012614384653714,0.012792237024955215,0.12082275916427619,0.4492514765896792,0.33303574776519,0.08950551026112137,0.05625481688979408,0.020482952887342202
6.998,-0.016440445807899867,0.016409996101950222,0.03252681903911735,0.0005986762535754399,-0.02456580073301787,0.024712689278608615,0.12098725492608499,0.4668160797269971,0.34139169580133744,0.08572482021791543,0.05131245007300465,0.020353355376502725
7.0,-0.018537637147444268,0.02906979223044456,0.047460701501405356,-0.005259371673393584,-0.0331014755680126,0.03790045834168845,0.10522796106481914,0.4596318136294378,0.3335789998221373,0.07844672274874227,0.04399395120908262,0.01494301565710986
7.002,-0.014146695397685448,0.033128494844217725,0.047301947897055656,-0.00917595639742905,-0.03213516787859528,0.03912905821892131,0.08865276304188564,0.4444666215067867,0.3280953343333186,0.08213013151154253,0.046904601823963665,0.013803258834566871
7.004,-0.0067048315546866235,0.02761088451886294,0.034403150169702884,-0.008884281851016824,-0.023218962169731718,0.030061590958800167,0.08754604594103384,0.4512615665736609,0.3414984599170369,0.0963025974547606,0.05958618711444923,0.02267723811935914
7.006,-0.003460614240501576,0.024130451339070092,0.02762557635744344,-0.008018616275758955,-0.018375656912095046,0.025450397275725456,0.09960019890715482,0.4827624337953366,0.3670958079430497,0.10712024061401194,0.06899346705336258,0.03500011911227874
7.008,-0.0054068802555589015,0.03029114810920358,0.0356918283893928,-0.010978637115859965,-0.02280451432584169,0.03228080062127794,0.10810247232162558,0.510965289463673,0.3846687991913883,0.10660566992389754,0.06680789410315736,0.039098660286987635
7.01,-0.005158638138480408,0.03853912227737124,0.0438188344313184,-0.016888911905003846,-0.02625233585065059,0.039505655317456825,0.10477183921575617,0.5167610919981089,0.3887454395673959,0.10282980278783643,0.061061784590846525,0.03384088099949564
7.012,0.0019545690826663423,0.03787465119493228,0.036378426888355374,-0.020778602237340786,-0.01882901158961347,0.03521994021250523,0.10019510075640636,0.5155313710535656,0.39462752151335423,0.10817964726661025,0.06560003082777138,0.030624581458701335
7.014,0.009557738258542533,0.030027755424934903,0.021237273470543317,-0.01965327162204856,-0.007541662669470545,0.02481667256369402,0.10713624881709306,0.5318773014042172,0.4143701200222789,0.12314841741929329,0.08107252002350834,0.037299220610315306
7.016,0.00849638044176834,0.026283300819312676,0.018473508601009284,-0.015823573513963293,-0.006781898709759712,0.02280411302621814,0.12074626943065579,0.5620449492798412,0.4385575681976024,0.1370682193982756,0.09439323919499744,0.04770952129813477
7.018,0.00044131332722019103,0.0316543376093903,0.0314594779177274,-0.014112875017978008,-0.017005267701374626,0.03197092137203828,0.123330300149614,0.5778579610342113,0.4483184602936195,0.143075240461124,0.09709985085851715,0.05118405523252758
7.02,-0.0025791160474791667,0.039154232351772095,0.041686036486475786,-0.01678230357537239,-0.023005228112845,0.03965513920854716,0.10809644538909528,0.5662773502383716,0.44146672714002966,0.14714431039466083,0.09593279311794455,0.04701754829318153
7.022,0.006620904834777414,0.040292807126974715,0.03378981144683347,-0.0218520641270438,-0.014134410662106012,0.035185611760199624,0.08982710263075572,0.5495769475155535,0.43791137752679643,0.15917023861956436,0.10176780599170636,0.044395925822437274
7.024,0.020216477973310342,0.036733301950128694,0.016926010919975684,-0.02597448099141847,0.0009519621153601574,0.024752644122180697,0.08613717566490493,0.5572341800172559,0.45456203310488863,0.17767447517953452,0.11387784446106797,0.049662943812962664
7.026,0.02491811053804527,0.037556869110113404,0.012998870541278493,-0.028032772297509553,0.0049957862982344435,0.0236047366447885,0.09473406292471753,0.5874805009499291,0.4821820306425797,0.1896228430337551,0.1209520832964066,0.05837914228816438
7.028,0.018991309886152496,0.045779673859683824,0.026798295237312423,-0.02942219863216192,-0.005133100825721455,0.03520213780637753,0.09850045570562861,0.6104995408455026,0.49693574218981085,0.18750551827320558,0.11698605949715071,0.06174442281213592
7.03,0.013514757539462786,0.053637015093027755,0.03981610210079673,-0.03149145728739261,-0.014495796337145364,0.04607690373350545,0.09010465283785904,0.6088486793716007,0.4929279644374611,0.1810457072291846,0.1105350928732935,0.05907089786005434
7.032,0.01717326845560512,0.0537688876932782,0.03613792206101528,-0.0339974074698351,-0.010580928051462376,0.044277080911864414,0.08057110988003156,0.5997955640694347,0.4901925607973665,0.1855805239376574,0.11366233312468202,0.05885176905126491
7.034,0.026413901306849487,0.04970910250375515,0.02278169005118061,-0.036561046233496146,0.0010535324851278277,0.035307131437955566,0.08191786599322212,0.6092897051354065,0.5057359641830246,0.2012250519307922,0.1255606725624756,0.06593022927561105
7.036,0.03252655843469307,0.05122174197869738,0.018190508791899287,-0.04027669636907401,0.006368641176501828,0.03397311678372569,0.09126712435151225,0.635289461289834,0.5299426731638498,0.2120724980372606,0.13479018821575425,0.07455180942246145
7.038,0.03345868358151234,0.06120142717024168,0.0273834720679041,-0.04614416742504697,0.0019468949590313435,0.04433744960019123,0.09602124028034159,0.6507788976297058,0.5411739277179214,0.20817260350705105,0.13580127760321467,0.07736930182219413
7.04,0.03481706582674058,0.07137977981297751,0.03654922445027924,-0.05266230348336903,-0.0018765070802536962,0.0545706498194532,0.08946633135304764,0.6408575314138425,0.5353258242655625,0.20022094197728268,0.13505762363924623,0.07535596840845336
7.042,0.04024345071800045,0.07259562493057276,0.03274315974185474,-0.056414430115573386,0.0034157356681247682,0.05282787601254198,0.07833223584183009,0.6230861339993145,0.5300591703184012,0.20526871916336534,0.1407744872635506,0.07578084900346493
7.044,0.04525873241008506,0.06607526949872966,0.021345828717397392,-0.055427182098140876,0.012160125747913583,0.04256391632991645,0.07444797970200397,0.6241648343970453,0.540637703714565,0.22301892956883015,0.15244433338446534,0.08332840928425003
7.046,0.04419930687296068,0.06132861918763571,0.017408815643435303,-0.052159850449003294,0.013270480216778433,0.037263370506500054,0.07907837335108557,0.6450826720247143,0.5599533561443628,0.23680615197495522,0.16224833601469155,0.09429389732551101
7.048,0.04020537521493522,0.06354914092256798,0.023252229805864597,-0.05146094968514614,0.007698304282032476,0.04165838130842503,0.08070079877686714,0.6610288862748288,0.5686321321756054,0.2370800117115665,0.16554517235415908,0.10023030740175745
7.05,0.042271581158959876,0.06727141265222171,0.0246886265251523,-0.05474291424703858,0.008042190162053358,0.04519061628137221,0.07196837424926919,0.6557767314696213,0.5620801666364337,0.2325437498401749,0.16727937184425265,0.09923429266089179
7.052,0.05268838656576294,0.06601381911375402,0.012942094132586917,-0.05908276764874386,0.019598762915705295,0.038637672447035004,0.061575800635241436,0.643558111094367,0.5566689904456787,0.23494755186545524,0.1746949582731562,0.09947218108825731
7.054,0.0629719735828865,0.063668554670323,0.00034206413830082446,-0.06221942596672542,0.030996123635226542,0.03001316442076919,0.06210211540796691,0.6478750229184503,0.5657783641606582,0.24302986727068468,0.18602536763455127,0.1068164579885874
7.056,0.06460744537634637,0.06944647246504905,0.004624476317648363,-0.0652447413245106,0.02921360731354882,0.03432977496145472,0.07125792257678622,0.6671749657634681,0.5804529273687224,0.24735396467086482,0.19180787526898302,0.11465524049195118
7.058,0.05993224104831075,0.08324046856124677,0.023195892005738194,-0.06965629625849618,0.017606478463878725,0.05112776389908447,0.07375679584283702,0.6757047810395369,0.5819242884210486,0.2446312365942829,0.18727208153614583,0.11292933137182266
7.06,0.05821684459475438,0.09265285861183756,0.03421700908573769,-0.07355654156446884,0.011686417819184005,0.062447392061083275,0.06198100162965873,0.6589568263334828,0.5680843265303885,0.2418362276160504,0.17942794713250462,0.10376204830244465
7.062,0.06325254344890321,0.0875720891198142,0.023967894487998766,-0.07331422269644823,0.01932434462734667,0.05518755180498527,0.04691840627622176,0.634909764436418,0.5573692748864739,0.24716227903284257,0.17925847066595002,0.10027036637839892
7.064,0.06930704806764484,0.07400148852909978,0.004515743482542242,-0.06914489236490831,0.03141931789990851,0.03829439561863554,0.04305949735809976,0.6309621311255552,0.5640682525021163,0.2589560066470699,0.18810484410090358,0.109260347696193
7.066,0.06945424612559212,0.06774616192459575,-0.0015284880327000384,-0.06610388746131186,0.03387234923190421,0.03173456888838504,0.04823625898654142,0.6475015466987246,0.5783910895229476,0.26696505607382226,0.19639002624910565,0.12154802937306494
7.068,0.06479943199410028,0.07457716834533572,0.01001593831826573,-0.06800668724850928,0.025663424237165455,0.04102962402984292,0.047895686395978146,0.6579841531424548,0.5801042498912845,0.26579681068985145,0.1972205581621913,0.12387097310333287
7.07,0.06259755269477675,0.08262994430877658,0.01992814407298473,-0.07196125255710259,0.019930593555506578,0.050567455355142836,0.037413779285980275,0.6459033455299685,0.5678473810124214,0.2618541810738171,0.1959295395271274,0.11685472777489035
7.072,0.06631036868464167,0.07831746301795776,0.011582178780604758,-0.07188644676191339,0.026265563515279502,0.04488759420231196,0.028908860533481462,0.6270365502551317,0.5611617861506336,0.264153590975836,0.20179062304872386,0.11391104030094293
7.074,0.0711123596938474,0.06480047315564345,-0.006668689725355623,-0.0668816320120532,0.03776624253624065,0.029415799316119845,0.03327697474023696,0.6256036059274535,0.571820840966199,0.2723628303669816,0.21402676560790518,0.12274162295176272
7.076,0.07033884066871436,0.057743577652888865,-0.012488061654047816,-0.06242762378199293,0.040074441537261675,0.022938409896878408,0.0443452095742317,0.6389370566574717,0.5861758046652961,0.2769091381987899,0.22218139522198338,0.1353181633246735
7.078,0.06510099238082563,0.06508939755426557,0.0006207028738076153,-0.06378221563037115,0.030850275926569554,0.03264178106035416,0.04634952109614398,0.6401825528750733,0.5822664045915774,0.2709340643969603,0.2194011584565182,0.13855989707642244
7.08,0.06397591594882927,0.07764097563215873,0.01439904308112062,-0.0703161296840732,0.023626998466129617,0.04504906344085926,0.034224713538970636,0.6149794820990568,0.5584954833100806,0.2604193820194658,0.21012707826759114,0.1309723992154629
7.082,0.07114845358184511,0.08145055173644072,0.01061748107296922,-0.07615647568623411,0.029455576611551345,0.044542699569000005,0.020510511396079314,0.5822938889786268,0.5368917593663425,0.2580859632830806,0.20403918529649373,0.1244029131444739
7.084,0.07940235432677388,0.07568331909469934,-0.003872773512071303,-0.07670763307146226,0.04099937610686432,0.03439082087146094,0.01907861758593119,0.5704774450481099,0.5351539344716831,0.2658500701953343,0.2047905543684665,0.12823463316981118
7.086,0.07891191692839661,0.07177984904540094,-0.007376187412063029,-0.07344796402710382,0.04217191582869982,0.030936411719894658,0.026920792622065474,0.579886501485834,0.5438302794213751,0.27067047236648234,0.20641252988515205,0.13646430526209793
7.088,0.07015630216396535,0.0752671030317097,0.005045421773521913,-0.07047687733521318,0.030867779608392196,0.039046997878077076,0.029481423781258318,0.5836122489995519,0.5414123930710615,0.2636492227264745,0.2032937583103755,0.13655074109716575
7.09,0.06350815080119561,0.07780029161961877,0.014269568945485414,-0.06871564839988718,0.022537784103823406,0.0449212615291228,0.021450440128961176,0.5656933929118649,0.5255487969791484,0.2540584153163011,0.20027167212800606,0.1278945347375264
7.092,0.06632284577053729,0.07089838150698559,0.0043238935566136255,-0.06664420952945632,0.029290988830834017,0.03654368230307499,0.012630205819062573,0.5416181198409445,0.5140388911747767,0.2550737076439915,0.2049742406310885,0.12218022044777128
7.094,0.07485828753584374,0.059836760824711205,-0.015466744716168613,-0.0649905161017981,0.04420906685465893,0.021364311704154218,0.01256386445633756,0.5335664524204263,0.5171498709189075,0.2649954456220601,0.21446499995363996,0.1265546731297457
7.096,0.0804623852027722,0.05752235526754386,-0.023247553650620055,-0.06674662897851491,0.05145813287137976,0.01655343089063237,0.017350141148587746,0.5384906109700611,0.5227217059428637,0.27244794855250704,0.21928989761649717,0.13492368694806237
7.098,0.08071627798288279,0.06740551214069729,-0.013297591913369353,-0.07263067066557698,0.04682248659374794,0.02632946274883159,0.01525670404262993,0.5322001163740389,0.5118307308189738,0.27326331144308424,0.21790639093450914,0.13689741085639368
7.1,0.08146845552285857,0.07888141288674431,-0.0024188738904772017,-0.07958063537499831,0.04162836315184522,0.03700852483933678,0.0025959954688129765,0.5025577722251905,0.48380320831879947,0.27369053612942496,0.21923271178120754,0.1315815197802853
7.102,0.0878396524415214,0.08079998891839171,-0.006958948071245091,-0.0839507841882612,0.0466531851751155,0.03517787734545851,-0.010383156230980186,0.467720086361869,0.45903635953781463,0.27894470505445856,0.2300987382147881,0.12896917535028343
7.104,0.0962470482542427,0.07447843708724658,-0.021818590583101358,-0.08442566390112548,0.057963481893630854,0.024263002978478245,-0.011284316243753152,0.45408042834907913,0.4539980309474585,0.28497145457680706,0.24458308558017078,0.1358634083420004
7.106,0.09788410181197586,0.06927346724578194,-0.02867844039909872,-0.08159157910665117,0.062256075157902435,0.018298013256497936,-0.0007367955303836505,0.46193912431806083,0.4599117854000045,0.28353799936805085,0.24973952710427172,0.14499609423304244
7.108,0.08974126197814992,0.06812281675577181,-0.021623944554628925,-0.0761375034016229,0.05462482601236866,0.021923894296431646,0.007999771100740441,0.46474398104941894,0.4544160386948215,0.2726535050380268,0.24080073387019962,0.14392283668640604
7.11,0.07957866429595,0.0644854050904548,-0.015059033515366005,-0.06926249770903925,0.045888122924043796,0.024362712635708363,0.005313908066161926,0.44373114290315774,0.4315343042176741,0.2596987130455668,0.22646019552440647,0.13179757127315603
7.112,0.07673819856488094,0.05415340922448323,-0.022565442567959212,-0.06341035248259694,0.04806511836076547,0.015848055486310065,-0.0032376261158332856,0.4111817855487429,0.4082401688691208,0.25329773911266973,0.21802927860052346,0.12011775256389848
7.114,0.07961564809123753,0.04275144749038403,-0.036895558113883516,-0.05981003184493115,0.05706570028364121,0.002417021202213932,-0.005429190633635799,0.39166577981438633,0.39885395015209435,0.252579041173506,0.21675243354605261,0.11755144894146893
7.116,0.07859426202987753,0.038728726891180516,-0.04001190051767552,-0.057247068999823326,0.05859286878492238,-0.0020309832082659766,0.0006043920695727244,0.3883770149528014,0.39561490703562974,0.24847912225950894,0.21526682616133144,0.12017951693589038
7.118,0.07121588680167194,0.04314597031574316,-0.028399384550303493,-0.05524361682058615,0.04930708788901112,0.005559485929717045,0.0036924570258059617,0.3797829083639451,0.3815531703066513,0.23751153261289268,0.21029881305960876,0.1183617040717666
7.12,0.06636317373209343,0.04866675764718806,-0.018111788005494654,-0.05529864114307753,0.04178542668041304,0.013593868751849945,-0.004222762172567528,0.35149110229740843,0.35483595037704285,0.2283528052547496,0.20814205548345474,0.1105614796934231
7.122,0.07120186268623074,0.04753683823470336,-0.023915992227596987,-0.05752559564441916,0.04702411946450385,0.010615755360557127,-0.015183475233639524,0.31913288623862435,0.33221262558185033,0.23007849664110205,0.21451851470545144,0.10614418758431422
7.124,0.08051368052163257,0.04033001838081838,-0.04018169140448871,-0.05933405095520575,0.05969432394775971,-0.0006188042442082004,-0.015473758143853275,0.3075022105155275,0.32751427404978495,0.23899261587970314,0.22387555004164816,0.11231371755606122
7.126,0.08303293743723308,0.0359259728357092,-0.04709582140637041,-0.058855197256838625,0.06456211133252429,-0.006226981063940794,-0.0055669661183251895,0.31504070852643484,0.3319742916366871,0.24296195793934425,0.22483264573951328,0.12234779450563435
7.128,0.07581086750370634,0.03957896814431233,-0.03649673477108145,-0.05690543296245221,0.05591377124531896,0.0006302991919060221,-0.00015931407383167688,0.3152585206917243,0.32426486621266676,0.2363746581142512,0.21457177862746782,0.12240456050685386
7.13,0.06760106755477904,0.043576183332478806,-0.02451403945646628,-0.05447630852432447,0.04565137629611093,0.008732021269749729,-0.006862252947486519,0.2931823833278299,0.299867298893767,0.2254377832187986,0.201584731337159,0.10933254415459606
7.132,0.06644988858437904,0.03690105854195082,-0.029991034065502513,-0.050768497096821776,0.04727933065242949,0.0032495324953978693,-0.01510639732153631,0.2650765559136279,0.277888673168518,0.21823789162678464,0.1940356536729175,0.09504060130948466
7.134,0.06869977894926278,0.021537435547501975,-0.04744462831675853,-0.0448299233333735,0.056783139335171866,-0.012951452937078955,-0.012097135712766428,0.25387250023016505,0.2736565619995927,0.21474010759356552,0.19157163369124164,0.09090939000538263
7.136,0.0656381964121032,0.01124604756972705,-0.05448683238405417,-0.03826409016141472,0.05876121643439554,-0.022455610189873375,-0.0014183620915199915,0.25594307943851136,0.2765794508185936,0.20970089639283346,0.18944797860975185,0.09429941777305938
7.138,0.05741636790349529,0.014423675621352987,-0.042711142209824304,-0.03485764400771229,0.04882718972749769,-0.016132403656694383,0.0019291222516638548,0.2460557159074388,0.26466051714365446,0.20202612997944247,0.18542410026787115,0.09441361913510185
7.14,0.05285043712836372,0.02398586579898256,-0.02816544739767987,-0.03631482035654251,0.03925927321040101,-0.004186574995511029,-0.00856558010751419,0.21296665502106757,0.23467519526100225,0.1970517380084633,0.18149119660071353,0.08755981888733824
7.142,0.05682114422871672,0.027092166084573033,-0.02910508733433224,-0.03991750400386755,0.04157964793508872,-0.0021960315697740753,-0.022307219105856587,0.1767799862451877,0.2075583069392753,0.19919188807113522,0.18114438714109274,0.08175491438148941
7.144,0.06390500580809266,0.020933225347478688,-0.04300952037216052,-0.041504838239748244,0.05175581645050133,-0.011842028319477392,-0.02469699371671818,0.16471794670466822,0.20216696203363418,0.20460004908581197,0.18440531163743526,0.08507295882708112
7.146,0.06514616858547549,0.013638782164977482,-0.052111858282627356,-0.039221437457828,0.05662381980053372,-0.020993408452481037,-0.015869745217710708,0.17623602455653783,0.2104245332011044,0.20375732245880038,0.18565333069842713,0.09312806167444274
7.148,0.058786817711218985,0.011218088745475972,-0.04807077721602261,-0.03431362706656808,0.051493670004525774,-0.021433504262004955,-0.010287907434235626,0.18332306707329787,0.2076479845730895,0.19300798014835363,0.17968704176525277,0.09372134610437782
7.15,0.05197649947085842,0.009809116162268178,-0.04217139979232199,-0.029297973227766373,0.045439538419926054,-0.019379409775910444,-0.01621121349974036,0.16776731673547823,0.18688934973555255,0.18163197147208024,0.16932749623252777,0.08326540079117453
7.152,0.05123983609128415,0.003194688804570814,-0.04778250462945644,-0.02550649375136887,0.048032273163079536,-0.024655309390264765,-0.024181518914561297,0.14453706063881588,0.1683453148643571,0.18196302938830217,0.16243520334687558,0.07177209286227434
7.154,0.05386316003741889,-0.0066419124125151295,-0.060369571865330415,-0.02250763391570348,0.05582934822981522,-0.034976917368986615,-0.02180518009046339,0.13783331565066947,0.1690714909420671,0.19226529420262797,0.1618994943721904,0.06934292921027921
7.156,0.05152534955582395,-0.011237424401392766,-0.06283758684707566,-0.01974286860216095,0.0563112858212394,-0.038150747317906256,-0.01229551602706789,0.1453615723582869,0.17816520853042916,0.1974581504203993,0.1630033462738289,0.07327157192077985
7.158,0.042131526731774484,-0.006966825375220787,-0.04920775891512794,-0.01776985126498216,0.04499591235239485,-0.029307519962095494,-0.010032949101702698,0.14125963955637677,0.17209598139236065,0.1894035171126179,0.16084026010899727,0.07294574964125737
7.16,0.03351625772028133,-0.0009257879012708871,-0.03443194087409657,-0.01684701988546708,0.0329398101153437,-0.019126258377443348,-0.020702365248283318,0.1119325373685076,0.14640176597046603,0.1774610439516698,0.15665037013595665,0.06471998326320584
7.162,0.03321377503371655,-0.002411911106768114,-0.035440494764551314,-0.015787189018893116,0.032657366184204104,-0.020367697395258816,-0.03341130778143188,0.0760302278490291,0.12111399916251572,0.17431484811839393,0.15536598058463133,0.05661610100745895
7.164,0.03895305088438707,-0.010012912264831045,-0.04860636104428636,-0.014165602754939012,0.041647241582110875,-0.030529370653038644,-0.034800028677184354,0.062264025716867136,0.11418616353697442,0.17896465821614016,0.1585326730264372,0.057280449632729234
7.166,0.042153240161914726,-0.013589425185055484,-0.05533406914719941,-0.013321875619404854,0.04661769833058768,-0.03573801938847812,-0.026171570167151655,0.07302691972960894,0.1183607615824382,0.17902278301155508,0.16142809756144655,0.06373862315457551
7.168,0.0385874424973195,-0.010009315715421008,-0.04836546391538981,-0.013192109928793902,0.04177979441246881,-0.031038099217074833,-0.020367006810559876,0.08155417943247403,0.11258514568421311,0.16656517315635883,0.15850956461904633,0.06504083681058076
7.17,0.03224659592615851,-0.008883453963546716,-0.04115965943417131,-0.010734067201479668,0.03532191420224853,-0.027311719545341492,-0.02295257287394827,0.06890943044670933,0.09255975434405435,0.14808394570021557,0.15117136159902142,0.05789635130480693
7.172,0.028640281242659518,-0.017979226301936314,-0.04675395339708877,-0.004221982893000544,0.03612380296318332,-0.03415991841903672,-0.025197261906414054,0.05000762561580834,0.07715034838004886,0.13713184490381158,0.14665764930849776,0.05104099266160821
7.174,0.028298709700048233,-0.029194927046856518,-0.057549283074852665,0.0019693455716358445,0.04112382895686654,-0.04394550251170942,-0.018226095530267522,0.04963335385443372,0.08115248005792212,0.13748696315609565,0.14785492751539994,0.05138760744724982
7.176,0.028118446395776982,-0.027661671479905812,-0.05573656677917923,0.0011370143793338807,0.04060391013190838,-0.04129889154286902,-0.007076284616001688,0.06342996238229906,0.09307637973205236,0.1384914267679574,0.14820974417883973,0.052852373025991134
7.178,0.026447872716921356,-0.013101314202914556,-0.039498131125975194,-0.006320471699197781,0.032685215665242774,-0.025696393939487125,-0.005170518606755483,0.062372802086423804,0.08989527157376584,0.13100403076668365,0.14094744778991536,0.044636945462010795
7.18,0.025503961096292382,-0.0021092290275532355,-0.027612183081701342,-0.012368796664287463,0.026939565926005823,-0.014561362720125681,-0.016195547893197194,0.034878324364487075,0.06870450987407538,0.12146923081703728,0.13037873810836173,0.028142563896778147
7.182,0.028541851213766598,-0.00683675704630418,-0.035405838868001686,-0.011673281285463829,0.0320816171013513,-0.021358333787414887,-0.027710798776096036,0.00528786154350863,0.05041343582506107,0.12191679283302448,0.12731974995550163,0.017927639142440898
7.184,0.03469923340028399,-0.020161768861596957,-0.05487455631391717,-0.007378010208865195,0.044098447205852535,-0.03856315243731457,-0.02611222500766711,0.0024307246094666863,0.0508908911619366,0.13182402583725913,0.13365299689707644,0.02355449803519007
7.186,0.03848244596502535,-0.02656834140232442,-0.06506435957073908,-0.005230582489356657,0.050660938432971016,-0.04759323745674441,-0.013697777812746862,0.02249227615773453,0.0607288825210391,0.13940680461984045,0.1389421208413035,0.036806810774138214
7.188,0.03637661831281029,-0.022240287748459747,-0.05873683519781768,-0.006111445842379036,0.04664434883659433,-0.04232705421821091,-0.005346637314566631,0.03533748790599622,0.06027405907566164,0.13793987240659447,0.13548384083571935,0.04182834334770098
7.19,0.03198983522734276,-0.01851729745940528,-0.050833679112705636,-0.006020815730746884,0.040741071219040734,-0.03617273059549192,-0.008333854940485346,0.024497163077362705,0.047704718514100096,0.1327805594203352,0.1295934000142604,0.03501958379670749
7.192,0.031078084551839913,-0.02550817041149572,-0.05703659601831315,-0.0018615088164474058,0.04327476298065635,-0.04272596495375817,-0.012836727166900617,0.007593831363343592,0.040379675915985784,0.13117829664575442,0.1310950028785904,0.02769038568475631
7.194,0.0330895197775565,-0.03764919413502656,-0.07110687522425804,0.0041408937625340096,0.051129350293551784,-0.05595179685177386,-0.006905331825851084,0.010492597517115307,0.04835120254489008,0.13093442209231046,0.13777459529277997,0.028638972551300473
7.196,0.03201813081442381,-0.04088771397485113,-0.07307466125107467,0.00692968425487592,0.05167903679717638,-0.058278281780972434,0.005988815469196997,0.030453328825396298,0.058885695690707375,0.12401550527985529,0.1387583705241233,0.03224554430638838
7.198,0.02558302223276409,-0.03203032079513474,-0.05758213101052763,0.005089998961900164,0.04100555984929248,-0.04547215907920711,0.010835991665691701,0.03805837114142919,0.05293421007592403,0.11002380756176157,0.12992117599831887,0.028008517821394473
7.2,0.019249925309680452,-0.023143190441695057,-0.04229381792026539,0.002419172739491999,0.030226568287443054,-0.03301359488793381,0.0005481145175458763,0.016572137577647035,0.030888235792703164,0.10014904564944094,0.11975089898973293,0.01705997069512208
7.202,0.01897981865950033,-0.02496713123087746,-0.04404051230152074,0.0025846728426660863,0.030574560542246828,-0.03514681995723581,-0.014315772297519387,-0.014151903850677206,0.013653186732989585,0.10346515698081463,0.11875832326024756,0.01125270393691491
7.204,0.022778002925832624,-0.03280482657566098,-0.05594249815496974,0.004724641909628407,0.03799828522248727,-0.045772138663708425,-0.018853361911084658,-0.022485450961327424,0.01633950508108625,0.1133990885566813,0.1250260245305639,0.015525910295740476
7.206,0.02284598110759349,-0.033991220536448055,-0.057177181403689444,0.005876062108722491,0.03857975767225808,-0.047377846912568744,-0.012800710590435764,-0.00539787741483375,0.028713510239263294,0.11474601946804683,0.12559049498360111,0.02002792348706897
7.208,0.015879901249896796,-0.026597267365792418,-0.042530671019041365,0.00625398100937905,0.02808945742404544,-0.036179795430723714,-0.00893704172163962,0.009039355526344876,0.029714501144661745,0.10258695833310182,0.11399884202193004,0.013721249908768038
7.21,0.007852936639983649,-0.02274660591580189,-0.030448611906296094,0.00902580740791885,0.018468869178972943,-0.02807793837922718,-0.013544780281522239,0.0007636753660990837,0.017055696290147967,0.08813324232332913,0.09972791915409539,5.249365569181595e-05
7.212,0.0061312221602579636,-0.03036801545254029,-0.036412783277882825,0.014340210112417316,0.02060526369741638,-0.0352901579318692,-0.01763628142963516,-0.015277248782809422,0.009431644886927867,0.08465962646995603,0.095916616866801,-0.006864807292772776
7.214,0.009047170572327517,-0.040087496759064166,-0.04929309218975157,0.01768728938946175,0.027738138083813077,-0.04715182742350984,-0.01068544801561633,-0.013164244774363421,0.017939897694052503,0.09147667915742243,0.10314602277758418,-0.0002744554111179207
7.216,0.008528437489587487,-0.037179953548020166,-0.04608570991885652,0.01575471394953347,0.02485407840514488,-0.04398093644944982,0.0037983929325145806,0.005348485509606086,0.029762844607150882,0.09560383318013517,0.11039848800624416,0.010949418830512512
7.218,0.0030226121112732194,-0.021974088040838575,-0.025307876586371788,0.01058516218567846,0.011555262015465143,-0.025187223871722404,0.011591953839609167,0.013849916835395621,0.026970150101887105,0.08844234413084738,0.10960991433107817,0.013708278561142487
7.22,0.0004273086751643053,-0.010712896344431157,-0.011038784240038367,0.007010145740624541,0.004218714048434618,-0.011911341549579811,0.005621740531114557,-0.0011939513093092054,0.01140937568592827,0.07570431405562211,0.1048261710399411,0.006792643702835944
7.222,0.005759525452636746,-0.015049675073476095,-0.020335967252740023,0.007572775898648347,0.012928337638214016,-0.019167697965380544,-0.004170435508991467,-0.021530290875565062,0.0018940126011863208,0.06897241475976648,0.10579788910708966,0.0014758645420287757
7.224,0.01271090331711208,-0.02763365174916915,-0.039947402093600384,0.010522107738705872,0.02676985204645284,-0.03591581702917343,-0.003453973786683563,-0.02114773932233411,0.009477416816723707,0.07170503005854871,0.11433367037946382,0.005387395703338021
7.226,0.01188672509723673,-0.03287501467286933,-0.04473980699368153,0.01249070283980615,0.028453459901882947,-0.04058645450494977,0.0067400726105689614,-0.000999034092110932,0.023061031951281962,0.07698426203028222,0.12077719124966164,0.011347705626527508
7.228,0.0034104276958413175,-0.027312054582068614,-0.030919581000888836,0.012751014536124055,0.016802226077455122,-0.02965511957369526,0.011628905976126216,0.011690390240918962,0.023791291513791224,0.0777108078142791,0.116530671919827,0.007549657557460877
7.23,-0.004159392124832271,-0.022734569843743023,-0.018688764703119642,0.014211337490710645,0.006553244957270138,-0.02050845893416125,0.004635386619038633,0.00033862919411113885,0.010663030074254027,0.07516554405398097,0.10569706485409912,-0.005018826689390896
7.232,-0.0054915801559390015,-0.028814364933297344,-0.023295044969612377,0.01892927046685446,0.008020331999210439,-0.026334502745720204,-0.002741342973612386,-0.017490183880074735,0.0029596735441414514,0.07492653559924498,0.09884461191224438,-0.012883329398271762
7.234,-0.0037439911565067797,-0.038910365877811846,-0.035212238661896426,0.02371626229862389,0.014804372352614295,-0.038117914606225003,0.0026325590694368404,-0.013831964467750703,0.014734606553306537,0.07711375902957229,0.099307162423669,-0.007626375879899438
7.236,-0.004800636053036261,-0.03831402202221201,-0.033826715252742875,0.023298910658580793,0.013465403239852165,-0.03715936350797773,0.017246299740112297,0.010363449761958287,0.03509107659389091,0.0761933012591642,0.10136910742285118,0.002929961091229304
7.238,-0.009506307607596217,-0.024085780790244753,-0.015063751495484085,0.017453978125209976,0.0013003515174539737,-0.020293085327978532,0.025491641430560867,0.0248067675960907,0.040966501456644745,0.07083205079922328,0.09948475801255652,0.00433382301831602
7.24,-0.012595286988654461,-0.010002834911942017,0.0021789368525716875,0.011687557045886096,-0.009562751257008045,-0.004701933718771686,0.019766601520348186,0.010625221256397366,0.026660573661045003,0.0679469998175222,0.09510015029929784,-0.006077682615873633
7.242,-0.009479874675675194,-0.008698484360039494,0.0004885756479959333,0.009982552601251906,-0.007699882169685261,-0.0054665594021705306,0.009942577128664207,-0.013214750989733522,0.011227681473504801,0.07279542621527142,0.0936340363938899,-0.015724082283544914
7.244,-0.0031083362973324184,-0.015064829158543767,-0.012214495030733203,0.010334203393489347,0.0017756581390740603,-0.015477312527743241,0.010136329274371522,-0.01498207422033659,0.013427636500608178,0.07911803948939475,0.09618747835732301,-0.013357905302462475
7.246,-0.001533772304337514,-0.015121863378719977,-0.013776307128883105,0.009441883691380264,0.0035860440264432504,-0.01626838203028882,0.019453525605719744,0.0076888574170915405,0.027745127885341742,0.0755995621125988,0.09768261460063048,-0.004156248820876946
7.248,-0.007984135755662251,-0.0073125743741795585,0.0006208657499029607,0.008443801761427217,-0.006674911305764969,-0.004925087267698642,0.023294757623947063,0.026141500874714785,0.03384625639014026,0.06141740870090647,0.0943749229752026,-0.0026901313146324274
7.25,-0.016864204969953576,-0.005211578948489506,0.011604482250435562,0.01166134556359141,-0.016642911235869643,0.0017476084234911236,0.0152252118329185,0.02084969188610498,0.02643237712051791,0.049099182404676166,0.088982756044156,-0.012944627385967676
7.252,-0.021678850773193797,-0.018054084196523882,0.003359966887303681,0.020775812408897882,-0.014940041441175028,-0.008529515447597936,0.0074396645319723285,0.007186153754805854,0.022555273927480496,0.050301154730124135,0.0862028595277309,-0.02381604044560032
7.254,-0.023003156716821405,-0.0360771104970855,-0.013487009185426994,0.031189318932892656,-0.006823913409255912,-0.025513305263668955,0.013386810443799486,0.011956388357109526,0.035455499986514316,0.06256726822124191,0.08642193794782399,-0.02538823266156245
7.256,-0.025079772082504958,-0.04061812092139231,-0.015702552868717554,0.03501489244462716,-0.005939782075577686,-0.028847062535250823,0.028105868208990768,0.0347008025723875,0.054045677326262746,0.07243254664072689,0.08600076738907926,-0.021249047909369163
7.258,-0.027440108911165113,-0.026570886881741862,0.0011876720891722987,0.028789929785407262,-0.014832428658188158,-0.013902145185057632,0.03442051914469832,0.04776366378313147,0.0580761822614703,0.0719913965096849,0.08354417730095573,-0.021206381681218984
7.26,-0.025406600138235744,-0.009212239952007388,0.01662511275265731,0.018159659005040036,-0.021731139533825744,0.0020387230589243984,0.025826439705174942,0.0353811272466753,0.04620353612945096,0.06869787694678257,0.08307340450789455,-0.027035304058113312
7.262,-0.01828137010013591,-0.006034842482828389,0.012120933354828126,0.01252518002812949,-0.017009324066670026,0.0014379315936526409,0.014611188597991246,0.01643417617616252,0.036789353444747694,0.07306082636964839,0.08719686007928563,-0.030729924652969982
7.264,-0.011940530196488105,-0.015637457764497986,-0.0045203832917450225,0.014415183258238663,-0.006294762963827764,-0.01124774069767822,0.015476956426925195,0.018692958413533082,0.042046270848943856,0.08134694541745659,0.0908184335336984,-0.02582036477137678
7.266,-0.012638149709955655,-0.021673453144469442,-0.009924285130882879,0.018282891942009563,-0.003582288030416198,-0.016398538473950695,0.02710322849714926,0.041419960342529594,0.05244589417728128,0.07985013136073933,0.08716674768076287,-0.01610661159206653
7.268,-0.019633067981277025,-0.016268199573443443,0.003066394976923712,0.019604786211161566,-0.012802088777580508,-0.00667742560267799,0.035067339209645436,0.05724315593341574,0.051900794173236925,0.06467378946116911,0.07749104180732139,-0.011108289024784085
7.27,-0.024823488224823522,-0.009041540604941134,0.016032314633336122,0.01916737410477019,-0.021649279579658405,0.0035036128277719084,0.03184814840146865,0.05000863566681158,0.042183355191936854,0.04889877146816164,0.070803581822452,-0.014388435884126674
7.272,-0.021935626716433777,-0.010519831445000141,0.01169981631948125,0.018669805640613293,-0.018077207023937142,5.914338050196228e-05,0.026506053062885372,0.03640140330537026,0.04138138439963021,0.04714517193308596,0.07384450807421002,-0.0203316907044624
7.274,-0.015009366266690763,-0.016692019619286777,-0.001672389546077866,0.017829988778743863,-0.007666253850394474,-0.010270742962425332,0.031130029727700355,0.04159374563784565,0.05789587194623622,0.05750163975186572,0.08258489891593414,-0.02259135664579412
7.276,-0.014229223084514159,-0.016248939235006338,-0.002166299336550619,0.016753940815280158,-0.006781728062427497,-0.01024095794279994,0.04358550148921405,0.0630349126072177,0.07674755454174373,0.06411170519481428,0.08569905347428254,-0.02219157076537747
7.278,-0.023418435045794397,-0.007495150592456078,0.015869336336760385,0.017282337878953308,-0.02061237027750435,0.003528475772022314,0.04940964919019765,0.07206568261416685,0.07682296696487148,0.057802311196891214,0.07767706374447512,-0.02564088849927517
7.28,-0.034248904148721664,-0.0004529676406001759,0.03397044073892319,0.01989318274577333,-0.03552497340653127,0.016096451966544044,0.040865045973763246,0.053209081996337525,0.0578341946020573,0.04848671400353131,0.06663207255913574,-0.034373306061064236
7.282,-0.03517892083516463,-0.002843809403327508,0.03274635275480327,0.02162314967254046,-0.0356383137093326,0.013668606567317007,0.028379299379172256,0.02840776378427695,0.043063186590883366,0.051793400083930075,0.06547265500147048,-0.03965272414916006
7.284,-0.025684485824032932,-0.009891263712541237,0.016353149195975275,0.019453996675586446,-0.022800309752474334,0.0010341385822244314,0.027180483824281683,0.02979465680008707,0.051527033888629885,0.06723275704416849,0.07601755271401449,-0.03343106379528061
7.286,-0.016954278840433178,-0.010670035250550746,0.006836327993483675,0.014244206862441369,-0.013837623112478206,-0.004715951055541158,0.036653750992805094,0.056502761423452376,0.07326202261161599,0.07815718771002461,0.08693878389714702,-0.021196099714812622
7.288,-0.017076595263108472,-0.0031106280273073667,0.014344880719892372,0.009983869866758803,-0.017717983645541717,0.0030333254976261407,0.04203058990169747,0.07559787837393167,0.08172146133455302,0.07281486626413249,0.08779101200436798,-0.017185085574475227
7.29,-0.022159088722538526,0.0019506307954114338,0.024249645101061593,0.010385184551083665,-0.024916538613948134,0.011579246620726567,0.03607939044122595,0.0665252083752569,0.06906877833179118,0.05757806260463991,0.08009910461980944,-0.026753263962727886
7.292,-0.02526737132463393,-0.004356421635231706,0.020967144785755266,0.01581007127618699,-0.024397126770437635,0.00809835636615541,0.029070775325105935,0.04731752676503764,0.055763458020826294,0.047237596788504116,0.07296918156152271,-0.039424067620905785
7.294,-0.027033710752274315,-0.015204758880081324,0.012058782723020002,0.022437620078321775,-0.020761731066652193,-0.0010844789200428117,0.03313989884984792,0.04707038268691935,0.06123213265771419,0.04726885086104806,0.07115480396083922,-0.042638447054279265
7.296,-0.032118417221995675,-0.01667086861541746,0.015856835492688248,0.02554929194621991,-0.025660655613922383,-0.00026441945233682994,0.04438753598506661,0.06505376443757457,0.07750425396373667,0.050115519451808054,0.07062452574508903,-0.03769039830988323
7.298,-0.03955599126902664,-0.006735336610511355,0.03312023741600851,0.024186348947787564,-0.03866542986824219,0.012434536588397573,0.04699864299469279,0.07231892038074106,0.08060205535997507,0.04833451655686721,0.06581040023050151,-0.03610402874797474
7.3,-0.04232683761785741,0.0025847347516752056,0.044914240529277075,0.021314441125176036,-0.04634233407878408,0.02261965514987297,0.03342072379601857,0.052120305076437674,0.06300792058802127,0.04512645864009285,0.05807794768151952,-0.04226257421104454
7.302,-0.03630423001802425,0.002112296731553382,0.03826062203342554,0.01935127039530975,-0.03997867806301861,0.019721999460632803,0.015499550367576883,0.02442064671277263,0.04434480736669771,0.04731254595955289,0.05385702953997878,-0.04752991713112112
7.304,-0.026072638975229295,-0.00311131526767891,0.02285600541323857,0.01746325011555784,-0.0269414728582705,0.010321511422276592,0.011636420535119311,0.02093775972626585,0.045874010475747705,0.05290289853853791,0.05553847636621733,-0.04373396389687207
7.306,-0.019524569006060685,-0.002795246924589754,0.01664001700720306,0.013827354288402689,-0.020354534589413897,0.007422735287114663,0.024063480611523587,0.04333435741922919,0.06254627333716356,0.05296922657574456,0.058298996286483745,-0.03582835249238044
7.308,-0.01873033018222351,0.0029225941249562434,0.021390940648795764,0.009456856092966908,-0.021968901338786585,0.011831842873364525,0.0362208773979347,0.061296924537232525,0.0711458481689727,0.04537094779857333,0.05732747736288102,-0.0355910937680811
7.31,-0.01977780591542363,0.0030093407034031024,0.0223513119733838,0.008586537859017475,-0.022242730996642028,0.01163558566912087,0.03554496455145633,0.054478633231013616,0.06363436179784455,0.0402268508476245,0.05548152839635166,-0.044912862119820124
7.312,-0.01964036494638975,-0.008379856678974184,0.010864193365784024,0.013598424341165849,-0.015780063204853294,0.00012981689948759687,0.029713830532500353,0.03996115609937552,0.05732028949969029,0.04760316812614367,0.05982879200699528,-0.05219459912192052
7.314,-0.019470791163404663,-0.021630074438712246,-0.0023494606600189824,0.020623661180690204,-0.0092576894668442,-0.012957511552713873,0.03294475489061426,0.04541777157687171,0.0671842583191976,0.062375971047415595,0.070183067679884,-0.048183725700580195
7.316,-0.021831353982808742,-0.022218462322022504,-0.0003288142670940117,0.023102711607940633,-0.012180023949264747,-0.01226272194115784,0.043318066655153156,0.06713521898371348,0.08245369219172327,0.0681677178957777,0.07689409074870236,-0.03958227111781806
7.318,-0.026118492720776418,-0.00875512608515977,0.017630026434648498,0.01926168098656549,-0.023421694436819077,0.0033749935906859183,0.04462215869273452,0.07409571063052714,0.08153675900707502,0.05896275757452577,0.0740683618248231,-0.03985900503230461
7.32,-0.02802738659854915,0.004324862036321637,0.03272135278586629,0.014003418769288518,-0.031060699138866846,0.017288897499921824,0.029883452711745275,0.051668180554021066,0.062380948511894435,0.0484021097438098,0.06868375880715323,-0.04954504459479812
7.322,-0.024753815052356232,0.003880661811670057,0.02901901310812131,0.01266456420147409,-0.02674459912681745,0.0149501599478308,0.012847284027656575,0.022820772342420192,0.045291576735066036,0.050206178085662065,0.07025355444293557,-0.05547560982650077
7.324,-0.019415880750156198,-0.006042013611558839,0.01370710828538372,0.014807592475322344,-0.016584209309640056,0.0024774880773830257,0.011446966459257094,0.018812066827979413,0.045869359386696326,0.05801501981728153,0.07674904461087374,-0.05005216375300958
7.326,-0.01787310773809458,-0.010739235300402213,0.007311060567631407,0.01620756497083802,-0.013520002499518466,-0.0024413520631426286,0.025257441306956823,0.03979444942545563,0.0556249864441601,0.05503699893127695,0.07786747811903949,-0.041977017843428374
7.328,-0.020671131250420915,-0.004874672310715535,0.015779000419699193,0.014646411608072419,-0.01989214445225713,0.00488797995344982,0.036375054796478894,0.05636937050342827,0.05569367122503113,0.038674231350972414,0.06984604513660309,-0.04405196344551358
7.33,-0.021739746784844593,0.0012927401893151464,0.022932890897946416,0.011784799433187717,-0.02425938208700023,0.01063290109957792,0.033070467247336706,0.04915320370184858,0.044065316719461095,0.0253848349774454,0.060823900039961326,-0.055593111658501115
7.332,-0.017154189896050342,-0.0023492594184644786,0.014737602956490582,0.010443995678220963,-0.018041595308669375,0.0035694806156182954,0.024396736481016288,0.03309767552362242,0.037698624064434146,0.030329718067431663,0.06057053284902612,-0.06293280881445187
7.334,-0.01133965088663914,-0.010364715730774509,0.0008732004579332004,0.010955600660725744,-0.00848526000858645,-0.007414338093449275,0.025761957708439302,0.03386019714033009,0.046788190072741466,0.048493838509201095,0.06817269485232175,-0.05736051959685106
7.336,-0.011937640171610435,-0.009088670822097604,0.002560355158061522,0.011300658065319664,-0.009710771575872867,-0.004721388135763123,0.03653180266565687,0.050372546256596915,0.058870501837573405,0.059872264950206186,0.07269231527274969,-0.047301915027859104
7.338,-0.019862682153743233,0.0033230541589507733,0.022765897934891498,0.01059582675902857,-0.02335437809749409,0.012803026664154688,0.04095899871433986,0.05596869101740642,0.05527234832647249,0.05221016112944872,0.06678333291203548,-0.047925920086597525
7.34,-0.026900147221192723,0.01289414497641057,0.03951904019798617,0.010099179998395566,-0.034407704666004804,0.026028547757365898,0.030561225541407593,0.03596975117814401,0.036677516400703915,0.03450092676026048,0.05668087091714161,-0.06067527829782752
7.342,-0.024967730564248232,0.008289704662594745,0.03327218507705546,0.010467260067134075,-0.029616405222562182,0.01978780713727701,0.01662521251006411,0.009447126411442432,0.02292250020282445,0.024883614555407826,0.054476345355490896,-0.0708718311577034
7.344,-0.016463532310861843,-0.00418599288297122,0.012428857064587842,0.01067959181946446,-0.014968101096241998,0.0025870187066601366,0.01510592074954291,0.005033535775162965,0.02708483558618704,0.028632978313456042,0.06189991865223185,-0.06723234046108717
7.346,-0.012052077771084697,-0.010539674815304103,0.0015842105322173058,0.010969199222384126,-0.007990353789403364,-0.005618344444759945,0.024459826689802726,0.02276079422438064,0.037823543484891156,0.0345365275880431,0.06750785943553395,-0.0562655263078534
7.348,-0.017180272855391657,-0.008341066506627574,0.008816107123469268,0.013540918176906511,-0.014889337072104446,2.1904762196277026e-05,0.0282130874988247,0.03382263027876749,0.03467895062493828,0.03168749595664456,0.06148924094178056,-0.052520511980395486
7.35,-0.024985748586726756,-0.006930062131152743,0.018126417156045044,0.018241746655098947,-0.023918796548879157,0.005792679315028745,0.01989537686292051,0.021192382505056735,0.0175781951791359,0.02204868491698822,0.04816066074795732,-0.05933035464481225
7.352,-0.025804809583765593,-0.011652830233033923,0.014474651880697692,0.021119747416229556,-0.022562318779540177,0.0010375959705080495,0.013206254317145305,0.0041382704574183336,0.007980276748662063,0.014777945091955083,0.03979214468475287,-0.06664980062759479
7.354,-0.01958736372564334,-0.016703964674465888,0.0033366490253798073,0.019354130816537654,-0.013470721880858304,-0.007796102290911095,0.02129563128298114,0.009610598506140903,0.01812434537382782,0.013859803718435884,0.04102509705451364,-0.06647861199190923
7.356,-0.014664540628896869,-0.013780983194142948,0.001156323623925603,0.014590091198989486,-0.00950778860131634,-0.0075071190934370285,0.036313854819337646,0.03228285923134597,0.033414274200352236,0.014742300865298472,0.044436489953946924,-0.06298329546087972
7.358,-0.016209044281505672,-0.0034409906702098443,0.012755842852278702,0.010368878421064643,-0.016297672395296794,0.003572504756590377,0.03907137635764855,0.040393407257730836,0.032677610835442725,0.01263007448761458,0.04247408577734185,-0.06491595448317705
7.36,-0.020492660369504524,0.00402584980985196,0.02449058680136195,0.009132041673880277,-0.02501318815782253,0.01270512418276447,0.024904835042679086,0.01841374175746757,0.016370320032507855,0.010802258547046842,0.03913299432841814,-0.07194412541340472
7.362,-0.021239830515609157,0.0004280866148988102,0.021930325592149025,0.011289836448605815,-0.024587887117396953,0.008992070966261007,0.009995087243058297,-0.011651360348643232,0.004572417672837272,0.01571954988294842,0.04355573245648303,-0.07468497331724067
7.364,-0.01762781983330967,-0.008749923175435551,0.009353109450746518,0.014047757912163982,-0.016404834460458474,-0.0018245852952599709,0.009837789521263119,-0.018493448369280838,0.009525382490603045,0.024930522004387487,0.05432198978378037,-0.06866881244835085
7.366,-0.014681286846434955,-0.010875744483401313,0.0041435142609828985,0.013702042505788001,-0.011916285604740014,-0.004921034929288699,0.01935981987530726,-0.001562190156539289,0.01973902483856087,0.02722040552111214,0.05936949814027132,-0.0617650462702185
7.368,-0.017209699087646253,-0.004929289469553179,0.01238662368672467,0.011730862143576489,-0.016819333657078592,0.002540424707912864,0.02144974555863203,0.01059641305963266,0.016609086757478374,0.018044308726726316,0.05273503689125649,-0.06408270886418746
7.37,-0.023246356493955008,-0.003550207542103621,0.019823243965207075,0.013460080643432213,-0.022895772206700957,0.007182076811961949,0.012140787060188514,0.0019318752404156232,0.002670832474780986,0.009215883780080408,0.04346474031689109,-0.07350153268864086
7.372,-0.0253454746000567,-0.01333074498504174,0.012226927964374938,0.019081068021711223,-0.01932976756912882,-0.0009436049830839481,0.006194841172101767,-0.009113224356799525,0.00027201128239954435,0.01542465535012878,0.043920183585195824,-0.07761401544896825
7.374,-0.02067058331004192,-0.023964647631598286,-0.0033096306164121262,0.02257258125870169,-0.008864854416479273,-0.013326999376324575,0.015094490143292907,0.0007676753106600142,0.01801300731940605,0.03238945809877955,0.05346526019637762,-0.0708636391833259
7.376,-0.015950357538217667,-0.022546831712670336,-0.006974814265721904,0.020742059248949046,-0.005357988692388718,-0.014163412929188466,0.030781000669697474,0.023903661741146203,0.03444336381565924,0.03904834924179045,0.0592006645396659,-0.06252372498271791
7.378,-0.01746848350367529,-0.011477858777697596,0.005592350005112763,0.017188313544573983,-0.01371586749541472,-0.002550212319601545,0.03633150249461481,0.030926622363284348,0.02602272403623621,0.02573944164119863,0.0528487610233559,-0.0641904561076575
7.38,-0.02016351772762986,-0.004716426249693067,0.015372996580378311,0.01555477779154975,-0.020800637318254492,0.005351714892698934,0.026635501736998187,0.01082929384899813,0.0002422281216407193,0.009053764535964817,0.041334223890948645,-0.07395727453488046
7.382,-0.014904398278094033,-0.008552320152564356,0.0065248764558747795,0.014180012451988157,-0.01359637929574992,-0.0014003838915622282,0.01404797532344883,-0.012528285340750752,-0.013071443210054745,0.009204673048370094,0.03647878522491234,-0.07889591144820718
7.384,-0.004711978074241538,-0.01414946772259476,-0.009307063469794846,0.010653286282880581,0.0002353923923714583,-0.01262472637077147,0.013036568008322274,-0.010847956479895076,-0.000763735783763667,0.022237173921315828,0.03882688414968644,-0.07331038399770529
7.386,-0.0030453341700719216,-0.010801336412361164,-0.007762444694941877,0.0073828461177687455,0.0013060557656446124,-0.010639236503487075,0.022108419144853127,0.010666782047179222,0.016718158171500637,0.027077466016463884,0.03890003372922854,-0.06714978058440621
7.388,-0.014192393738055467,-0.0008695906641752028,0.013369650288630582,0.008521688887673318,-0.013994700717845388,0.004595915780662374,0.02655402116151164,0.020205372585382634,0.012761623546519933,0.014533849492322733,0.031959110311853334,-0.07196749603473065
7.39,-0.026108758482603543,0.003140263949786998,0.02952926025453848,0.013882306992382914,-0.02773450771119856,0.014396318431809196,0.019444853217486614,0.003224476660890633,-0.009895664481461224,-0.002206552638525269,0.02428180114757249,-0.08461464009298494
7.392,-0.02707353659653397,-0.004788951229797368,0.02263168491863707,0.01916470725284292,-0.025198942953504964,0.0067670312105865904,0.01213477592230361,-0.017171739867827197,-0.022824125280380633,-0.005601933261157814,0.02461519246673366,-0.09122929743080196
7.394,-0.020555284809590135,-0.015737595361045204,0.004907070935060474,0.020790570759905303,-0.013966238722838645,-0.007410046916468376,0.018717997811832678,-0.011915899917822428,-0.009788820520932238,0.0048600122940977725,0.03326721802606353,-0.08495190431084175
7.396,-0.018184653295145722,-0.016455947749268483,0.0016036837740651226,0.01858555819050204,-0.011727536252605138,-0.008959997849505248,0.035459574954569514,0.013689101021557598,0.011850611730407985,0.013236775365660917,0.041248395006161016,-0.07441235000477939
7.398,-0.024024934007215348,-0.006278780089416533,0.017771039973764273,0.015541420918889354,-0.022426151843188243,0.004499772970188363,0.04377986262552687,0.02558924629565577,0.013744771543219013,0.008090029981298446,0.04049376769678577,-0.07288044521780594
7.4,-0.030715670922256855,0.0014961675856346437,0.032554672988566145,0.015207488961617836,-0.032451398505464524,0.015630109090670745,0.033860299371134744,0.006042772746831777,-0.006923026669213435,-0.0024656772313310605,0.03410000175242973,-0.0811398436127652
7.402,-0.02887328544333919,-0.0022293655943785985,0.027166434084247442,0.016891768125925976,-0.02893103887758253,0.010760496131381804,0.017907925983787994,-0.021585020573605864,-0.024231161758559185,-0.0018480726749084348,0.03274476289915051,-0.08626350009992366
7.404,-0.018732421293709806,-0.010131795487386491,0.00911327737067547,0.016208668854190707,-0.015896253456329026,-0.0022090372804028625,0.014396420462090812,-0.023200616591309235,-0.017726506364291628,0.010845623707579551,0.03888025503947821,-0.07927998668205014
7.406,-0.01110534132232682,-0.010560805542938116,0.000910431729662046,0.012522191695131274,-0.008832700522936743,-0.006121079053158831,0.023460532185260327,0.0003715937368874131,0.0010088259310530668,0.01736524053225393,0.04120656611561345,-0.0686773721027223
7.408,-0.013962864429530323,-0.004599205647552109,0.009520623946091104,0.010669346292608128,-0.014428567338553917,0.0015524331381592752,0.027772868975238677,0.015465637112865667,0.00510248595192665,0.00565111716971353,0.03123015651343436,-0.07024392337501269
7.41,-0.022016274237993284,-0.0034695523320646005,0.018576657725356226,0.013843719958606707,-0.02228933380124088,0.006714037144148642,0.018519454991852678,0.003005425455074323,-0.01028016237422495,-0.012043047369054207,0.017503027322250952,-0.08530066329806499
7.412,-0.024736108760868434,-0.012120685430006098,0.012626201999483765,0.019399141158315335,-0.020150083290652182,-0.0006242142236772032,0.00869552183227545,-0.01569763957047302,-0.022006215418289714,-0.01539727692282794,0.01477192104194049,-0.09754246118393266
7.414,-0.021103724458607486,-0.022225445424819457,-0.001136448691578554,0.022894001440955106,-0.011432247996718709,-0.01237034885726058,0.01395551801783503,-0.010746924063914098,-0.012513495749107314,-0.0019711117303717884,0.024410830954968415,-0.09434317315398578
7.416,-0.020523771411854155,-0.02289113679611343,-0.002350256218350023,0.023327541628455906,-0.010903069780201134,-0.013067866957968738,0.029250578636067785,0.013292873777741195,0.005165587578011887,0.011477264393935895,0.03314557734699348,-0.08325709745438781
7.418,-0.027999593028053993,-0.014145546802076544,0.014107247719101407,0.022452974977805174,-0.02307013696692443,-0.0005926055941922715,0.0348349486651912,0.023503939024923023,0.006134618257531485,0.010327439580443519,0.030749141748777405,-0.08071687257836448
7.42,-0.034315462569607325,-0.006142225231949053,0.02870666493029138,0.0207308152561962,-0.03319033812789999,0.010250325120394477,0.02240702374756881,0.0042204476358254,-0.011253207484022018,-0.00042815373490363775,0.023293854933081965,-0.08965431979943021
7.422,-0.02796183557442597,-0.005587737113566129,0.02288088306784007,0.01685310621407895,-0.02674431040496431,0.00732535546104297,0.005417552384803632,-0.02117746528637206,-0.023796152952748846,-0.0038052734437661554,0.02362575323216949,-0.0970350630471511
7.424,-0.013175181731079438,-0.007741143911262158,0.005509665630302402,0.01129115467070531,-0.01092055766711975,-0.002118823418156554,0.0013407494066081304,-0.021443736902914755,-0.01640570763828621,0.0044275932262513714,0.0318820460200671,-0.09261548701853184
7.426,-0.006417537789676012,-0.005438342788887927,0.000540863662026837,0.00794882205090627,-0.005496299138286223,-0.002600103556550876,0.010154617103540103,0.0008780408569420898,-0.0028551411476896984,0.008310274160280958,0.03441395049504975,-0.08325751433846557
7.428,-0.014508956683265885,-0.0014078489033410328,0.01249357656342717,0.01037898496314849,-0.01539605245666124,0.00612194056470046,0.016921890329917675,0.01404177604668046,-0.005658178588200003,-0.0046698345513293705,0.023545519884029788,-0.083900070096686
7.43,-0.02599194249714751,-0.004760785276102129,0.020796965679256384,0.0173627281057169,-0.024930487158322294,0.008604443425704815,0.01373199453799113,0.0019416030245465318,-0.0235081084372192,-0.023641458737854584,0.00916166643935214,-0.0965943221106703
7.432,-0.028146576547095684,-0.017238712736955982,0.010570542393536612,0.024341898101947805,-0.02104974027120479,-0.0033260045940544884,0.009069868463514177,-0.014366983405569472,-0.03299685533406911,-0.028796110815887656,0.005308167205711733,-0.10787075043241112
7.434,-0.023763065858215145,-0.02926953617984435,-0.005930244034853766,0.028298100137704896,-0.010983745412392727,-0.018240844450473467,0.0128354304047091,-0.008328231608200768,-0.021830794906458312,-0.01741862658630105,0.012689085468942714,-0.10814336995868754
7.436,-0.024558207223053054,-0.030689725355939706,-0.006413485711927589,0.02943547968864886,-0.010899108890276083,-0.01979844588489606,0.020736277302090298,0.01356275521015466,-0.006155330246782271,-0.005320119391749404,0.02038109961604007,-0.10358419693178524
7.438,-0.03320679274781826,-0.022450070741761093,0.011022077310357963,0.029177455217083127,-0.023129100635335062,-0.007646381878138606,0.019863635115179263,0.019946482661405637,-0.008255658930453874,-0.00527577368189534,0.02095751254826706,-0.10496050100233124
7.44,-0.039281975439867646,-0.014821064507190455,0.025282698611763188,0.028010666618103395,-0.03267965694181623,0.0027742893991093854,0.007520503233597002,-0.001625203982273551,-0.02527152942986581,-0.011491225708749383,0.019017494921404053,-0.1115284441491333
7.442,-0.03336418610222252,-0.014043797409129442,0.02026680164932201,0.024996572657981057,-0.027251384417265385,0.0007912661436174785,-0.0026582513206133253,-0.02559708554382617,-0.032431961925517006,-0.00948042367928714,0.023150194438425812,-0.11260351320363357
7.444,-0.01997194317487334,-0.015307668120380615,0.005254689735879223,0.01958078070126365,-0.013581158166409917,-0.006391239170693478,0.003030285377815587,-0.021592619153695185,-0.017073437227569616,0.0016762565567619457,0.03198487542325717,-0.10376674729074542
7.446,-0.012727317042773485,-0.011893723044486174,0.000932087404801053,0.014335137140553629,-0.008297722834353191,-0.0055885534381138425,0.020108158863343616,0.004820853686603949,0.003037263353621902,0.005874022738042117,0.033963741341120735,-0.09491984854115208
7.448,-0.0178729305655883,-0.006657036052879954,0.011146893944262016,0.013753954923435119,-0.016038082909019813,0.0028227083934111107,0.030141670567953357,0.019935773072171592,0.002894658511772845,-0.007174983673830106,0.02274433788848779,-0.0979098399137559
7.45,-0.02688861581778256,-0.007943398131144907,0.019132868055032313,0.018406064651946295,-0.024129845777415972,0.005807383846509413,0.023932258994130026,0.008116772792601182,-0.015448267368390858,-0.024820588993455194,0.007736183748534845,-0.10943440797870646
7.452,-0.02826509434272172,-0.015913922627074396,0.012805741468344081,0.02297487667950426,-0.02099833460507508,-0.0023059515710648995,0.012884758141709703,-0.00880246085312393,-0.026084825472177053,-0.027120653473571506,0.003944614532956195,-0.11503758240665629
7.454,-0.02291356248004465,-0.02022708461699828,0.003030374246562576,0.022475883291934846,-0.01288608068965967,-0.00982007893061896,0.012326393295103733,-0.004937578826392212,-0.015620046510422925,-0.01295608975698251,0.013243297975712864,-0.10924632047044354
7.456,-0.02143340357731631,-0.01281911902785575,0.00861367120705127,0.017889758188070037,-0.014778099649646083,-0.0028208786486863327,0.02085824145251653,0.014115317527228818,-3.980110862804743e-05,0.0003123112021255131,0.02211741530087532,-0.10166517020976426
7.458,-0.027341037991516198,0.001287927556230516,0.02844744682360088,0.013803938083919689,-0.027807707649957266,0.01471313427736581,0.02382059384466726,0.021110191272841188,-0.0011637573799568458,-0.0005791997803852378,0.018811340053244474,-0.10327553020884805
7.46,-0.031277686114705945,0.009153406865703047,0.04033728380921016,0.012499013281844058,-0.03588920163864151,0.024083653135019343,0.013976008025834128,0.004241918625635398,-0.0178003076431173,-0.011701697552453368,0.006785704296056608,-0.1137928274056461
7.462,-0.024593294587424448,0.004991056555000709,0.029635344727049047,0.01221088525603071,-0.02725389321893773,0.015301352496022946,0.0013120933369048715,-0.017539754940798173,-0.028581132683537517,-0.020680296606633626,-0.001773369834688729,-0.12312979319855133
7.464,-0.012062386925309697,-0.0033984124574683865,0.0087174468249223,0.010368223398560113,-0.010758870131241804,-0.00031753120675974026,-0.00013847761513236987,-0.01894084921592844,-0.01998254358412197,-0.021649802249305402,-0.001093545649421873,-0.12324583555263614
7.466,-0.00586584112249497,-0.004411668645707525,0.0013314295896358608,0.006757002908027025,-0.004632564234647791,-0.004395302586988387,0.00925131126254189,-0.0009239478184630923,-0.0029699182527401437,-0.018699801662270595,0.003842535511497802,-0.1174082110621136
7.468,-0.010128734138096661,0.003069164398001049,0.0128335720005554,0.003664593606016262,-0.01322660292579536,0.005960579273443695,0.016370282957887786,0.011512054757076822,0.0020815787355546365,-0.017091501813595575,0.0060368579439535955,-0.11498692060913228
7.47,-0.016638671277008656,0.008407851952374293,0.024601614102714234,0.003549454322985875,-0.02244832286472646,0.015292685149667204,0.014955053379199966,0.004509189902400047,-0.007369576447682151,-0.016016549424470547,0.005128831686694023,-0.11763088738635712
7.472,-0.016070109458625626,0.0035862929172051413,0.019410330888723615,0.006241201659006075,-0.01902452587228156,0.010296109871848752,0.013433508900631642,-0.005919051080855564,-0.013473023442653572,-0.012415369161294643,0.005258376632658316,-0.1174690406885734
7.474,-0.009916864721025471,-0.00575883690158289,0.004200389118377941,0.009178769170038297,-0.007699669660715401,-0.0027277099209551243,0.019873426783132194,0.001682834097222222,-0.004311562632984267,-0.00794200246872437,0.006686733737396302,-0.11050037040484971
7.476,-0.008024564955762113,-0.008283844411823497,-8.873976327379034e-05,0.010697759417585575,-0.0042128362248016115,-0.0068600307517402825,0.02844276788706688,0.022244878376131958,0.00863436151165709,-0.007912391144749592,0.004247574187167402,-0.10424861295945467
7.478,-0.014789324390716504,-0.0028364199853800317,0.012139668927534686,0.01166803010188165,-0.013832971757453233,0.0019718655815403486,0.02664445711327862,0.028942000621420702,0.006369186187323056,-0.013692093227628387,-0.0046365988539392115,-0.10811135460216638
7.48,-0.022482884618468573,0.0008786238301534193,0.02363755806490754,0.013076202322706761,-0.024242698766957456,0.010217428318771133,0.01234537176025829,0.008871260122729985,-0.011050092244177294,-0.01798795677884782,-0.01399813733665914,-0.11974898576830686
7.482,-0.02142569364105859,-0.0021829160971577203,0.019610700354728068,0.013480357273035754,-0.022568994629879366,0.007342040567834671,-0.0015833249232149336,-0.017070933241242783,-0.02319021521021359,-0.011750046116697933,-0.015341065012024533,-0.12657942953606988
7.484,-0.013759498157883583,-0.005550059964015623,0.008466506182422446,0.01153965561302362,-0.01298209132726814,0.00020384445310209432,-0.0022771922924396996,-0.019474084439955377,-0.015989662119475456,0.0009354183368290345,-0.009793256961671508,-0.12241780089976655
7.486,-0.010882508823469117,-0.0025619223387886338,0.008325333293357887,0.009358059669969235,-0.010207133498371514,0.0011995362748642075,0.006362740169112166,0.0003102893494818738,-0.001649385430865739,0.0024816606136824266,-0.00918615825798098,-0.11700019811466396
7.488,-0.017200044859999444,0.003991856209195906,0.021059799010726025,0.009438062190038832,-0.018623960909470154,0.01060473011748745,0.00965518462935913,0.012914442714235514,-0.0016115044132000204,-0.014433502285383032,-0.02026053339289912,-0.12214982039037783
7.49,-0.024346504551337002,0.0066207226572316535,0.030893970518739565,0.010752869074465658,-0.027096591548985857,0.017434460261440424,0.004068776634638346,0.0038029165680200606,-0.01434657940111596,-0.03219862559013894,-0.03310862310129472,-0.1331158624565536
7.492,-0.023823655483152115,0.0026774542281427995,0.02653497694616538,0.011238187131653369,-0.025533557863503552,0.01439536875012784,0.0015562536608788625,-0.006781073298200501,-0.017062873259963997,-0.029672567537925024,-0.03329641854279755,-0.13482939893032325
7.494,-0.018474703964925506,-0.003251542461374904,0.015279202041603313,0.011455411145316511,-0.018317200046847795,0.006525008108577249,0.010221861795635405,0.004991425700474318,-0.00014755322848812445,-0.009843486965362958,-0.02106254408647486,-0.12408330858949547
7.496,-0.01742916903789756,-0.004822891589117008,0.012614949256622992,0.012768320259946755,-0.017053898752018546,0.004343391468802197,0.021412847354116537,0.030756247180616255,0.017341739800019282,0.004682063610909464,-0.010357387865538708,-0.11402538172751375
7.498,-0.022767037486543684,-0.000803382576167266,0.021937364811099192,0.014002365331263885,-0.024018600384994898,0.010553934909820947,0.020616425616174962,0.039111226680888435,0.013092850030468336,-0.00032019958225007743,-0.010711723289281926,-0.1163847971438935
7.5,-0.026787686819974763,0.0033034431914985437,0.030073842368729592,0.013326322248698227,-0.02926336473572749,0.016391300607776653,0.006464355343430081,0.017650992805758634,-0.008342748327835686,-0.014957014740375375,-0.016466416287423895,-0.12680876080998305
7.502,-0.02338828665117115,0.002017104710661624,0.02541146219914388,0.011617901635825156,-0.025158769625119076,0.013459903071203656,-0.006575517974279506,-0.008501436507790614,-0.021247756551633253,-0.0196452948573846,-0.015946116719451106,-0.13123238645257776
7.504,-0.016508333345367547,-0.002137417562224461,0.014361303340566445,0.010597101573421206,-0.01722103480133159,0.005860508888278804,-0.00542876943095174,-0.008771857380926203,-0.01143746846415263,-0.010350962595200141,-0.0077054954651212875,-0.12394769986584045
7.506,-0.01401003479888908,-0.0015524370715077319,0.012328857150060919,0.009774457845310591,-0.015995194938955782,0.004786162627744211,0.005669917084776862,0.012656155452935792,0.007023353010192666,-0.001913727932702026,-0.00259468559212393,-0.11446829534952274
7.508,-0.01654822789126615,0.005233142562621054,0.021448455127342825,0.007851209946360408,-0.02185315869629891,0.01237857976116648,0.01113757529857422,0.024104952183133348,0.011253425641578541,-0.0066219286894194235,-0.009135179407132021,-0.11532214662034798
7.51,-0.01749203225187434,0.010701473984165533,0.02776687067316741,0.005228846231576413,-0.024622031131598936,0.01847106834664074,0.005343559102364249,0.011243153470240056,-0.0006447832925079475,-0.018163156046437492,-0.021795855960858704,-0.12593589188795185
7.512,-0.013802700679775678,0.009386895045029115,0.02293512937017749,0.003416733369398948,-0.019331408871104967,0.016028945088838602,0.0004078559545664689,-0.0035996150531949285,-0.008726420071871452,-0.02211797109449214,-0.02760477510034465,-0.13264985158433779
7.514,-0.011548182144799276,0.006153691168172357,0.017730259335624155,0.0034121928802656595,-0.015048462906542867,0.01217054003569495,0.008353422797070102,0.005707354230527003,-0.00036364639495285945,-0.01650614238242277,-0.022202091038538298,-0.12639127006397885
7.516,-0.017603211277268122,0.008772444537174639,0.026522161795755086,0.0052413910938909885,-0.022660139633118633,0.01764193270888235,0.02232649953684747,0.030900957499851524,0.011655340396272541,-0.01285269360921709,-0.014692332390977291,-0.11582997822906568
7.518,-0.02843174820789357,0.016884655133032972,0.045356537958839885,0.007166386336889102,-0.03807857272435569,0.03065240839354007,0.02419361981180629,0.039084743283139274,0.007787773094789225,-0.018328849140087818,-0.015000524878271571,-0.11623326440060712
7.52,-0.03220590515429869,0.022821879948454808,0.05484940706762617,0.0063549383939461995,-0.045173720490917876,0.038090005919457826,0.009265377772132323,0.017381017661377934,-0.010204526324476644,-0.026340520993413413,-0.021124048695497562,-0.12825881806700265
7.522,-0.024044467259096293,0.020921608527668497,0.04458241599140705,0.0029414842887869976,-0.036184751580529285,0.031928709767023083,-0.006093296059885657,-0.009387688802445063,-0.02196949184856394,-0.02758808658228994,-0.024951239963912665,-0.1380515575525792
7.524,-0.014057348809495338,0.013989674605099367,0.027622850689999517,0.001128088746830053,-0.022738264655711427,0.020027883382988044,-0.005324954626472694,-0.011704103912896367,-0.016011770863325607,-0.023232518435750745,-0.026153027899466635,-0.1372269263140391
7.526,-0.015361519517309014,0.009861210693102305,0.024996981980861095,0.004023467206427832,-0.021879078307201098,0.016799992710881725,0.006984709547403045,0.007041882727703918,-0.0036442320919552315,-0.021290307769615886,-0.030596047762007583,-0.13247902764040906
7.528,-0.026783066223017935,0.01093402047595456,0.037757843740418184,0.009629368282163459,-0.03379102250174908,0.02370609002431454,0.012247202478448726,0.01727650406339656,-0.003161930198161584,-0.0238198339077377,-0.037479014655606366,-0.1334684529157034
7.53,-0.033748418917760745,0.011198147918263592,0.045083328559109646,0.013209716513455365,-0.040954468374307634,0.02697289498574782,0.004187263318268465,0.004337632251586117,-0.01483417780783062,-0.02517797585735722,-0.038045484007643786,-0.13812444062814427
7.532,-0.027456627441277633,0.006386516820616731,0.033893819824998596,0.012450307858498847,-0.03205483067266944,0.018053602800889225,-0.002187796229460558,-0.010982260447277629,-0.019749798720270828,-0.02180415240119995,-0.02793216668968688,-0.13605730989073406
7.534,-0.01643532318453533,0.001722887966183177,0.018132961485807786,0.009161328838490608,-0.018223235112664653,0.007111951116757244,0.007973529466835128,-0.0017158709292012153,-0.006208052004778692,-0.016326791119359505,-0.014197369998112672,-0.12444142342431201
7.536,-0.014587162064234358,0.004952973808567039,0.01959943022159864,0.006246214931241648,-0.01798625361431491,0.009358310984631777,0.027325312704573085,0.02575449007532906,0.012544197695423694,-0.011935946859163162,-0.007735021047214345,-0.11337547277747742
7.538,-0.022528892113112996,0.014421085124618533,0.03714752387412307,0.004741904868311657,-0.031224769707064125,0.02343225018870034,0.034441224275167596,0.037984319345306376,0.015350616154817002,-0.007546606721771538,-0.01098197482511483,-0.1133565378202187
7.54,-0.027137857054787842,0.019560064240117782,0.04682097697323052,0.003965296459344638,-0.038470704169909525,0.03169356502154578,0.021973027593193164,0.01962230952256797,0.001332368775242846,-0.000528260671327669,-0.01564053276568945,-0.12155427997064713
7.542,-0.01964643363576163,0.014153463272801137,0.03362341478537528,0.003237655875286748,-0.027547691629905797,0.022802111872067266,0.006378589705457328,-0.005818198541695479,-0.010406442816710399,0.005563684727275453,-0.014317402916501402,-0.12532636555916912
7.544,-0.007964308422772284,0.004830239508455386,0.012372809015814532,0.002873104461857668,-0.010874428573445259,0.007221032416714099,0.005337608834246551,-0.008770568711305712,-0.007282288219323213,0.0008450513771195544,-0.011260458816429203,-0.11875107201850385
7.546,-0.005964503990041635,0.0034580480323327303,0.008941844762358665,0.0031665558631388787,-0.008931467272443525,0.004615437116329414,0.014547096868898662,0.007386521158383068,0.0012722636965205435,-0.017775491388091796,-0.015861389848866193,-0.1103271639214381
7.548,-0.014905567691224418,0.012361643679196782,0.026773595305806676,0.003379581125070838,-0.02322636947526556,0.01853343817748437,0.015578723585536877,0.014121644779898709,-0.0016837574497796162,-0.03802228771771572,-0.027864220477658075,-0.11138944238823822
7.55,-0.02313113550474449,0.021063475224936228,0.04359564526667387,0.0030155997881609387,-0.03583479241104483,0.031930524375623805,0.003003470307010568,-0.0010652319599643973,-0.015948377133813117,-0.044036701062895686,-0.03611559172497104,-0.12007601768213173
7.552,-0.02261932484168216,0.019327937704213597,0.04123623230425833,0.0032533999218863244,-0.03373721273539526,0.029547496208056856,-0.007047253081979745,-0.016896565347607584,-0.02298297651289555,-0.034279600347936826,-0.032114449923081385,-0.12336424040508019
7.554,-0.01863700686997878,0.009427899725448571,0.02747649355773874,0.005862315632191941,-0.02417494031944322,0.016550669740253526,0.0007362810108574394,-0.007784205149189115,-0.0114767747024389,-0.021652401432414904,-0.020366541546670055,-0.11535875520190622
7.556,-0.020773750411929488,0.002645049183451282,0.02321786355009474,0.010344022810174158,-0.022908255315325952,0.010125536527361192,0.018699210943346548,0.01941408103584079,0.0055960151932811205,-0.017569103425036807,-0.01360577054675588,-0.10576618911430569
7.558,-0.028510288323156194,0.005052584093797153,0.03370228333625576,0.01334129073469365,-0.03223425036450149,0.01652403663360798,0.025796429474944774,0.03175810743698524,0.0069320840194820755,-0.02132530627785159,-0.018163181089663475,-0.10673094655807656
7.56,-0.03123730173383683,0.010167166763669667,0.04158247218953889,0.012359013622787539,-0.037714160559781135,0.023492864700316314,0.015659128233422148,0.013438447163189857,-0.009015260159172913,-0.024530736774996856,-0.026465144063466308,-0.11651474935077505
7.562,-0.022694190180004858,0.008909138819004809,0.03160078427431923,0.00849038681890179,-0.028175131848315584,0.018456475005888782,0.004237938082768571,-0.01218723926099227,-0.021559720866469168,-0.02205798165080723,-0.02699098623250133,-0.12158061017596528
7.564,-0.010356353868223204,0.00305472549787341,0.013195096652584275,0.0046788454381683515,-0.012139328712158727,0.007070725893599549,0.007572766648985048,-0.013535511985958397,-0.015122299972704189,-0.017275546421759658,-0.019039874502801712,-0.11398323410572599
7.566,-0.007614504145421733,0.0016791504236500449,0.00891493551677799,0.003589687475793949,-0.008230415830762557,0.005122783196991912,0.020768877698209228,0.006906130699640178,-0.0002452180925277504,-0.016536102438417258,-0.012221119912979861,-0.1019474617789941
7.568,-0.01773349746240761,0.006423666729854131,0.023755740677306993,0.006522135346665481,-0.021115118979063742,0.01548240958237296,0.02556273797543304,0.017432495911322274,0.000873243147322775,-0.020095020331874654,-0.012928264624253321,-0.09979357650431236
7.57,-0.02952765152827873,0.008728254109655945,0.03806027122053801,0.011941655891594424,-0.03504513153679568,0.023716714577657467,0.015578934547928401,0.0025592301157066452,-0.014295643081215267,-0.02234628671785418,-0.01797450932376389,-0.10929503428866238
7.572,-0.03172971473381402,0.002973405680104336,0.03486670160501733,0.016250079558173057,-0.03515927054870899,0.01868748429821679,0.0051017622649115755,-0.015180230892740407,-0.02445290429553347,-0.02105348397395107,-0.022487943436117087,-0.11779595984587637
7.574,-0.02712534973948087,-0.004776434317413402,0.022804585284449935,0.017415878713866507,-0.026828302940257752,0.008114540422494147,0.009026540201501738,-0.008234138259205225,-0.01487048433868482,-0.021403960495066595,-0.027898928108112675,-0.11611073111502687
7.576,-0.026368131056161162,-0.004815240429870676,0.022026739848305884,0.01634382813918411,-0.02570498972894104,0.007278919447597191,0.02170748358494099,0.015495965238901637,0.0007298589787577041,-0.02876157734699411,-0.037540321284035144,-0.11027552596847957
7.578,-0.031646463035260176,0.0033390760275395026,0.03519880567376597,0.01469886909039931,-0.03477456061169763,0.017959399773056335,0.024643953507753287,0.022709458286588238,-0.0006557474201572165,-0.03926042094041947,-0.04723977141223844,-0.11089407580550681
7.58,-0.03470659791752559,0.010289687577166829,0.04492256753737413,0.013276996395781891,-0.04140136998549413,0.026741389900260988,0.012578846425736728,0.0016519444611845931,-0.018037813439540543,-0.040989295593718236,-0.04740782576338198,-0.11692570304504392
7.582,-0.02940303061207041,0.009101329279223708,0.03835829742234916,0.01166629387339885,-0.03562085416322037,0.02335386450398272,0.0009475563690491865,-0.02082112255333116,-0.02754168467352322,-0.028302789559239507,-0.0360145091166026,-0.11755260766598172
7.584,-0.01986817256402874,0.004229058503257604,0.024059956711286523,0.008986115472054244,-0.023386738780992466,0.013677183610594553,0.004121044149410913,-0.016372389885444663,-0.016172599155930646,-0.012753814925118508,-0.02330251579210014,-0.108206725185145
7.586,-0.015479179235105668,0.004777439476249431,0.020293342819483084,0.005999511243782776,-0.018720354273113023,0.01130514045412923,0.01570462110547694,0.0061844904169372945,9.301725266741816e-05,-0.011455770058599605,-0.02030954983629573,-0.0975118072128183
7.588,-0.019097599602414233,0.011884539070657266,0.030899090076477783,0.004635561475326308,-0.02549438616842677,0.01942998762463025,0.018604506121472148,0.014504542382832287,-0.0011388726443113837,-0.024753546702969375,-0.026108885085460738,-0.095785630643039
7.59,-0.0234604637795348,0.017229750754516868,0.040354230050665595,0.005108265762537903,-0.03272580059441351,0.026701850716097295,0.010019362547340847,-0.0011206344234417102,-0.01677915367856692,-0.03588090425027,-0.029361640062628213,-0.1006899726269634
7.592,-0.021960333307308202,0.013792327994284894,0.035299774907690123,0.006357311733364228,-0.03017926776858643,0.022653130287798896,0.005119176130177792,-0.014699031537275285,-0.022017962952711218,-0.03285087735232949,-0.02165026940051236,-0.10038757858320896
7.594,-0.01856043684741654,0.004977802597834823,0.023272910608968366,0.008438302182157168,-0.022858035635324365,0.01222121075072199,0.014377873145714024,-0.0021877868234234273,-0.006272213427802265,-0.021722430190936608,-0.00758826610138491,-0.09085963719632133
7.596,-0.021656957453756245,0.0007020457049090507,0.02239650728562001,0.011657250617688391,-0.023842232749840174,0.009541955342124328,0.027835474043494457,0.02413687321220241,0.009279894950819408,-0.018927713375930216,-0.0010527813093588459,-0.08285466824592475
7.598,-0.030505541705321694,0.004876311557779548,0.03556057523462517,0.014423736348556303,-0.03464018571993468,0.01842200866709815,0.0283206625382113,0.03063628912683334,-4.6681919060214024e-05,-0.03276154985279058,-0.00990246502044946,-0.08733810418742921
7.6,-0.03469420692735623,0.01008033922371533,0.04496786884427578,0.0146853336519545,-0.041330598158498856,0.026063081717246875,0.014540487869541116,0.006118826932720351,-0.027019010806103264,-0.051441658614924834,-0.02538418971624717,-0.09903060009444488
7.602,-0.02831710603538011,0.007470216547297841,0.03606204009229262,0.01294625708102671,-0.03370207970512378,0.02041577103491911,0.0029376290438890814,-0.022016064131791385,-0.04064264718851614,-0.05527014509183552,-0.03226620461829636,-0.10217373874639803
7.604,-0.018467595027334246,-0.0007038164171022731,0.01812748650583655,0.011712403181180586,-0.02013970497105094,0.007598701682476507,0.0069457201355757345,-0.02104611401102894,-0.025779983330977647,-0.04155424096303576,-0.029032657145375833,-0.09174757356523612
7.606,-0.016212942187006793,-0.004169117906675995,0.012277666367072709,0.012239443876519552,-0.016588293690332035,0.003742526381801481,0.02058805075420755,0.005549872245224187,-0.0009558888457190146,-0.028313655712432648,-0.029443811194340107,-0.08082854501467782
7.608,-0.02239899037454301,0.0010307508622727527,0.023304858028736348,0.012961420407776742,-0.025162568788522854,0.012784511103216333,0.02674259565028929,0.022849243414669956,0.005672356179587704,-0.031364267770491616,-0.042394497325165585,-0.08306244361941367
7.61,-0.0274431542933744,0.00770695291759918,0.03469209323729642,0.011782124231311942,-0.032445863788145096,0.02208860868885032,0.0196594109758103,0.011472262780891024,-0.00953821615373869,-0.044843519302449245,-0.059167570153865076,-0.09384508893374642
7.612,-0.02540013814752195,0.0074453331275194335,0.032349409310164105,0.009909140728080811,-0.029193693603664035,0.020347401708548683,0.011907681968989543,-0.007194663826116392,-0.02385336666428437,-0.049280777569239105,-0.06549929491385192,-0.09707583582651827
7.614,-0.022320940422378744,0.0009038249722904983,0.02300217391667937,0.011151784608906113,-0.022889964643802756,0.011900674477872113,0.016067133462363485,-0.003157005803488643,-0.019512993352275552,-0.03764696199345457,-0.06043481142464976,-0.08761523856311851
7.616,-0.0271415646889569,-0.0037633766704280565,0.02345957268718178,0.016434638761077466,-0.026383681683658712,0.009706504879641312,0.026312292730830196,0.018817042258825592,-0.0062252975537869,-0.02570460803732827,-0.05643007540441193,-0.07777904307580101
7.618,-0.03766856723220665,-0.00145992965438696,0.03636344968320312,0.021490879554319723,-0.03895380590269886,0.01745615551831971,0.02550119369522824,0.025935370703754426,-0.005644256352730943,-0.029488479210046197,-0.06099591688777398,-0.08011758184484048
7.62,-0.041694835995361126,0.0036996783196902115,0.045431783814304336,0.021564453459528836,-0.045638030046355214,0.024483176301802953,0.009083816457311848,0.004284391749716624,-0.02018053009817049,-0.04047136853104598,-0.06560675645677792,-0.09008248580793939
7.622,-0.03348936047547992,0.004145011149280222,0.037570930761601756,0.017278385636662383,-0.036906702082727914,0.020311674444370934,-0.007172385299512708,-0.021108677088451648,-0.030469579008528137,-0.03826012319231984,-0.058735204939360484,-0.09249820174150176
7.624,-0.02245687760758852,-0.0009706441475455811,0.02143568717748224,0.013793380767835992,-0.022242118129016167,0.009166207392625353,-0.007049680912819199,-0.020808032950508887,-0.023881617724931425,-0.022997978913908958,-0.04348331573648201,-0.08254497019666356
7.626,-0.02056533162810569,-0.0043213038116048565,0.016254111615240624,0.013861903319786123,-0.018068723934573105,0.004667822040910123,0.005836460923084438,4.7387012273535404e-05,-0.011475383789629501,-0.01555656121931197,-0.032997162865639564,-0.07070520615733898
7.628,-0.026736102288873333,-0.0004934191495682264,0.026274933338046258,0.014619130807325811,-0.02647870417501652,0.011636056315066461,0.014278293150702061,0.011422468179717196,-0.010476916526803345,-0.025354929594793248,-0.0324273678073644,-0.06696053464067894
7.63,-0.030168689624554657,0.0057801524592092385,0.035958742145574964,0.012893572045823832,-0.0339025100271995,0.019777716417306482,0.011036546784199226,0.0011542935352376474,-0.019146542452664665,-0.037409344044041386,-0.03469734203076585,-0.06849550468091707
7.632,-0.025926238070007605,0.005867548998391335,0.03178093530839931,0.010382722034399947,-0.030160395672162162,0.018054537513390454,0.006926259166882542,-0.00936271174374639,-0.020328380290999967,-0.036084142485038495,-0.03297130233409235,-0.06571635141816938
7.634,-0.020544251007444884,-0.00011723986574592942,0.02041547660294488,0.010712426400979396,-0.021584855270042766,0.009914986606536202,0.012602685952376413,0.0019417417140620164,-0.008111243454643991,-0.025944406140550498,-0.029614329893472843,-0.05617236653166691
7.636,-0.022405040817296985,-0.002932062328744391,0.019474482371136293,0.013939075722775172,-0.021956700839867907,0.008460234381757137,0.0214692373811055,0.024161453643123824,0.0014276249781776272,-0.022593143734209106,-0.031332828327380526,-0.048486006609307186
7.638,-0.03075371870597462,0.0020252484085850147,0.03278597919074129,0.01701484070234199,-0.033258948367750556,0.017410325350445767,0.018608688281873245,0.026965072714513618,-0.0083632583482872,-0.03203130483474918,-0.03953819780335044,-0.05159692379872395
7.64,-0.03614714754680217,0.006960917045314785,0.04311059292847985,0.01805814932701859,-0.04154870052312789,0.024345482941685214,0.0029457364626314085,0.00240845438333419,-0.029807999764282896,-0.04396585177152556,-0.04750280414160606,-0.06218703605199242
7.642,-0.03203356489895569,0.002735799943252182,0.034766745872703335,0.017821011428153392,-0.035333118596027425,0.017630379412275566,-0.008818148596959828,-0.022595926041944235,-0.03799222962699646,-0.044003839192295495,-0.04771923540586994,-0.06765214373450049
7.644,-0.023601790892059726,-0.00758346524228412,0.01601569495918202,0.0178434893490868,-0.021744512807325093,0.0032684202297595527,-0.003321568364745238,-0.020475721790837374,-0.022923092382133768,-0.031935720054934835,-0.041910837020732075,-0.06265430318011993
7.646,-0.020805529712156923,-0.012751313166662918,0.008076328851063673,0.01830379078653668,-0.016468642126867786,-0.003201700934238589,0.011537013859802256,0.0015048605282007342,-0.003464631958117797,-0.02353176491565869,-0.039587373234767034,-0.056286171894499304
7.648,-0.0247371821547209,-0.008383374058816355,0.016508581594070676,0.01790430462259913,-0.022426720384703634,0.002571031497853794,0.01733040023902054,0.01207076059252232,-0.003058404447843261,-0.02941799644043025,-0.04454883547309452,-0.05852455132137865
7.65,-0.027848687926732233,-0.0017405840156684996,0.026567469629592923,0.01612193061569569,-0.02855268832944621,0.010055123649068532,0.010178216749586095,-0.0008675317674282086,-0.019637001454029284,-0.03968140609990141,-0.04875384367246689,-0.06517068310882582
7.652,-0.025974853068487787,-0.0010042709780765336,0.02572007924608966,0.014488630182534894,-0.026938115333890383,0.009841455127652,0.004329219584952036,-0.01454834145326146,-0.030178546031076173,-0.038076173749957413,-0.04397643025232709,-0.06385677274337634
7.654,-0.023381760436521716,-0.00460201123024582,0.019457299019296437,0.014629198190211818,-0.022336235456275687,0.0056569053442245,0.010041063966374615,-0.005165470064629495,-0.022373424599214334,-0.02494269387055896,-0.034321986679315734,-0.05220909127227675
7.656,-0.025908207376626493,-0.0038794441770336916,0.022258633355016027,0.015719253071217465,-0.02452963740459421,0.008306700602144251,0.019002766952762956,0.017663968758640278,-0.010209409785456395,-0.016891238700509594,-0.03160560859357029,-0.04184575142137057
7.658,-0.032530044219414654,0.004429038213891174,0.03680987868538964,0.015341434357755122,-0.03454203159116957,0.02008887754815741,0.016921871182630024,0.023431123622594002,-0.013995827298788045,-0.02575745625314941,-0.040988194785681505,-0.04375284799667958
7.66,-0.036077155171964685,0.011282770116426501,0.04730432279987352,0.0136626763203597,-0.04133433860408951,0.028705954684516467,0.003874497655517624,0.0017672626169365317,-0.032395154570897526,-0.04459692640967289,-0.05608930794546795,-0.054845691163356386
7.662,-0.03291878828878025,0.005476304871456156,0.03883663767881185,0.014518788885402225,-0.035733905992825526,0.021395043390824035,-0.0055316647788769165,-0.023100637306419983,-0.043891697866957846,-0.05658646232439519,-0.06717672173906102,-0.06207216705226712
7.664,-0.02827165696092676,-0.009863659665318093,0.019260435608952492,0.019605721771190063,-0.024211819796884432,0.0034940430069356097,-0.001503867866069675,-0.023155997534527066,-0.03526765464257952,-0.053874838179905245,-0.06995591780106467,-0.05826068497495969
7.666,-0.02811142032579908,-0.01803016390485726,0.010817974702834262,0.023628751346231824,-0.020857959148817,-0.005611429170927804,0.0084521028244204,-0.0027665979442165938,-0.01861470539261653,-0.04333804867255121,-0.06635051845963345,-0.04980116976256842
7.668,-0.02940338632073068,-0.009222966278390083,0.02038291245055952,0.019751322855751156,-0.02728442070990809,0.002841756353757243,0.01048685855040359,0.007807526887190275,-0.014162646956516024,-0.03384650598418444,-0.05948930471706042,-0.046428864787985705
7.67,-0.025040114679861558,0.005823940104258532,0.030647697748226625,0.0097834929999772,-0.030738749042963028,0.015348227269833021,0.0042417484078232336,-0.005207987824330264,-0.022490194845045483,-0.0245792752587297,-0.049581581397909254,-0.047109107318618275
7.672,-0.01604042973061985,0.009680234089177842,0.025505133640693244,0.003420076265779779,-0.023483848113671373,0.01530562178040765,0.0038972232715324792,-0.019322339235927334,-0.025845935534928744,-0.012697897057542344,-0.03612621950376796,-0.042727526046166135
7.674,-0.011667215003624722,0.0010994070571492874,0.012770893176232317,0.0060881376351582155,-0.014271294877769205,0.005800481474099701,0.017503913996238903,-0.008161323476247683,-0.01620604559424969,-0.0055148436338215805,-0.023716273971017852,-0.03126506414570951
7.676,-0.017845528537576844,-0.005381219247810619,0.012558669269782555,0.012965337167931171,-0.01637382901716038,0.0035789097754000887,0.03332687438439665,0.019623909298481925,-0.007732259584373594,-0.013638583246861303,-0.021178977444743383,-0.022279105047780315
7.678,-0.028834569254473547,-9.323748295946088e-05,0.02866350987154919,0.015858864758932254,-0.02926091162938308,0.014622446543104187,0.03339865863342339,0.030160772875336837,-0.016243585481859425,-0.03528276688159158,-0.03163597695371361,-0.02453643823431947
7.68,-0.032139388783607475,0.01048659425964024,0.04226118694643896,0.011993034879926963,-0.03785557669766165,0.026005495606726173,0.0165716771978487,0.00886341590093418,-0.03614054071318253,-0.05503747061627551,-0.046397103803633634,-0.03368395743477233
7.682,-0.02314374287804623,0.01392585831064226,0.03660010316240894,0.005789992231966254,-0.0313163481359479,0.02370274067170473,0.00045974277969188345,-0.02094566009115852,-0.04660864290453141,-0.058521872484868565,-0.053397172735601045,-0.03662847969224383
7.684,-0.012048278389160127,0.007813429646757864,0.01960414980105325,0.0037165046842224025,-0.01774404855892532,0.011529919185059533,-3.632569054284471e-05,-0.028644409727920116,-0.038640630148361804,-0.04766013845762164,-0.05106715351583065,-0.028589813194290353
7.686,-0.011909632182520061,0.00142934240523998,0.013367309497697794,0.007292868303874277,-0.014186625585331842,0.00582304274608874,0.009712094579309535,-0.01508068663680108,-0.02759194856048163,-0.039452756099915054,-0.049011349392374906,-0.02021576119633822
7.688,-0.02193075012192354,0.002400754463385675,0.02435883044419734,0.011669646400017502,-0.023896868156614612,0.01311721503217192,0.012923907572939881,-0.007856660018567005,-0.032756003033669524,-0.0459448301942972,-0.0536174478978704,-0.02279138471574936
7.69,-0.029129032429625168,0.006730921532058204,0.03558846168522641,0.012344262711143358,-0.03261869225183235,0.02176252787793953,0.005262517114139931,-0.01924546771101893,-0.04901777197641666,-0.05948339346813686,-0.059413772588073545,-0.03182160496098182
7.692,-0.026400287386121078,0.005560768127569752,0.03148183018910968,0.011056923820523366,-0.02935963547464551,0.018987016631919273,0.0001783940405947395,-0.028472756333983315,-0.05246859822178549,-0.0634797011823823,-0.05875690214599624,-0.03425697288207797
7.694,-0.021231593514774934,-0.00076756606445776,0.020151035808294027,0.011937354979552244,-0.02153916484331007,0.009261636710589294,0.008288409733755176,-0.01503131153105768,-0.03476302925729148,-0.05353811054665369,-0.053635041477057735,-0.02781117823069356
7.696,-0.023906211954963334,-0.00217642298081331,0.021736593111905234,0.014640812254592685,-0.023864845364090177,0.008159832549434136,0.021753053795789578,0.008203791529305107,-0.01616233685678262,-0.04233650702922372,-0.05218285499305383,-0.022854728647884185
7.698,-0.03224688409374361,0.0059539518674336656,0.038247984909919354,0.015046537948465737,-0.03641391688209766,0.019662079065951556,0.025387547032191798,0.011161091044896671,-0.018719685553986055,-0.04339668049716282,-0.056539124070678064,-0.026539943357015466
7.7,-0.03361518594571857,0.014277567131541205,0.04764247591181687,0.011329848229113997,-0.042088141120785134,0.02882667097733754,0.017164744388243107,-0.011588725677710836,-0.0374026644810529,-0.05308208614952515,-0.05908874229232084,-0.03277731805798033
7.702,-0.022582104186843015,0.011196916695584537,0.03327718909052997,0.006998031590919179,-0.029576331231040698,0.021443539821093992,0.009722629322397893,-0.0322701504968357,-0.047373704084451636,-0.05490491712982406,-0.052313388249723564,-0.03032389655705309
7.704,-0.009932462573193704,-0.000996140808491256,0.008480124823965433,0.006873612582499237,-0.010848881144310658,0.004215824691440669,0.01252441559789054,-0.026055878888681,-0.03633157605918627,-0.042098189758174705,-0.03976358003716666,-0.017679062490443136
7.706,-0.009204864049981602,-0.008372156385160427,0.0005287171886119734,0.01083531432211839,-0.0066329544620043375,-0.003099868181312232,0.019322682548850032,-0.00301030276893068,-0.019394149078796937,-0.025870905128641576,-0.032418232320013785,-0.005845616303582456
7.708,-0.019447772763317148,-0.004034498102410758,0.015173082880788257,0.01426233865635211,-0.01925454174333614,0.006040139897532209,0.01687475214167012,0.005562489137038808,-0.018224802164219824,-0.01738579165924593,-0.033694592024619795,-0.004812470279100587
7.71,-0.027788299719752232,0.003257674368824146,0.030894301373997773,0.014501674240067233,-0.031112868036012466,0.01709651376064731,0.003845422273398869,-0.011251747620294586,-0.03206685206367445,-0.01276594255324721,-0.03450639581213293,-0.010666352913860904
7.712,-0.02703218066065132,0.002605302529359742,0.029737316824664538,0.013883044078922291,-0.02967682903619328,0.015791460116037156,-0.005737773042637954,-0.029197008000516802,-0.03977558143361801,-0.004718849206270285,-0.027717435305033636,-0.011723488037103002
7.714,-0.023903487213346772,-0.004425952458541391,0.01987886063272125,0.015765597459437952,-0.02272538001676217,0.00690153059090357,-0.0003880557924187684,-0.02187357362736534,-0.03032719164223599,-0.0006355846125349126,-0.02129614057398572,-0.00518347949633363
7.716,-0.027823101091646714,-0.008137511207727193,0.020167876581280806,0.01986591513047431,-0.0244861887955527,0.004889908204600953,0.013918394790921315,0.0028029259058333445,-0.018358702288250164,-0.014986630108045611,-0.02825141392228547,-8.483966763983146e-05
7.718,-0.036282840264005474,-0.004754358379377359,0.031775284803370225,0.02250390993816947,-0.03446312995621033,0.012457977781150608,0.020852465066398013,0.012472811880256696,-0.022897868885079234,-0.04370791277394462,-0.04646967249519539,-0.0039185108512776665
7.72,-0.036677040409181585,0.00018022117043374881,0.036794956394620326,0.020044035330009386,-0.03777300525974589,0.017611949632001214,0.013337258095115741,-0.006083554182520707,-0.04007160712222232,-0.060807214749823216,-0.05821183608263709,-0.01161864915257873
7.722,-0.02322112293936295,0.0006492016555780106,0.02371143104626438,0.012579760504132212,-0.02560283005529946,0.011018842155656898,0.0020078452590665615,-0.02890889935873013,-0.04833995570597611,-0.048748118361069535,-0.05108618497423907,-0.01127954943661514
7.724,-0.006781689318927666,-0.0022731354589503434,0.004436989702032654,0.005001988447503467,-0.008461705267966184,-0.0008718247612043836,0.0013087937597998866,-0.02740415019065721,-0.03819861123469731,-0.02155152956306884,-0.033118944003825125,-0.00015542734575801215
7.726,-0.002811932300921539,-0.0019267245154589428,0.000813658752230906,0.0022029073669660305,-0.004271777824012373,-0.0030434829790680967,0.010443575465531667,-0.006020924526870628,-0.02461397735862531,-0.00667244851104772,-0.02307960193887464,0.010835964843172357
7.728,-0.012768373606985722,0.004551309446249326,0.0170477968722025,0.004134102943869273,-0.01609102659632264,0.008626971790507556,0.015345028331415812,0.005817179777439611,-0.02617113075298681,-0.012611695638457064,-0.029464580454048202,0.011008765134918164
7.73,-0.023875140833367788,0.010458593590311871,0.03392737165940774,0.007624453553260345,-0.029085883774974872,0.0206319252266536,0.009528648668846626,-0.005281420581424377,-0.03993291723238292,-0.02617328415942212,-0.04335471247974686,0.0030030494315188634
7.732,-0.026252296149916917,0.008240577363636276,0.034335772410273066,0.010505219090755682,-0.030748861616033723,0.019748790866715153,0.003710408616129062,-0.019272250378771588,-0.04577626659974474,-0.034905697281112306,-0.04995826611475622,-0.0016008575643598774
7.734,-0.023965377474443,0.0005397499657150099,0.024845627042934658,0.0128911346866452,-0.025865983730398355,0.0107728741729349,0.009580256940255133,-0.012444658282352845,-0.03460068457346912,-0.04076859620247754,-0.04489245894766981,0.0028233334755502592
7.736,-0.02624448626457393,-0.003431657473625833,0.023393137754363025,0.015513485058225479,-0.02649549417013505,0.008123561242026305,0.0217415260115964,0.007634556831990518,-0.02179242524829341,-0.051338738615157094,-0.0382332078207608,0.009445530816506438
7.738,-0.032751008359706166,-7.931679813286867e-05,0.03300300083312808,0.01728847140686853,-0.03354956389463785,0.015233102029101674,0.024816375421991374,0.011883064918858209,-0.026176006552753234,-0.06357195339756788,-0.039987835828084725,0.009349120942295118
7.74,-0.03436210862563746,0.0046486125667879515,0.03893841584879591,0.0162469420562852,-0.036294630176280436,0.021254735588798968,0.015297759285275494,-0.00909212564440555,-0.04333400260211502,-0.06414636006365328,-0.04577668792087305,0.004914094513210529
7.742,-0.02669397114820462,0.004022800315879259,0.030507467291600077,0.012736736444582841,-0.02841499623491665,0.01715710542607424,0.00657582957318988,-0.031136517307935294,-0.05178235318536736,-0.04818988926180822,-0.04443587391546516,0.006272940285039846
7.744,-0.016513173994908377,-0.0002063704187078563,0.016238314761375914,0.009397098549856415,-0.017506575124770395,0.00784812893603635,0.010488622372052843,-0.02928056186386168,-0.042747010600405824,-0.029053404173379756,-0.03543774627251365,0.015617191057514733
7.746,-0.013457375309260562,-0.0003801909229673421,0.013133362798729998,0.007748022174793314,-0.015812297145829164,0.005423125415599429,0.02136878633335144,-0.010582271320958372,-0.03095619289981964,-0.023094500498237545,-0.0296245218430513,0.022750395911832796
7.748,-0.0179726654773066,0.006457549531927617,0.02437347210603145,0.00650956020491407,-0.024172627863033067,0.013327434183071312,0.0242466309670991,-0.0028457067098340257,-0.03360239623709167,-0.030865125129033954,-0.034150400124919135,0.018734109160751408
7.75,-0.021237749823917122,0.013827641559306453,0.034731367192970236,0.004447636499978926,-0.030533157417395224,0.021720463339640984,0.015854958794248055,-0.015810034812762934,-0.04753626089865962,-0.040357009506529554,-0.043970682956929484,0.008672362136367509
7.752,-0.01823309521839993,0.013510198360499407,0.03127699482283675,0.0035360208574633603,-0.026560983839916487,0.0204576654658132,0.009222154119723689,-0.028142088870705916,-0.05378473284732593,-0.04343295445169062,-0.0491851978515985,0.005411272615404935
7.754,-0.01559814119212478,0.0064395854080518036,0.02176492237232469,0.006726357959983379,-0.019967843624622277,0.013029836719846222,0.015127479008246708,-0.01835553235523016,-0.04298680317873015,-0.041985574994103325,-0.04639499908163309,0.012741028743331228
7.756,-0.021611420370158684,0.002196384239573316,0.023849056918629086,0.012712868445732016,-0.023785151721312653,0.012041891140319122,0.026379314361496396,0.0031236055640738855,-0.029375804025610776,-0.04194572122550505,-0.04091554847976879,0.021204496497251844
7.758,-0.03257866675489651,0.006230207778947976,0.038993466015426796,0.016135560634766042,-0.03666825358265793,0.021050937619420902,0.027155923791610144,0.0062551372125279475,-0.03296970465004598,-0.04485314076961909,-0.038549531052495034,0.021341423573314432
7.76,-0.03657454231783987,0.011723598186522771,0.04849222129240331,0.014330599634147545,-0.04319386428430345,0.028145312633651255,0.014490766973108369,-0.017694162500283748,-0.05166024307222443,-0.044878215786243576,-0.03759396917740671,0.015942309284412124
7.762,-0.028881393362466992,0.009389221617317194,0.03852055187784277,0.010289364145797082,-0.03426023935518024,0.022272346812841057,0.0020190701493102256,-0.043193557203294375,-0.0632248538748048,-0.03689841124320949,-0.03293022968750029,0.015452456475644062
7.764,-0.017306911271502592,0.0019347420147215442,0.01947227470846661,0.007441646124294958,-0.018974293622284175,0.009770694846473579,0.0019699389581259415,-0.043057601504121745,-0.05522687248433194,-0.02527406129314688,-0.02607691504641231,0.023503115323652294
7.766,-0.01249221443249746,0.0003540526844014085,0.012753394752877917,0.005915391617732342,-0.01321819296658841,0.006128854602729373,0.010859691823418017,-0.022404111236694134,-0.04014164884154392,-0.01908350023172693,-0.02435624949093344,0.03196912367306208
7.768,-0.016275498572052634,0.007221721002885104,0.02295103402552409,0.005094736196317614,-0.02037546805784364,0.014303955577876016,0.01648436523524919,-0.00966949087822048,-0.03637504204958462,-0.021251060103682932,-0.030135694475453095,0.03244444493639921
7.77,-0.021252021455309206,0.012420756713347234,0.03295946132574197,0.005978724977877479,-0.028325696317171075,0.02104047965269918,0.014901138120133457,-0.017842875176583506,-0.0438475148913898,-0.026798972547108266,-0.03690162308744226,0.028408489175362078
7.772,-0.02156965279819924,0.006988259400798971,0.02808692627224572,0.009721721151557824,-0.02643571930524627,0.015574532957679223,0.014125009656773834,-0.029084859778929394,-0.04765614958715891,-0.030851964238124866,-0.03787477684174925,0.030069042553150935
7.774,-0.020636017035975972,-0.004741304023439478,0.015817503005655154,0.015462927785598402,-0.0198447135575862,0.004154940637452808,0.02038661801887729,-0.0225119541110871,-0.041279635177476605,-0.03540077602820804,-0.035030457025081944,0.039378712468331516
7.776,-0.02526453830493856,-0.010548750711812663,0.014860515707662543,0.02052309483116216,-0.021592608376015766,0.001568192156204481,0.027162633256903858,-0.0053695143327640565,-0.03563017413945524,-0.04568882552965322,-0.036084537333012645,0.0464928782960815
7.778,-0.034405310146535764,-0.0059118452337805424,0.028624374281378675,0.022572932203085254,-0.03315848721141593,0.01099182146297827,0.022963819388483978,-0.004533538688042038,-0.04356336318964008,-0.05960970487633733,-0.04287298589744258,0.04235075643450088
7.78,-0.03880582453835462,0.00022385954578570951,0.03914191867368455,0.021586570335530325,-0.04071531774435874,0.018738628394155184,0.007782542240094774,-0.028576192720094814,-0.06090225614728449,-0.06599307188587314,-0.04773350150660688,0.03141714998054854
7.782,-0.03323962168386104,-0.0025380968786415953,0.03096321724605226,0.019736087940715026,-0.033633334995004725,0.012466615768648515,-0.004376974276584813,-0.05271148720135207,-0.06926879666827791,-0.057962542361679845,-0.04434250142565891,0.02706839244129486
7.784,-0.024391956492381444,-0.01134317169171338,0.01345035309862762,0.018969998854223676,-0.019985737540768198,-0.0008803509891549418,-0.001311800020463899,-0.0499360806250873,-0.05948742665531547,-0.04283197219505451,-0.03698623290498107,0.03465516216745371
7.786,-0.022511077542495313,-0.013674735647700765,0.009117306697373711,0.01891679255131779,-0.016536825410613035,-0.003791230242508041,0.012396150515502276,-0.027291542048335102,-0.04515166431463319,-0.033838693036072405,-0.03472386426164486,0.04509530486942125
7.788,-0.027702676324058005,-0.0056935676749527014,0.02202886724530703,0.018040929584471673,-0.025857374845132966,0.006999720381888463,0.02051851760092455,-0.016628534204746734,-0.04514940657275988,-0.0355083438809437,-0.039200982832802427,0.047263069986189406
7.79,-0.0307150150871359,0.0016347076425239876,0.032354533676645654,0.016667615872838316,-0.03323151956626391,0.01576576901656575,0.016089151685696464,-0.02997735696996565,-0.05691979793559786,-0.04048190999961148,-0.04200103170819527,0.04250143007326528
7.792,-0.027044359748637274,-0.001612583834469258,0.025813228972313043,0.01689130388718951,-0.028300356922806958,0.010540858796892575,0.010256817014389338,-0.042735144204643076,-0.05988428977434801,-0.04033763635139228,-0.03534707285766522,0.042130793440501274
7.794,-0.02271894259043701,-0.009582856809016434,0.013926972189709242,0.01854679274898687,-0.019432793219534148,0.0003206327899287583,0.015233329180811786,-0.03031674090313648,-0.04598010250879287,-0.03713351517229474,-0.023903503996229276,0.05123318562517281
7.796,-0.024813100307590052,-0.00851651333047707,0.0170363107711648,0.018539042595352787,-0.021242733923154608,0.0025611840033102494,0.02587985540365318,-0.00461372448791223,-0.033230844793212956,-0.04046860212640618,-0.021421631140415794,0.060793833459805394
7.798,-0.032005076959640166,0.002923991563858719,0.03518837483110361,0.01627084548840808,-0.03400019629049026,0.017883609663311623,0.027002133620833445,0.0014539734889768732,-0.0425148399738718,-0.052779390822394925,-0.03299315569455965,0.05956640139474794
7.8,-0.036283671388146616,0.010083515762940738,0.046297160954430046,0.015388702841281765,-0.042232416965074564,0.027201035016693766,0.01530263856775585,-0.02197571380166502,-0.06851397559724555,-0.06312852852523568,-0.04539960254955935,0.04989599451358088
7.802,-0.03241855409717813,0.0022119538949687233,0.034730556015738066,0.017882199215629013,-0.034569184359992504,0.017128184263916577,0.003960453677357042,-0.049168071416574546,-0.08404730190622711,-0.05914059824846441,-0.04196408260550186,0.04520596319800102
7.804,-0.02441754711754673,-0.01236342037620801,0.012467160069473085,0.02078014589626666,-0.01913169239839185,-0.001360995300150035,0.004734960268648639,-0.051937825956964806,-0.07324253589056669,-0.04232989593437395,-0.023764929326845596,0.052560787362276325
7.806,-0.020319512530088544,-0.01711402739617265,0.0035771750220800445,0.020240923907414304,-0.012859211426727926,-0.007606290587178014,0.013773833870476785,-0.033454363503903344,-0.05096329129894876,-0.02858730184200241,-0.00791858739653835,0.0641739156230792
7.808,-0.02141757271101241,-0.008676196908763813,0.012776677911181686,0.016168174954928723,-0.01877022358146498,0.0014654149594794767,0.018198696893723918,-0.02092637644344414,-0.04310004651162523,-0.031519612159449095,-0.006815623070676574,0.06822983431727252
7.81,-0.02181467478326798,0.00024675752227374157,0.021881914087016244,0.01208675629614486,-0.0239279966146427,0.009689655135943581,0.01340731494338231,-0.02776763896586723,-0.0528884405485366,-0.04569649741208906,-0.01587969627082163,0.06449991418681547
7.812,-0.018819536941717167,-0.0009083162279780633,0.017798775294111824,0.0114193839149559,-0.02022216583215748,0.00618403373290469,0.009169307436351082,-0.03607765769764507,-0.05933909734524282,-0.052885202178002064,-0.022163783847144746,0.06397966726388472
7.814,-0.017148895845593523,-0.00702435731392262,0.010187479471407206,0.013804032191006451,-0.01556165355140705,-0.0003230601638903075,0.015353372293324436,-0.025151677483030137,-0.049512025058642425,-0.0460007590151944,-0.021646311580422614,0.07241670134634356
7.816,-0.020840082029526467,-0.005279359806493442,0.015772846694305204,0.014905505761883838,-0.02058241053234899,0.004591982070357099,0.026184761802987927,-0.0049651534541724045,-0.03696488813985401,-0.03666471340039297,-0.023377242051910618,0.08081373696280023
7.818,-0.026692196404332093,0.006976689796783727,0.03399096892562368,0.011514856187108641,-0.0327368950929437,0.020428569636959912,0.027147187274825107,-0.0043866304513465685,-0.04165256897790466,-0.036084684972740685,-0.033817811597807855,0.07661090155180748
7.82,-0.028665431950541734,0.017413415873025227,0.04633412039387335,0.006734458109795627,-0.039282810551299396,0.031408484309145335,0.016141340191315485,-0.030276523797785563,-0.06167800696850612,-0.03911181576308344,-0.04405840188485117,0.06043744159402222
7.822,-0.025567262094053477,0.01392125843494751,0.039390381279669574,0.006576132008091229,-0.03341614182954988,0.025877308571783324,0.007480248693368695,-0.05580449856798301,-0.07524614907103974,-0.03428207028665496,-0.0412240151754738,0.04595833395728427
7.824,-0.022424782072023332,4.9927204718412413e-05,0.022033523727378726,0.011973592731673546,-0.022932815856646156,0.010494462647472044,0.012236550642064099,-0.05441730730703977,-0.06931260941070497,-0.023910779552974635,-0.027686647145393792,0.04267634764558351
7.826,-0.02480263271652435,-0.010028604302256943,0.014412343062674459,0.018160441167105853,-0.020867428384528156,0.0016154833416416603,0.02353384281647865,-0.03351017948210739,-0.056010973532120756,-0.02292464399737061,-0.018168434470171753,0.04480644682976949
7.828,-0.032278036546566795,-0.010335841264568378,0.02204055827244332,0.021735892193392864,-0.029036287810732576,0.004690114872372158,0.026714772335450054,-0.02367443623825852,-0.05493299045592184,-0.03600904322639287,-0.019857386343492624,0.04132149987647108
7.83,-0.038893942884721124,-0.01028444273968468,0.02912137279806666,0.024902953944817344,-0.03581611631131331,0.007980445715657621,0.018956690570275197,-0.03806257802618348,-0.0663648498947382,-0.048400318326374606,-0.025793577123352708,0.03213323070651677
7.832,-0.040002226420688576,-0.01925876635752966,0.02127962556151135,0.030498660859665558,-0.032056193814361214,8.303775586765784e-05,0.012172606741881933,-0.0555424999573133,-0.07270651681055595,-0.04625943386134361,-0.02766175012431232,0.027937133248084806
7.834,-0.03702039891260965,-0.03048726800043865,0.006745879792751481,0.03545955990679741,-0.02348075212392187,-0.012301744711074682,0.016404798070632814,-0.05030755425889105,-0.0648245442411306,-0.03623125585004774,-0.026486372243223404,0.035189243323298765
7.836,-0.03497431119150182,-0.029250825463244333,0.0056156648797252235,0.03410477257010674,-0.02246510086841322,-0.012583812229045671,0.02593238144636481,-0.02815903446821688,-0.055378891217062506,-0.03594743639366197,-0.028688696079748697,0.04624459034739296
7.838,-0.035968136714501886,-0.013970295788691987,0.021835774206807983,0.0267392383717154,-0.03110185097781498,0.002508405942319141,0.026952748061205473,-0.01913153774598104,-0.061057991733747256,-0.04984867428837684,-0.035923690582158135,0.048448918089076386
7.84,-0.036773884610180316,0.0007104089156518311,0.03745796655183211,0.01982779804732922,-0.038813266282269526,0.017842695462874716,0.016791139224040078,-0.036010170283289525,-0.07885670818728256,-0.06405515362311726,-0.04261651596692214,0.041483744504039945
7.842,-0.03371810928286585,0.0025558218218821372,0.03634655087094082,0.017643052316104753,-0.03639100745746918,0.0193235220636058,0.007690512530863136,-0.05720834923144332,-0.08882006290265812,-0.066242393535324,-0.044155198077355046,0.03764714035807569
7.844,-0.02885486425274727,-0.004392526045204768,0.024511297341540842,0.01839708729670643,-0.027873151347730715,0.010782340971804846,0.010130226454201476,-0.05701930448566968,-0.07991783226582277,-0.06061988492819797,-0.04333619833709545,0.04375489418701453
7.846,-0.028642708672847888,-0.007951810791880346,0.020696987379662187,0.019137635823044816,-0.025602199297894777,0.006725728064695062,0.019000432793797428,-0.040041852153791246,-0.06505932600425478,-0.05757022607293357,-0.04470199354522718,0.05168501550957759
7.848,-0.03454349392714664,-0.00519774783251888,0.029442923804885373,0.020093170791984437,-0.0329257242172897,0.011290647559685299,0.020905302804446628,-0.033132302328973,-0.06420434150560755,-0.056720728343549215,-0.04592165438011349,0.050892973096201284
7.85,-0.03960454493649233,-0.005581653292231232,0.03434265570373746,0.02307350499080527,-0.03825573904329526,0.012827232564327795,0.01289029295201706,-0.046432231611937845,-0.07660075232871755,-0.04957750619992033,-0.04055453466984563,0.04367154510223695
7.852,-0.03825985843640973,-0.01549866106103316,0.02319875691850787,0.02778029923153148,-0.03198592118595448,0.0027126893446191794,0.007156537778648303,-0.05847438472350641,-0.08127928652627638,-0.035904871744705406,-0.028132582119534674,0.041073234907590093
7.854,-0.03381602522360796,-0.02647667058459635,0.0076062089537882556,0.030798256922164185,-0.021299818514425965,-0.00961518450978867,0.014508814956705628,-0.04734477454784821,-0.06731531084139197,-0.027603545581655918,-0.016581200630495105,0.04741066677151851
7.856,-0.03270214155297855,-0.025388023125783865,0.007285688153978234,0.029144829250249478,-0.020180249871561248,-0.008668399986864538,0.028735838604794454,-0.023762801407035735,-0.05086503408197591,-0.03365941557055269,-0.013786245418339494,0.05609583879398951
7.858,-0.03568444383988427,-0.012533572062243167,0.022997585176446008,0.024297477986880076,-0.030171400435887254,0.005398577504039917,0.033303951824415166,-0.01832309256959371,-0.05284341712616568,-0.047052079357690645,-0.019014139184766927,0.059675956238600975
7.86,-0.03775852562845406,-0.0014385185436474083,0.03627665813295852,0.020623061814049062,-0.03887545057455532,0.016690389749617323,0.02216001071083693,-0.039215501263559854,-0.06903033957593813,-0.05159559411167695,-0.024073741770818155,0.05926636296561226
7.862,-0.035081481327065164,-0.0014075589314474222,0.033854465421198895,0.020143682630371463,-0.03638818580966593,0.014423288410931375,0.007594089427735225,-0.06003720656380131,-0.07654721972868056,-0.04120211303650433,-0.022496473435712417,0.062254385617357924
7.864,-0.029565617345316098,-0.0072408355963913835,0.022711229755016785,0.020607371246824404,-0.02702156652449666,0.005506113253280608,0.0049530113001233075,-0.055182650777247426,-0.06586502395593878,-0.027543461430375563,-0.01608733720236212,0.07139593661359214
7.866,-0.026536811214828468,-0.008283834020266088,0.018677300221393155,0.019205615089065254,-0.022673619386370542,0.0034923708824914756,0.013857171443143534,-0.033465080464543176,-0.05255161199286376,-0.025967854363021205,-0.012101961587937646,0.07920707301258283
7.868,-0.028789788255160074,-0.0033910379096019493,0.025644988397592234,0.01719048530780701,-0.02756000977489956,0.010084325415381084,0.02031680389237062,-0.025328758306292002,-0.05535142354123871,-0.03806404044584375,-0.015300160553464007,0.07669639233209073
7.87,-0.03357524131374483,-0.001968236658314422,0.031696788855097184,0.018647885687704594,-0.03360595208435904,0.013609754549481828,0.0168162071782277,-0.04163696450030306,-0.07125334008351412,-0.052799834808033255,-0.023818429894178518,0.06630047066761272
7.872,-0.03638680622501746,-0.009933988200792243,0.026643896595161986,0.024409658063717962,-0.032470508591650515,0.006134569230311963,0.01183072127846209,-0.05948280902851006,-0.08054311775798084,-0.061597566086405084,-0.032091487975024126,0.059769574136111094
7.874,-0.036848499143374396,-0.02018968269264711,0.017031369984400642,0.03002464403760701,-0.027510216819470273,-0.0045169512283100375,0.015906311939398513,-0.05388497475373839,-0.07432627608989122,-0.06510811847888873,-0.03550674166335757,0.06328092348870681
7.876,-0.03799457057606004,-0.021117301397318433,0.017180067257801777,0.030717430320457303,-0.028214646000487627,-0.0047124967957902116,0.025439696944787253,-0.03209287598222418,-0.06571402229715666,-0.06577837002091191,-0.03208230912608973,0.07118462910840548
7.878,-0.039692670396010224,-0.011165650798211073,0.0285511200063564,0.025998724813499387,-0.03520663277064694,0.006869385091981557,0.02687683693538949,-0.024397173237294463,-0.06996211905393482,-0.061099761908314974,-0.022182731290864535,0.07536362044297817
7.88,-0.03733927378330473,-9.492216352949471e-05,0.0370969274124656,0.019148350184931814,-0.03839344584704363,0.017640490065633122,0.015810765964238187,-0.04284958727327615,-0.08215351043723974,-0.04692542286457766,-0.00792203925349877,0.07594376751150779
7.882,-0.029072837632827236,0.0032180220901950976,0.03217791490125129,0.013850037593870115,-0.031234962740862564,0.01723095375589403,0.004575398960934811,-0.06404486102444223,-0.0837675771490157,-0.027039891739900193,0.005996467722272757,0.07865548314501046
7.884,-0.019694603930915797,0.0006305970237941991,0.020205692227718754,0.010831083604167365,-0.020025238047946883,0.009727211072546123,0.006609312165095191,-0.060816600600397765,-0.06951987951925277,-0.017191367429108727,0.01175164090502451,0.084170708214343
7.886,-0.0152032464726095,0.00042872820045542544,0.015260829424186937,0.00829104082332323,-0.015447878439735918,0.006810887865810975,0.018847142544145986,-0.03887607170393636,-0.05673401345440218,-0.0308116576334287,0.00434456618105467,0.08659341439587229
7.888,-0.016888034482249705,0.004007968528629345,0.020312555757685712,0.006841115306544009,-0.01925183485580475,0.011007026969250749,0.026488325759314337,-0.027922319832396708,-0.06248291045617251,-0.05889620898296775,-0.010907537769773299,0.08233617738781143
7.89,-0.02163909823528239,0.0035261724258083245,0.024938486415331137,0.009973967472872759,-0.023958336245537972,0.012945713873373656,0.023219886580936225,-0.040036927084639344,-0.07904516246872233,-0.07549950467741968,-0.022580585103990282,0.07586282701029472
7.892,-0.025978121510841768,-0.004026677704468256,0.022581648568473674,0.01716805470825727,-0.02459543860818762,0.007707942982146279,0.018995892872813048,-0.05359899123662207,-0.0829175742181459,-0.06634197106877937,-0.025755094797398778,0.0747517439058644
7.894,-0.02941367657253398,-0.009074844241299292,0.021521686742319027,0.02199079413228254,-0.025673272922462166,0.004713885300542325,0.025357819603788145,-0.04495387608881461,-0.06614384942516387,-0.04374958607382813,-0.025701003029541373,0.08030298773162113
7.896,-0.03354969102919928,-0.0019046859581121134,0.032520869078803756,0.019873092291254103,-0.03362385010800193,0.014464054731839378,0.03903106376687798,-0.022494880877733492,-0.047511849170759776,-0.03190038857373795,-0.02852566342131856,0.08584159647491729
7.898,-0.03785989597554333,0.012846788791256829,0.050811533711481796,0.013639869547778667,-0.04532971892740072,0.031596290492476115,0.04655160473346256,-0.015867096825726793,-0.048828148065320806,-0.04058180647859495,-0.032581134615282586,0.08492855003444101
7.9,-0.03853872277155923,0.0214768822547354,0.05967228857056084,0.009013830387846816,-0.05015600899096989,0.040074703688557554,0.0437123342100412,-0.035272844628975605,-0.06641592576269287,-0.054270362292083596,-0.030600200806338095,0.07960187221270258
7.902,-0.03353258461317303,0.019058413557401066,0.05236461621083005,0.007607153957123218,-0.04416717915124808,0.0341179478398429,0.041958243473064656,-0.0565100056185432,-0.07530851560100088,-0.05022296340259986,-0.01815314682000747,0.0790564574834324
7.904,-0.02742786277326725,0.014542506501335064,0.042038115682890495,0.007181596333599606,-0.036668626784071574,0.025822565006335722,0.05224077827815017,-0.05251792905963426,-0.06237873785276418,-0.027733609387702488,-0.0004039798003320757,0.08830734501920864
7.906,-0.027214647900343916,0.01775559614773193,0.04512302554369443,0.006246043492723606,-0.0387271315193707,0.02920915024366807,0.06954174001512627,-0.028753604202141098,-0.043929225795360974,-0.01054667256415462,0.009548161364226159,0.09935045789217203
7.908,-0.032546287000763445,0.026970456970144677,0.059553189828430934,0.005200417892248208,-0.048191555665099625,0.04185176170456758,0.0798081414009929,-0.014760150653446845,-0.04247027745666715,-0.015597110919343548,0.0038479644720447017,0.09994819882525997
7.91,-0.03511589189689845,0.03200305986867942,0.06703160981882274,0.004472582714893388,-0.052019028365144646,0.048344122895875176,0.07883462377193023,-0.023743209837585193,-0.05521035058737968,-0.031134865442367005,-0.009255255485178051,0.0913391692238925
7.912,-0.029682553217864165,0.028124435157590447,0.05762468459934802,0.00356613083573005,-0.04385661408026778,0.041301750452052095,0.07603175538907986,-0.036319301261053184,-0.059863922102608345,-0.035892355424264326,-0.014931943214223793,0.0872616067322732
7.914,-0.022305620932930065,0.022663607024543963,0.04465312151604534,0.0021994199592418546,-0.03398193558723895,0.03188436627970829,0.07922929622680198,-0.03008844376525169,-0.047855117094951063,-0.02892548756299795,-0.010324983116588297,0.0940701453422095
7.916,-0.023797440180135535,0.025548600744633478,0.04895663773420834,0.0013406108399141455,-0.037609335048921465,0.03578225007559832,0.08315072848985043,-0.011853044140738673,-0.036169791133737354,-0.027173502587083682,-0.005451738456919244,0.10257846483112021
7.918,-0.03497524388608336,0.03590168614864902,0.07065300832188777,0.0018733872311593642,-0.05445785286860094,0.052185448578444725,0.0764597545735488,-0.008789680898731746,-0.0436269613194827,-0.038981530055498176,-0.007253695270581675,0.1020743168843395
7.92,-0.04407418587571823,0.042022348065620836,0.08626196838035725,0.003238017337840686,-0.0669655716574074,0.06308587559780185,0.05727246644599855,-0.03193631565685747,-0.06526115777938438,-0.05206323251412571,-0.010743744753105463,0.09458922828707726
7.922,-0.04138312660937417,0.036445656745519334,0.07842158815244452,0.0038736903536805804,-0.06199812104506821,0.05604739523510875,0.03605020987701803,-0.06051070858431562,-0.07794354515622406,-0.04974351016759263,-0.007500963526619955,0.09172517322435916
7.924,-0.030451850974783125,0.026962495326696968,0.058207409868627345,0.002030931765867235,-0.04661784348509219,0.04087235525821364,0.021844660499464805,-0.06784123326460662,-0.07008140241868001,-0.03257339479144193,0.0020755050753785012,0.10041603432190148
7.926,-0.02119070570619981,0.02692847293337786,0.04862712046996282,-0.0030170463039193335,-0.03669035191387833,0.03621556010227299,0.012060733319403742,-0.05499864826959143,-0.05650424364514809,-0.0179064136456981,0.008796033193889932,0.11473278211346703
7.928,-0.01705586508151218,0.03703178218931753,0.05393617381759461,-0.009387420538481862,-0.036353418964604506,0.044523833849790195,-0.0007474537857228283,-0.04723612743811655,-0.05796916632955673,-0.01960379151207067,0.005628178391912665,0.12239935221730378
7.93,-0.01412009705199185,0.04481283217425867,0.058333933436816546,-0.013490162039018976,-0.03682008467078686,0.05119044686639108,-0.016860361470493232,-0.05797830882362776,-0.07341125626134604,-0.034618567614551884,-0.004796659322054754,0.11925187019449471
7.932,-0.009569926979450883,0.04296063426081404,0.052070993897662746,-0.014164204534644228,-0.03213530929506157,0.047392412491755805,-0.028166515347776182,-0.07055782070028352,-0.0828616350076248,-0.049899596140906194,-0.01348656045720987,0.11486296468615308
7.934,-0.00604770328269298,0.03889426817615017,0.04483478723680415,-0.014070119961725256,-0.02742619326478578,0.04157018097370893,-0.028382069396438708,-0.06371860870900961,-0.07468997562355766,-0.05558639015073683,-0.0133210622390662,0.1203375621411686
7.936,-0.008006535242592518,0.04252322228890432,0.050421493362313725,-0.015351805043036274,-0.03085502465359165,0.045431926377358905,-0.02313194052106746,-0.04488076407790636,-0.06056231177446826,-0.05021970740730143,-0.004565459501713366,0.13237714108707482
7.938,-0.014960074272075054,0.05199281000747712,0.06650881952619701,-0.01691149723769664,-0.041561163513575486,0.05718000055024775,-0.025955143214004897,-0.04300857234871973,-0.06093897114263846,-0.03936941672178949,0.005834797990245695,0.13655218425394017
7.94,-0.01967406629997151,0.05607305902073914,0.07508884493695331,-0.016915668891313577,-0.048157791486192175,0.06313305449473064,-0.04088758492196676,-0.0687969620791031,-0.07917413597784821,-0.03139099832195217,0.010991376512655549,0.1273402783404353
7.942,-0.016011528393654353,0.048207098281809,0.0637260328300516,-0.015255923830413892,-0.04139765727455263,0.05438883872147636,-0.0546562215461514,-0.09735479062318145,-0.0962805482955812,-0.030904520133062472,0.010197790915894182,0.1164360808070075
7.944,-0.007257352470126464,0.03552392020972403,0.04266653579979365,-0.013527042601911551,-0.02696867562646803,0.03895159251767722,-0.0527029795009708,-0.0986675257786075,-0.09465405420326309,-0.036089587038240216,0.0066729990831981036,0.11730292102654827
7.946,-0.0021937236241891117,0.030922661038116014,0.03325491764997761,-0.013501936764348813,-0.01954718415327102,0.032657721104800565,-0.03848787104885936,-0.07574693784829778,-0.0810646153810739,-0.04388210710622965,0.0011777942203656103,0.1277406505920141
7.948,-0.003320410450437105,0.036451428916195044,0.03989793423366921,-0.015304606387705758,-0.023281111673688966,0.03824012639645269,-0.028868304907282444,-0.059349850025251144,-0.07680673344463783,-0.05314288038354569,-0.006942049366672608,0.13403918546229987
7.95,-0.004355515624223032,0.04099600020290765,0.045343864752953704,-0.01728004621053791,-0.026718198237007912,0.042224192318080674,-0.03146728073789115,-0.06570457419080593,-0.08703111098831902,-0.05982775694186987,-0.013768610634196671,0.13031713920274063
7.952,-0.0005112836385119062,0.03588160473120819,0.036323281554919526,-0.01752506492807405,-0.020170705535066218,0.034721515372845964,-0.035424087305176086,-0.07609524524223431,-0.094181138448923,-0.05642411529382662,-0.012901631755732812,0.12531667645973255
7.954,0.004481960173869457,0.025630303212717222,0.021119234060531473,-0.015425517086717744,-0.009295954136348518,0.02229219706120912,-0.027612762399978036,-0.06667518362357466,-0.08539027029056262,-0.041783245286961125,-0.003577397602495379,0.12836879928749967
7.956,0.004233908848041127,0.020085653388324066,0.01587543641498934,-0.012035246414786387,-0.006247061690869783,0.01701483072260947,-0.011811067197257455,-0.044383216866317576,-0.07195160560585721,-0.026016243476045572,0.008541613469883526,0.13663854770677072
7.958,-0.0009310210298905619,0.020760618876711913,0.02171870961227113,-0.008879572263863315,-0.012389666389035478,0.01976289195506273,-0.005528278078128443,-0.0387743294902497,-0.07345637175908089,-0.02072246878210879,0.01791159833234525,0.14036737077621741
7.96,-0.003959323885258207,0.019995999347167653,0.023955328518494554,-0.006610187243681618,-0.01633084672795094,0.020088640247035463,-0.01757235239128019,-0.06221280804741104,-0.09143162942967649,-0.027522991818726104,0.02269839343664426,0.13647446115000086
7.962,-0.00032696640226598543,0.012786083833229716,0.013098298988993047,-0.005166877194365852,-0.009582071135096081,0.011375106936203843,-0.03532434289430243,-0.09200919167524574,-0.10826035227964965,-0.03849660898858814,0.023503210000038684,0.1320042868428467
7.964,0.0054084297398426925,0.004226423779381119,-0.0011890488745828999,-0.004211213452776636,0.0011901996324360517,0.0006896557914205395,-0.039647782608808226,-0.09793593508829657,-0.11005912587798887,-0.04650726045214151,0.021464091260533107,0.13361396576225235
7.966,0.0038520993543431784,0.0018542954395771585,-0.001971178639981273,-0.002136393228762658,0.00166218299015568,-0.0004734713999816837,-0.02826147734004046,-0.08010577675687815,-0.10281502604706698,-0.05234662223137707,0.016851042633506716,0.13706969562502233
7.968,-0.008386238708652795,0.00384342187800164,0.012388996674757373,0.0037061338706406636,-0.011639757329003384,0.007279567885162887,-0.01632822438764553,-0.06749566517109123,-0.10186871572935983,-0.05887906626994496,0.009480771557084208,0.13238928904186914
7.97,-0.023316372415522875,0.001650111032298106,0.02542556540991617,0.013051912375333794,-0.025897639247147212,0.011688769440141088,-0.013736133618397373,-0.07696349566383774,-0.10912384470722052,-0.06256796869753073,0.0016972269440842219,0.11978288862433326
7.972,-0.029917881509702048,-0.006114331997763906,0.024550421242993885,0.020463689595023378,-0.028348175467376745,0.006797684074449446,-0.012133921010957036,-0.0899565747928542,-0.11054542292020662,-0.05845621320545219,-0.0019646346424271894,0.11168703402083432
7.974,-0.027009817111669256,-0.010363989967880925,0.017322277806099476,0.020483342208106423,-0.02236500043044073,0.0016761387097746546,-0.0005249584198997909,-0.08189584118860148,-0.09893429733436737,-0.05100020709022459,-0.0013377585032139357,0.1152604063898649
7.976,-0.023457354048117697,-0.004245691408537131,0.019442440547787904,0.014514277308949632,-0.021091577636500405,0.007070152603801363,0.01529960037023027,-0.06052052960656823,-0.08838733687316712,-0.05129676853305658,-0.0027944963712342916,0.1217178841160571
7.978,-0.026231089382216567,0.006149575869796738,0.03223249492723164,0.010043419775391133,-0.02901463304866054,0.01946802806954651,0.018823227252903623,-0.056421731017958714,-0.09695490978234163,-0.06230011365134265,-0.010080210881898397,0.11821412480770042
7.98,-0.032730956966761225,0.007875362163495134,0.040550714877298256,0.012714644319361494,-0.03697640221330099,0.024497152623985448,0.005187300836458422,-0.07987076506314768,-0.12010080610783358,-0.07334522312664982,-0.01736303578764648,0.10479774227099249
7.982,-0.03576650532070973,-0.002954613822293767,0.033252871210567705,0.020349811826603864,-0.035397444214231036,0.01512840956518012,-0.011687187728909159,-0.10536776329876192,-0.13376994458145947,-0.07274234072395808,-0.016910871246839303,0.09357426608801817
7.984,-0.03342262486727158,-0.015199283279974406,0.019075511081137968,0.025743758693906264,-0.02735851713116167,0.0015999566600026017,-0.01615733926898,-0.10469262823244117,-0.125078601261553,-0.06232311519997546,-0.010263684471358277,0.09225529959189295
7.986,-0.03119747257711454,-0.015711320370005694,0.016223050314215566,0.02517261656840353,-0.024691981273044148,-0.0005106753350048834,-0.008842585652480183,-0.08294294670451306,-0.10833203609142378,-0.0565690074777519,-0.006701201750325803,0.09422447205851064
7.988,-0.034182414327780554,-0.006685502571877708,0.02772157638027608,0.022595809168137086,-0.03177836287881719,0.009287704595497766,-0.0030138658941100223,-0.06993842746279841,-0.10463573062648256,-0.06662026819671335,-0.01152652743087336,0.08820242037038221
7.99,-0.040424370556127985,-0.003192376381375735,0.03714696586982329,0.024072303822588924,-0.039526088563975624,0.015552660520443693,-0.005057165582120853,-0.07924820539042127,-0.11380445218273696,-0.08577496301928408,-0.01939873832332675,0.07512400184539429
7.992,-0.04463866099759378,-0.012347601759921695,0.03240282737878205,0.029847271884737094,-0.03909544746291985,0.008707597454209418,-0.0059060230462919675,-0.09120198304844715,-0.11766566905031604,-0.09683807431306765,-0.021791791879729093,0.06776416465562345
7.994,-0.04628055287205417,-0.024216219766879075,0.022491144689515963,0.035202854902116575,-0.03483764098149552,-0.002047331955594254,0.0036785389413396307,-0.08313827440582401,-0.10925685829723102,-0.09491678782452331,-0.019656108375597857,0.07182918459745978
7.996,-0.04924964776042585,-0.026413042392268094,0.023186540983079994,0.037220199193154294,-0.036747636328175064,-0.00278405974014079,0.016214151171827257,-0.06271078611278971,-0.10415711243686769,-0.09099134235859091,-0.02271041755273881,0.07699513374091753
7.998,-0.05395753471622857,-0.019965624910510817,0.03388846648033367,0.037017731495502144,-0.044680385227452435,0.0055978649602040405,0.015905775151207356,-0.057427155312824794,-0.11685700422300706,-0.09136245219831186,-0.0349461745240231,0.07182039709926091
8.0,-0.05517318209539229,-0.016625422946895063,0.03803717221922418,0.036845963601244154,-0.04783234448589535,0.008837141899452323,0.0020127219283143706,-0.07624361618627042,-0.13769507750047777,-0.08940661396408224,-0.04763277047510238,0.06009269469111635
8.002,-0.04939765435683815,-0.02310693976029571,0.025736035600879646,0.0374520971479886,-0.039570493927764426,-0.0010043297294965812,-0.0077615214615411815,-0.09646879179656136,-0.144297072072192,-0.08021339659421299,-0.04953018954295492,0.05580551154121226
8.004,-0.04172672402714422,-0.032470268165030715,0.008913696384497788,0.03830354840331638,-0.02798369492282838,-0.013728323905766848,-0.0005063859450402802,-0.09454746024636182,-0.13158775563716696,-0.0707657364378182,-0.04000807116273364,0.06413839980227404
8.006,-0.042054346125528004,-0.03413305797806314,0.007722508198198147,0.039518370813590345,-0.027493242000237852,-0.013956676859164447,0.014588763056763076,-0.07913716154920984,-0.12009489868828271,-0.07307874710840824,-0.029830608985455052,0.0730652233700886
8.008,-0.0524923233902104,-0.029455841280052936,0.022906006994801015,0.04233114038100997,-0.03955774784385441,-0.0032037291200396186,0.018735498856010568,-0.07907810845141829,-0.1299936786057165,-0.09077188609511015,-0.029633195459688316,0.06782825488207297
8.01,-0.06278283381750438,-0.030475329638984746,0.03240570545147156,0.047250775065993685,-0.04888279423850789,0.0004276646655135126,0.008431527749460327,-0.10114331216229781,-0.15287975935288847,-0.11240755946689743,-0.03900367323035579,0.05137367372731278
8.012,-0.06277204812751798,-0.04251061486904598,0.02065970765105906,0.05246104569761794,-0.04333446180593368,-0.012951416355877349,-0.00042716936043099465,-0.1181976289715797,-0.1615205323056894,-0.12151686504036248,-0.04820940458498367,0.042186419589752014
8.014,-0.05588208691217239,-0.05589986938630429,0.00046623685026397465,0.05554226115675913,-0.030629120572476607,-0.03068016612643919,0.0061938385191936335,-0.10627461936637644,-0.14706732413942786,-0.11488570842887422,-0.04921214989574201,0.05044885671972697
8.016,-0.054007172561828035,-0.05839239603936505,-0.004004624584085523,0.056422357210592404,-0.027744164683144782,-0.03403685501390052,0.021899488009696228,-0.07890455614265142,-0.1313655648257221,-0.10471433144138631,-0.04237142299324862,0.06515336253801139
8.018,-0.060164624554136466,-0.049879769872941675,0.010549392573159564,0.056335207376602525,-0.03741152401813046,-0.02186689694214127,0.02836722252423092,-0.07075443310112932,-0.1371500134067221,-0.10114720947039249,-0.03299884415878094,0.06957499043040796
8.02,-0.06441574503144122,-0.04104647207378472,0.023512817365381973,0.05518133713799739,-0.04494523495682278,-0.010392293886245064,0.019975856094594846,-0.09238292426046868,-0.15790920409525697,-0.10069656096946321,-0.02484914750881621,0.06285013333065917
8.022,-0.05845899088214369,-0.0393653939335185,0.01907514222744649,0.05185986777038311,-0.03908638917905308,-0.011555421996631003,0.010421819795916682,-0.11663273980471077,-0.16749051430354991,-0.09600707441382587,-0.01888592172950658,0.058661443765746696
8.024,-0.047010357592111876,-0.04037305224198544,0.006413041970427307,0.04612563578374239,-0.027147012302409405,-0.018671524135081496,0.012574376042960996,-0.11393576774496805,-0.1551133444119568,-0.09128369073174628,-0.01678098286254583,0.06502361422873511
8.026,-0.0418313064496644,-0.0359572881688467,0.005372262875826321,0.04010271355256616,-0.02486658493616424,-0.017558735157820127,0.021312380056462726,-0.09012260405966725,-0.13903245532061645,-0.09955363084544991,-0.022498897336345552,0.07299597101365096
8.028,-0.04745457369939499,-0.0281191300927728,0.018622489867153702,0.037828583088146975,-0.03531341500528094,-0.007456214769211308,0.02283663165940445,-0.07747468465906876,-0.14097855797590733,-0.12234757438927805,-0.037586734122252476,0.0687665238547662
8.03,-0.056870736000152265,-0.027893493507445043,0.02843907220138973,0.042007374533018935,-0.045399039257749955,-0.0025025212076266456,0.015719470196346157,-0.09034720381667691,-0.1562780128792423,-0.14125866128037753,-0.05530876742899144,0.0535181866722356
8.032,-0.061610353047608396,-0.04050996190799477,0.02109529351341098,0.051088218599627824,-0.0438757874685004,-0.01221954581586384,0.013103597392963564,-0.10650116538584761,-0.1616570502539708,-0.13804887806529054,-0.06416123024053229,0.0438412281161105
8.034,-0.0613753231104005,-0.05699741197609224,0.0047625402871405735,0.059970834583354705,-0.03517246020546657,-0.028184314733887664,0.022956833419039355,-0.10043810002798856,-0.1489290957024763,-0.11739273719106805,-0.0598078624128849,0.050371124181400335
8.036,-0.06180822685049449,-0.06355564766259038,-0.0013880960508744226,0.06411448957136016,-0.03199660076614456,-0.03408728803603235,0.03491521486967312,-0.08045571351810986,-0.13589524336682396,-0.10141123678612075,-0.05002541635462176,0.06353051294181697
8.038,-0.06504467472110713,-0.05734652798418679,0.007859090585715546,0.0628944005439157,-0.03772563456083238,-0.026090237481628146,0.033060788807995595,-0.07693344950729326,-0.140673886437182,-0.10315535212044649,-0.04440322138366706,0.06672994754644612
8.04,-0.06589628942131424,-0.04901696379200978,0.016918846949525716,0.059029402665776436,-0.04176021532079064,-0.017384352436198052,0.017857222192200525,-0.09895586258858033,-0.15661556774264873,-0.1119296470255112,-0.04254504411595946,0.05880466468362329
8.042,-0.0597495916005676,-0.04870871841175336,0.011041032311373138,0.05567707539992366,-0.03492134356000673,-0.020324967899158043,0.006642334041090404,-0.12040211937339387,-0.16158633477993373,-0.1084680529949715,-0.037486595896233876,0.05432320955428768
8.044,-0.051079614635713075,-0.05357447080344408,-0.00248467750452193,0.053879828446374345,-0.023760368514310327,-0.029670333575498847,0.01113981137053454,-0.11480204789049044,-0.1481435761855998,-0.09225798235644243,-0.028790287906953222,0.062233271731495364
8.046,-0.048979623695561726,-0.05369186422457039,-0.00459124264935361,0.05276821432148388,-0.02239362677321174,-0.03084234491625724,0.02282460921207732,-0.09104031785382774,-0.13422208531143737,-0.08519603403493148,-0.025712530407484526,0.0728772618651014
8.048,-0.05489523474926044,-0.04794107467604993,0.007280346989802844,0.052214778196526826,-0.03229047753031662,-0.022145617753932662,0.025539154406682477,-0.08107300634626625,-0.13917349176146365,-0.10109895359729612,-0.03438381655822211,0.07142486656763804
8.05,-0.06033168685275351,-0.04562618557458097,0.015132824035939484,0.05326433908858914,-0.03947174462062366,-0.017266316441142127,0.01708077044908285,-0.09573116729404796,-0.15647476729387821,-0.12170597525474026,-0.047077708389566125,0.05923178254556829
8.052,-0.058562640741807094,-0.05162790254530951,0.007215389525769144,0.05566699284669469,-0.03421038199072741,-0.02414860358923189,0.010868760452994198,-0.11035778914079344,-0.1622391500664242,-0.11948082522931708,-0.051607368579574125,0.05170493078232917
8.054,-0.05370525767667534,-0.05882247839783166,-0.005012509627920676,0.0576477254710011,-0.024676010982524612,-0.03339351896085272,0.017107719785507007,-0.10095112408899821,-0.14863108773330913,-0.0971655603018175,-0.04848775117586321,0.05586774279091358
8.056,-0.05493518383682866,-0.058496559796041625,-0.003359976137279564,0.058701357631980325,-0.025574631766649987,-0.03224057505987444,0.02893813304230729,-0.07900559973369564,-0.13481843245502215,-0.0848850887715108,-0.04962549384223538,0.06058823011089416
8.058,-0.06406609523204396,-0.05214457822483726,0.012411685470323335,0.060063981999055605,-0.038510425626045536,-0.021782277806537638,0.031334752737982606,-0.07571767101519924,-0.1406342775648759,-0.09860975967950568,-0.06005714812911182,0.050072781147525516
8.06,-0.07222102148081855,-0.0484870865386309,0.02434200260122647,0.061768118594339415,-0.049688961144936906,-0.014584174631971872,0.02140729044224632,-0.09790327210270625,-0.1592027317247466,-0.11935080923219928,-0.06941705884616603,0.020857893356904324
8.062,-0.070340928795969,-0.05176875668697049,0.01891687680974713,0.06200511642375801,-0.0469087480322026,-0.018628418095708553,0.01244061819101106,-0.11778114683775603,-0.1656626248226638,-0.12060039515014201,-0.06471081808818833,-0.014402040686488583
8.064,-0.06083350226088716,-0.05710483659124447,0.0036443164654948236,0.0601111827040452,-0.03445363127676641,-0.028228203652422963,0.015521426014525061,-0.11074789464835709,-0.1501803748182391,-0.10278389021555843,-0.046797320674813084,-0.038156653554795646
8.066,-0.05412968005036327,-0.05733718164069439,-0.003443593043911838,0.057655454394606384,-0.02681448536523698,-0.03176616084644012,0.024856279337873977,-0.088103553549187,-0.13105718218220494,-0.08794800369585289,-0.0300562302929788,-0.044946994122935124
8.068,-0.05406822336132714,-0.052568373492975204,0.0014204712206721726,0.056032301321208434,-0.028806956772935554,-0.02713912368270512,0.026964970185086444,-0.08036251370984941,-0.13077297329046586,-0.08837589167797283,-0.02609256290722109,-0.04522883501039775
8.07,-0.053324342533666635,-0.04960606229034347,0.0036742876495076972,0.05444012071304585,-0.029992985354854496,-0.02428740634571716,0.019899074558137973,-0.09495874818346449,-0.14615769305463247,-0.09470143379224312,-0.03121067019782084,-0.04930767092208047
8.072,-0.045809418870023474,-0.05154500319597386,-0.005977041396527499,0.051193374766633874,-0.022006508928754723,-0.029751471477524674,0.01547250858209063,-0.10705207723349265,-0.15314672824775866,-0.09412544134127598,-0.033719111866623484,-0.05463884879304582
8.074,-0.037571571723190984,-0.05376426299866899,-0.016502834663421007,0.04730449031166233,-0.012486365961032095,-0.036410074161463926,0.02212583352293593,-0.09581968256855537,-0.14059574787374896,-0.08923102771401163,-0.0313343234992042,-0.054970802256151106
8.076,-0.039576241719862675,-0.051454441594858916,-0.011959481186928122,0.04650123636898783,-0.014785924214717505,-0.03356993768570402,0.032656165154877584,-0.07461253966903893,-0.12608588866342715,-0.09290291449692051,-0.03359787096770693,-0.053811421915697086
8.078,-0.052149622679449385,-0.04619907434961965,0.006192898616714827,0.050156436084636685,-0.02905159064186241,-0.022033712354402376,0.03343571951564623,-0.0727078307698896,-0.13160238170335264,-0.10848410782056349,-0.04574626041494655,-0.05965957491416242
8.08,-0.06341175353583149,-0.04398846392866976,0.019867155271894987,0.05502620767374334,-0.041272730123692196,-0.0139396360333566,0.023619037953732543,-0.09355509833725487,-0.15209997224899272,-0.12280524057502132,-0.05842827202019889,-0.07150773671507996
8.082,-0.06417681505168969,-0.04745642431212781,0.01714147983125527,0.057118180592453584,-0.041256767260664406,-0.01709033821228462,0.019186753173509256,-0.10653185261105959,-0.15952348600981064,-0.12146088977461542,-0.05883529435698908,-0.07818094270966845
8.084,-0.05905369566877771,-0.05094852005326119,0.008296701009680312,0.05567533497205118,-0.03569494507963355,-0.023484287925088776,0.034357367291526386,-0.08456102874902573,-0.13782027230710167,-0.10691951179133738,-0.04801015632353195,-0.07348184574318681
8.086,-0.05895728758596775,-0.04698646997539911,0.011936968635192405,0.053024302409434426,-0.03810909740734085,-0.01957381150699429,0.06335381153172763,-0.03998298110892998,-0.1035141980647446,-0.09642669955676428,-0.04052230839761519,-0.06593836856813262
8.088,-0.06591079621525169,-0.03813665532306231,0.027801987925255674,0.05210342307062373,-0.04886869272652952,-0.006522747106672017,0.08715722213155636,-0.011814999631257761,-0.08559712688118469,-0.10072644443756372,-0.04627850035450067,-0.06879674717214597
8.09,-0.07190588684771997,-0.03553030970531276,0.036797260337275345,0.054380926687906096,-0.055219652003379395,0.0001705543661570081,0.09638318699812135,-0.017820253408635075,-0.09151675631048335,-0.11143181554328974,-0.059326019954143994,-0.08289798573838106
8.092,-0.07230621372098689,-0.042223756658540765,0.030880000226759578,0.058524445756994906,-0.05208927302734734,-0.005666757859596756,0.1003817180459003,-0.033616285830506396,-0.10285515552054282,-0.11509881486924622,-0.06892826610461361,-0.09651843998388984
8.094,-0.07378012335900344,-0.046465126609785974,0.02805789310650587,0.06162825121983159,-0.052108947838964054,-0.009342203845871368,0.11280183826139366,-0.026472821547477828,-0.10181561534023965,-0.11248622575697195,-0.07552865523447945,-0.10191401644407005
8.096,-0.08537996811715962,-0.03758583258691812,0.04817216185833928,0.06281046194676011,-0.06887952537768904,0.004650603386875043,0.13259268832134227,0.0039218815209445075,-0.0894952605633007,-0.11418096483998995,-0.08766047478802359,-0.10405764821534662
8.098,-0.10362886435038575,-0.021010305204529314,0.08288017660218204,0.06305789924540639,-0.09554768303983911,0.029805780038787318,0.14354955384521723,0.029606333397702637,-0.07576771238539069,-0.11935037973841398,-0.10395754554267021,-0.10992979213520666
8.1,-0.11224425675362784,-0.01024123776968416,0.10253456354621233,0.061181399094472844,-0.10890338510333637,0.045008138054450954,0.13314591386828772,0.029433148160446433,-0.06395631481813209,-0.11000070435949663,-0.10700032721777669,-0.11426977472218056
8.102,-0.09892488918136018,-0.009532243081219468,0.09006316157477351,0.053633321101086845,-0.09483349748673722,0.03979107906468411,0.1053715301986701,0.006135350843478268,-0.05513663422210972,-0.07284825734710851,-0.08127375625075117,-0.10331454408862648
8.104,-0.0681818843087894,-0.012328335346385142,0.05619564057422276,0.039707461213307094,-0.06181315023511003,0.022263446451672508,0.07095868549171182,-0.028478096533468257,-0.05889557817875244,-0.018516340062834643,-0.03288478367122443,-0.07371069809647438
8.106,-0.03465227881842604,-0.013246038937427049,0.021292811184894938,0.023931312149989975,-0.027636529686206016,0.004444843144244782,0.031155161583907024,-0.0747918592255676,-0.08762624707397235,0.03244822630335438,0.017378998577004177,-0.03918915608714564
8.108,-0.005624694874747536,-0.012492904662422867,-0.007110203384604084,0.009743644426918264,0.0006645128076788762,-0.010105980963166209,-0.021804189682489948,-0.14756088202366927,-0.1411797550576547,0.07964948503860926,0.061381213003855295,-0.01184714440337384
8.11,0.025569570971517686,-0.008296825263380853,-0.033952696473117175,-0.0074321183886614595,0.029193522435887465,-0.022084680699802683,-0.0900425933593133,-0.2536595124268709,-0.19966331701961884,0.14856150969622606,0.11527139957496894,0.016481430901605722
8.112,0.06885679231927999,0.006981701721872857,-0.06190845697972151,-0.03654055527570299,0.06411716686398938,-0.028353920288855694,-0.16467527721574127,-0.3741757698378149,-0.2317346049718781,0.2647538831490259,0.1987136451942288,0.06378677286835122
8.114,0.1250110578284277,0.03915381051672732,-0.08610251031859885,-0.08063807437510791,0.10343905683105811,-0.023961703624696892,-0.23767869436393999,-0.4819776888549384,-0.21904975737792898,0.4269166827490407,0.30923312259747016,0.13186225176231858
8.116,0.18516902078386815,0.08295190294783385,-0.10267534299639358,-0.13232946691604175,0.1413801545998319,-0.010136044853248823,-0.3104226631147659,-0.5682331709912105,-0.177782267628879,0.6030235773329223,0.42293663379104474,0.20091937797021936
8.118,0.2415827249728305,0.12301673783731254,-0.11898211887471229,-0.18017911087833327,0.1781627858184526,0.0018162847077207176,-0.3860101956293666,-0.6360000157913995,-0.14293425977284557,0.7510343471794692,0.5166355507684002,0.25140777493281974
8.12,0.297087158042129,0.1467013778693203,-0.15055128299541065,-0.2197448069047895,0.22258988930620136,-0.0021095618738550034,-0.4602808474939649,-0.6824902138954565,-0.12588418510294183,0.8506980814831963,0.5862319943009372,0.2852353959168774
8.122,0.3600045848604912,0.15807547972653932,-0.20172738126352752,-0.2572129709917575,0.2802558626118708,-0.022312717277739362,-0.5254598884722438,-0.7105183940674504,-0.10971704252872938,0.916941741192537,0.6467135051693778,0.3226559781617082
8.124,0.4314492213520139,0.1757292964866124,-0.2551654314226185,-0.30192272310509743,0.3428165849502687,-0.04105785362510354,-0.5819660950580372,-0.7492824539930353,-0.0935616680849279,0.9794176777266425,0.7174404285545322,0.3810418494347847
8.126,0.5048230617656452,0.21093245201638228,-0.29338803057946783,-0.35617212162488576,0.3984435949228657,-0.04361783955766209,-0.6455219581000561,-0.8375549854077535,-0.1046456146328376,1.0564473578358995,0.8069755296915675,0.4590916754713788
8.128,0.577700329785141,0.25207471548804716,-0.32577621184658356,-0.41331883917990586,0.4506292343912493,-0.03959558662184917,-0.7361864538790837,-0.9789240176842477,-0.14538056131941565,1.1529347187749046,0.9101846754757423,0.5427729276425778
8.13,0.6548383314141357,0.28218807608534446,-0.3735149884419878,-0.46712145575690783,0.5124959336676302,-0.047657899678851395,-0.8557720280773067,-1.134898618578541,-0.16795891832133084,1.2718666401578722,1.018253259487574,0.6253684811160457
8.132,0.7341476490046348,0.30916331816276615,-0.4259059415544677,-0.5202315052938344,0.578299295363076,-0.059266122433290803,-0.9833216505781747,-1.2782159169905591,-0.13986797920573046,1.4123552253900205,1.1276580222805874,0.7137599111314639
8.134,0.7963495367054989,0.36155571557402966,-0.4352089309283236,-0.5777237129180417,0.614596515854798,-0.03735474621011057,-1.0951875682976424,-1.4348052364180737,-0.11095377237174138,1.5536081475523928,1.2352433715570823,0.811931763849511
8.136,0.8177185080000381,0.448579721870594,-0.3692033236412934,-0.6326681892372135,0.5924351252875293,0.03850472983906371,-1.18085081943573,-1.6514756898689775,-0.1752858271133884,1.6542641736848582,1.3253192716873563,0.905264249287986
8.138,0.7939338841466127,0.5321326878993283,-0.2619415680419386,-0.6631346475324145,0.5262802838756464,0.13286278727442874,-1.2347676192931807,-1.9248060006197572,-0.369703086859156,1.6733424318546861,1.3648095388511172,0.9630981493987092
8.14,0.7448423611818074,0.5464602152377496,-0.19863497664529828,-0.6452839921056784,0.4695481704907089,0.17121328554470283,-1.2401457304192598,-2.1737202549103523,-0.6343743443114032,1.5809244555098303,1.3143484421442626,0.9546271988708944
8.142,0.6917455283820813,0.4538885044786429,-0.23795861326164586,-0.5713587285097717,0.46275101529035806,0.10576559073963404,-1.177431340306153,-2.297002509508538,-0.8764083494888908,1.3563411308117483,1.151954875065968,0.8672196333132313
8.144,0.6362877481368963,0.28484149006469256,-0.35124217443817757,-0.45874146784846836,0.4917525258055461,-0.034627543828996556,-1.0558330160393516,-2.264551120637469,-1.0520496855526371,1.0068098956575744,0.8951711639986613,0.7164817571140395
8.146,0.5682787876313597,0.11403390435243185,-0.4538302106595078,-0.3399633212383411,0.5087327969901524,-0.1710017645924569,-0.9199647665048294,-2.14046214122949,-1.1768129714347382,0.5925361199749851,0.6000713711869765,0.5388756132292326
8.148,0.48821673323156034,-0.007454082316757563,-0.495364001920082,-0.23964806934974847,0.4894056692192144,-0.25233958331265555,-0.8102787933617248,-2.0144109938855315,-1.2801681083885958,0.20507544526460236,0.3319490431782081,0.3716484142943601
8.15,0.4120715585126753,-0.08586367277422122,-0.4980591524800502,-0.1619437570835024,0.4535194565208471,-0.2925248144119705,-0.7252622166861092,-1.9233318110149278,-1.3724545955757148,-0.09392350558402636,0.13221453596610144,0.23841484444988847
8.152,0.3530129431260474,-0.15178738945608616,-0.5053042412025244,-0.09869135863318551,0.42887681236252195,-0.32921125665297907,-0.6331997967602413,-1.8398338919884292,-1.4428008495983582,-0.30576003875831537,0.005208294298815729,0.14597119828645166
8.154,0.305684053686958,-0.21591697073815275,-0.5220995727669671,-0.04261063673551018,0.4141046252360989,-0.3707942690879729,-0.5145397636677853,-1.7230746296285808,-1.474262768090316,-0.46996590689476,-0.07387175222669805,0.08387891840677912
8.156,0.2555899216993953,-0.2665718903122736,-0.52237126460353,0.007610760644862959,0.3885469064379999,-0.3976187351041767,-0.3860874385196151,-1.5712436779063161,-1.462327746436151,-0.615459342207428,-0.13627526992447161,0.03097446626239696
8.158,0.20187609160171105,-0.2937416284855171,-0.4955160450883802,0.0477788983365674,0.3474504007502302,-0.39821391231533726,-0.2865558520782681,-1.4222780507435147,-1.416116916761499,-0.7303327351680743,-0.19370489459399545,-0.0247864255100666
8.16,0.16097886760777266,-0.3001109526622306,-0.460813960749396,0.07116116522653587,0.3095183463308777,-0.38349412582264414,-0.23740840839463512,-1.3063808057003476,-1.340719131815416,-0.7754354291481157,-0.2320747417002092,-0.07247017875965249
8.162,0.1437965649551888,-0.29245389100315605,-0.43602108087235325,0.0754144993866985,0.2885823989691983,-0.36657921302625845,-0.21719430127273787,-1.2084246869280781,-1.230374856113876,-0.7324891406037906,-0.2351571649144137,-0.09328896865635551
8.164,0.13678208417575688,-0.27301800323769015,-0.4097638333893661,0.06858743735888595,0.2714622601565379,-0.3433589891584523,-0.18314149114346912,-1.0879805496506563,-1.0846505856991515,-0.6315729781648679,-0.21060743088680217,-0.08840049709408937
8.166,0.11440141926226152,-0.2420503203145358,-0.3565464759662658,0.06425690697616443,0.23314567528137473,-0.3008074531706048,-0.11990701588930033,-0.9324437918545485,-0.922156965156074,-0.5219620997082298,-0.18332278947587885,-0.08062724617405818
8.168,0.06809315427175758,-0.20571320902618084,-0.27385397560729047,0.06986466668106883,0.1689396047591915,-0.24051049854502196,-0.05210413670305467,-0.7728924752782176,-0.7699572550784077,-0.429440341267845,-0.1671024868806083,-0.08722068516236796
8.17,0.014170499683109914,-0.17713592269403633,-0.1911597630025885,0.08310083765592856,0.10130765690979544,-0.18436749102747083,-0.003777145391141064,-0.6420478937446363,-0.6408973034942173,-0.35455546741674965,-0.1568653752669011,-0.10255785373851718
8.172,-0.02678186330562627,-0.16497477210797723,-0.1378206867893168,0.09749422628949561,0.054176931418594546,-0.15184537878268048,0.03207626792067657,-0.536798315090991,-0.5290230025380421,-0.29629960684675805,-0.1470082177892608,-0.11264364179377957
8.174,-0.05015612125765599,-0.16213021980497083,-0.11153822244973588,0.10730309276774042,0.028771611139096816,-0.13770126838434166,0.07005756541268773,-0.43676666803903463,-0.4292106494503818,-0.25867124099742067,-0.1419119169081783,-0.11558717413928546
8.176,-0.06403089214875607,-0.15232372371939498,-0.08805525339183057,0.10881882429734142,0.00983119319561105,-0.12112256464888274,0.0997698722364853,-0.34356017978847786,-0.35115372022090807,-0.2397531448328171,-0.14547841923179144,-0.11993561586810803
8.178,-0.07241898370611968,-0.12959051856727602,-0.05721301019613998,0.10151207312772922,-0.00941426769756712,-0.0944452632185234,0.09831799446809336,-0.2797555569461001,-0.3056185469222534,-0.22818335060184236,-0.15101477633428376,-0.12952148329628105
8.18,-0.07072200662146808,-0.10493425849918585,-0.03435580606254295,0.08870304585671983,-0.019329075472336737,-0.071072435839161,0.06720613155402491,-0.25049371977806445,-0.28325419945216385,-0.21274254260745928,-0.14674260822892368,-0.13711474389144998
8.182,-0.05706208056951523,-0.08999820835557822,-0.03298965586648225,0.07473734474600693,-0.012506575509792126,-0.06285540394983584,0.03757413026782515,-0.22619363154380973,-0.25886863782253755,-0.19141061385116936,-0.12811488298921805,-0.13343687753185557
8.184,-0.04030592776093966,-0.08202405377493145,-0.04166859331029711,0.06225450988066937,0.0006684195197991754,-0.06242506890147698,0.035831534360097075,-0.17607992944351958,-0.21893656874956352,-0.17090016430038515,-0.10340767364567728,-0.1202964119366518
8.186,-0.03336290512736894,-0.07214695095411194,-0.03875322791748675,0.05362181413002166,0.002688042045748605,-0.055414715765518936,0.05594502648322095,-0.10826706725734969,-0.17674333608575526,-0.15891525874501283,-0.08775964771701977,-0.11131177669995954
8.188,-0.03951266892175572,-0.0613219416000322,-0.021942032556681746,0.051243496417420036,-0.009128741024027233,-0.041686858360686634,0.072525573561909,-0.05886973754684805,-0.1526113188948693,-0.15561995188408959,-0.08908448913703643,-0.11660906852264774
8.19,-0.0484561517751352,-0.05802787181606551,-0.00992846915951984,0.05402404387388179,-0.019835146037745457,-0.034374414583738015,0.07371763151623978,-0.043296650701985816,-0.14427305875406982,-0.1534030947853969,-0.10021172949193674,-0.1295061116561388
8.192,-0.04887970967171566,-0.06367420661644888,-0.015252261022476024,0.05708464707493382,-0.01726821245809392,-0.040220230970316496,0.07140034758608729,-0.03775671568559074,-0.13000075348921458,-0.14679109019322426,-0.10857046361220837,-0.1350031758438068
8.194,-0.04266894383030334,-0.06962249072636262,-0.02733073028628121,0.057292666775107456,-0.007966843631551607,-0.0498884600774658,0.0804876018310578,-0.015365823241284982,-0.10043614379088993,-0.13916961848161424,-0.1105541604577407,-0.12966021625717064
8.196,-0.04146313147315305,-0.06835620412990331,-0.027182990703193313,0.05630698917216985,-0.007612258792282297,-0.04982067901378001,0.0969923873696998,0.016281127883472187,-0.07278168207067418,-0.13683766685180007,-0.11163509858736326,-0.12473927810906225
8.198,-0.04973061262976626,-0.061415919990328784,-0.011983684858219327,0.05652828639818649,-0.01975709614877357,-0.03864799876335231,0.10334490006173182,0.0281596988982592,-0.06729339891028563,-0.1388708803639505,-0.11562793039480547,-0.12981467058671203
8.2,-0.058569998386467106,-0.05560111459880463,0.002638966485513688,0.05725830150859257,-0.03186510861641654,-0.027856309299935964,0.0938684415516823,0.013591111217747504,-0.07882128050787222,-0.1362155883080626,-0.11849399420607751,-0.13992988967132372
8.202,-0.058470414161772184,-0.054117481136548906,0.004001857463850035,0.05640533660214095,-0.03268268682338391,-0.026432142781947218,0.08434330348612691,0.0007157881487105235,-0.08281021983791628,-0.12313201578874988,-0.11385947026958998,-0.14217285274530225
8.204,-0.051596269316563574,-0.053014492474127914,-0.0017495533411965906,0.05340590684754115,-0.026104379702725822,-0.02947328211155924,0.09032762763620795,0.016199745165900926,-0.06755655158686917,-0.1083880788038305,-0.10410724783143374,-0.13311858934815154
8.206,-0.04762190516142535,-0.04782435313947573,-0.0003942817935356301,0.04988202444378781,-0.024015226827521198,-0.026628345996467295,0.10493866026692268,0.050785591059789845,-0.04804131884100929,-0.10797845273564513,-0.10056468898310057,-0.12453345435195048
8.208,-0.05056925203773448,-0.04200242595773006,0.008576207187119472,0.04848384713456103,-0.029356516205791168,-0.01853496239354045,0.10919717132500653,0.073233330513293,-0.04298750920725916,-0.12377824675506326,-0.10845623529857275,-0.12822337508710124
8.21,-0.054688842827799025,-0.04373608483043268,0.011034178341893278,0.05055715171216793,-0.03297312556986435,-0.01673657607887836,0.09975180726882307,0.07194742474147828,-0.048216947999539295,-0.13889577297817648,-0.11900652795254366,-0.1399868387642376
8.212,-0.054425092596959636,-0.0546117864189183,-0.00024460123018511966,0.05500825471660257,-0.028262643701404713,-0.027009594191392483,0.09303531259853215,0.06720490506366952,-0.043716194537123755,-0.13916776809481102,-0.1223453664269537,-0.14591849291378606
8.214,-0.05266568001449583,-0.06601358952587093,-0.013572738899506828,0.05951830157865522,-0.021443455182888673,-0.04007786297558177,0.1012330164539027,0.08012958274818609,-0.023220119336775962,-0.12894223041545974,-0.12022949708711193,-0.1415540968900093
8.216,-0.054711826771286,-0.06769592203032726,-0.013120978517240119,0.06164121221757301,-0.022285609620783384,-0.04209165332870314,0.11452593004804835,0.10266902189149972,-0.004417026236619892,-0.12061931924245396,-0.12013643448181385,-0.13674383547066596
8.218,-0.058901978825749726,-0.0586831921709731,0.0003812419375455628,0.0598270685485985,-0.029920067547605365,-0.031368340666577,0.11364580962213561,0.10819980036316124,-0.006017805400469399,-0.11713977021461483,-0.12275012552704978,-0.141251122134516
8.22,-0.0588981892614879,-0.04817690270137549,0.011022909983048912,0.05524668358608906,-0.03444239476233558,-0.020117213860705134,0.09690532619714745,0.08873695152626801,-0.022517974318936002,-0.1108755043722116,-0.12096758389971515,-0.15090608733540797
8.222,-0.052813244641270976,-0.04373736300736352,0.009208266370266584,0.0505655384770437,-0.030826497488613554,-0.01803753312248578,0.08399039948950689,0.06873696221869388,-0.030863742047473677,-0.09787628469463139,-0.11084738391899353,-0.15263918439685084
8.224,-0.04558208876061771,-0.04164393423425061,0.0038283709228788968,0.04614889306598909,-0.025309700750689924,-0.019895374215986014,0.08928682860010219,0.07471606924771992,-0.019967412515965274,-0.087452716272334,-0.0998782166607084,-0.14241045804328656
8.226,-0.04317077017230795,-0.03472323979411824,0.00819767018057759,0.04108197222579548,-0.02660690173402138,-0.015221881282306088,0.10294675748956349,0.10043121967300853,-0.0033808786379446107,-0.09278225962534961,-0.10024893667354123,-0.1318664655382012
8.228,-0.04641113708696783,-0.026332099522385615,0.019739808397759052,0.03753492940992726,-0.033879139240156377,-0.005821268715359156,0.1066615478205149,0.11595882483684886,0.0008109805186046503,-0.1129243550599124,-0.11331842192072397,-0.13330142189822905
8.23,-0.05027358443113379,-0.027529484885740908,0.02235810417256049,0.039272512445292396,-0.03700584277025806,-0.004696525248524622,0.09985180617015238,0.10995957671086048,-0.00430706743344506,-0.12977662552543828,-0.1248301462734498,-0.14270290591011828
8.232,-0.04995951186428621,-0.040905925681252175,0.008701377048533585,0.04588133796591094,-0.03010725041017967,-0.017530705516465257,0.09845563818304423,0.1045320511818144,0.0008854278452728807,-0.1267441513110947,-0.11984518904845763,-0.14556757474322807
8.234,-0.047634301392177496,-0.05468006342014963,-0.0073627616126464976,0.0521477848318378,-0.021222819851476924,-0.032348866783569095,0.11009439007054078,0.11957726392549455,0.022446572593173498,-0.10770325384243357,-0.10123570658838102,-0.13773045430192093
8.236,-0.049825529398910176,-0.05522651155098827,-0.005703963550613042,0.053553019570628996,-0.02355031107422211,-0.03215668274729777,0.12211618735553259,0.1402331353688018,0.04074403723448149,-0.09238745826961955,-0.08790071204388869,-0.13125276149817053
8.238,-0.057486470897534614,-0.042684141472130344,0.014605815443694232,0.050606821735665615,-0.03794919146510283,-0.01602025140105612,0.11814763878774552,0.13664905004251893,0.03546158143022216,-0.09337230887429986,-0.09344582472741629,-0.13751655761749948
8.24,-0.06295870673043857,-0.0302193273865576,0.03273119815742459,0.04694438241074942,-0.050201528421695354,-0.0007540714598866466,0.10017219824142942,0.10778826220084126,0.013507330008839108,-0.10288905797046313,-0.11111599457542186,-0.15105641975067652
8.242,-0.05946851675089673,-0.027797674144012092,0.031746429795326284,0.044480127693934716,-0.0481740843784959,0.00012862576839404343,0.08702772298539817,0.0865432773897481,0.0010923909572672945,-0.10525629816705064,-0.12261999992164786,-0.1561498750048528
8.244,-0.05084549490027377,-0.03203109518609469,0.018719392778964634,0.042639617815070134,-0.036925705172426354,-0.008261234298900473,0.09097108303336185,0.09814680036085295,0.010510406646398593,-0.09775422079717982,-0.11981122143503313,-0.14737075309457903
8.246,-0.04703522846058822,-0.03393858832063693,0.01261559432462442,0.04127667605177866,-0.03119556609744488,-0.012074344413948807,0.10315381883425848,0.12832837404593314,0.02638560014677069,-0.0914737079550507,-0.1119008642944666,-0.13637922189536544
8.248,-0.05037834754346813,-0.031894420944394576,0.01769156966302182,0.041367375968603175,-0.03509102098736857,-0.00839650445024937,0.10707368168516825,0.1435915924338923,0.02932160681040409,-0.09237126796091755,-0.10896788542958936,-0.13594820714782022
8.25,-0.05274592139666248,-0.03209071316440102,0.01996864951656526,0.04285412635314654,-0.03778464826823109,-0.007166801011654803,0.10095461468979344,0.13549494339350338,0.023456690768351544,-0.09236836171427075,-0.10755762228809637,-0.1429924699194
8.252,-0.048198645487399425,-0.03736607938588531,0.010599698905899128,0.04399068957534477,-0.03124899739114813,-0.014038505276218595,0.09840970059044865,0.12868645729162217,0.028760563833882296,-0.08354108612771845,-0.09993773757442728,-0.14406819728462503
8.254,-0.04237232524942257,-0.041747827588526285,0.000656347626878314,0.04371882677485439,-0.0233238062245774,-0.020585670844120996,0.10759456732106319,0.142781244524034,0.049639025356847374,-0.07185749160212082,-0.08891026966692796,-0.1354509249547221
8.256,-0.04482904670131127,-0.038509971584331074,0.006065547656742666,0.04322218817122774,-0.026920402170246265,-0.015933517419579976,0.11843490880827316,0.16276380458720086,0.06592335419928005,-0.06988906841807369,-0.0841700422930562,-0.12934804613199485
8.258,-0.055131738765585366,-0.02964515381330067,0.024744394478082514,0.04393064701966745,-0.04112775302258775,-0.0025680707303337817,0.11561245505300181,0.15959922589032274,0.05919271061069428,-0.07976698264591953,-0.08809833930435394,-0.13727804036147817
8.26,-0.06204947238724604,-0.023636533706634082,0.03762990170386832,0.044897725898946424,-0.05074506535772867,0.005766955147818463,0.09976244303971701,0.13148241952340903,0.03761909920895517,-0.08920047343786118,-0.09249770471884299,-0.15295281834666394
8.262,-0.0574161996283779,-0.024999540127110118,0.03211020229321188,0.04369544713481382,-0.04515979470819627,0.0013053301317514279,0.08794795419739367,0.10863675274680511,0.02639858516032701,-0.08591414253557568,-0.09001189198923558,-0.15884831901622715
8.264,-0.04701342541563126,-0.02994622805180631,0.017116011704940693,0.040578509009283385,-0.032109454652604064,-0.008609514183926009,0.09211722572926409,0.1160805154367345,0.037025340673263754,-0.072785534819973,-0.08432111124227494,-0.1489348874627242
8.266,-0.04335706615247959,-0.03244956370468593,0.010702066949325968,0.039077136045658115,-0.02763460234422046,-0.012137274769887732,0.10390781304730942,0.1431655933483303,0.05453009718392584,-0.06359986436950932,-0.08464795606817664,-0.13668846043344296
8.268,-0.04867066390603432,-0.031193533547860388,0.01674866332296178,0.04039828503913311,-0.034622673371992194,-0.008128397190806224,0.10652448265032305,0.1583812894411688,0.058736264200677,-0.06501748062878078,-0.09162980994677807,-0.13685317814430256
8.27,-0.05261474389252248,-0.02986824232822048,0.02194380047544097,0.04144426206623264,-0.04003931461290169,-0.005826581868798142,0.09825993663285182,0.15066970305992525,0.051382541188530355,-0.07042991013769094,-0.09555023678261895,-0.1463220714961547
8.272,-0.04816571816412684,-0.03164429847378788,0.016198088312148202,0.04028298458510257,-0.034588090221753756,-0.010757431137104709,0.09437940545812457,0.14197722957784392,0.051748735389326575,-0.07214613759024374,-0.09027320036490197,-0.1507218535005049
8.274,-0.04151538094349098,-0.03410872429993665,0.007480081074019805,0.038872047939578006,-0.026004922034664063,-0.016247599304063855,0.10409966452310819,0.15346149916045293,0.06742884834671678,-0.07152300791134938,-0.08240473670546393,-0.14502099065606522
8.276,-0.042600632627868056,-0.031501311916761615,0.01103568393310925,0.03885307110624114,-0.028071044242754143,-0.01184403171389806,0.11629915869912516,0.17405436573160968,0.08204342815031468,-0.07468779002464114,-0.08252951908958463,-0.13864312207818177
8.278,-0.05068163987075499,-0.022744230988586845,0.02753991045899522,0.03856137021188815,-0.04099182935315933,0.001978512529376475,0.11444111007652166,0.17642146249612958,0.07741890311456791,-0.08158382727595061,-0.09033253953927424,-0.1410828264296849
8.28,-0.05522768790637877,-0.014630279152926987,0.04021328758915754,0.03624270779641022,-0.05007096197577191,0.012527091282836727,0.09898769229103983,0.15631511853110808,0.05962800662238331,-0.0827321141093239,-0.09417389691851155,-0.14888991161548323
8.282,-0.05053244147098909,-0.01456032236587577,0.03590046868418994,0.03350099233952786,-0.044921775804743644,0.009829106028958312,0.08663655759114021,0.13931032592884998,0.05182565695156928,-0.07152626326485274,-0.08694515217879463,-0.1508899072460177
8.284,-0.04330855302457103,-0.021653010958886377,0.02168170651539147,0.033369848040273695,-0.033039366356622225,-0.0013844856416698886,0.08891170226697188,0.14718700979960073,0.06320903620322113,-0.05684538194081708,-0.07622944231508962,-0.14427806551042513
8.286,-0.043278910987624555,-0.028054740480556593,0.014885696350512352,0.03647310377715875,-0.029427872999730955,-0.008095129108877162,0.09854231460551441,0.16987383912691364,0.07725481736808892,-0.05388303894888274,-0.07466713341059576,-0.13936641584699028
8.288,-0.049592081437342325,-0.028999517124866665,0.01980532508291935,0.0400603999984558,-0.03592621113106816,-0.005736563055131834,0.10021788673006395,0.17959069980575654,0.07547539034674118,-0.06388743379203447,-0.08459976227492004,-0.14574676279218143
8.29,-0.051758756155354975,-0.02808603123900826,0.02291131394419056,0.04069124675355893,-0.03907790681947252,-0.003204523249985137,0.09156233368162683,0.16954063145912285,0.06409937324109853,-0.07243585285854832,-0.09601548429491043,-0.15798913924327632
8.292,-0.04486421902401092,-0.030275591953350525,0.014338917009456241,0.038124425492613266,-0.030873865910430967,-0.008551600419492619,0.08615693861510944,0.16397257091460862,0.06582694465928551,-0.06803277750577835,-0.09798727135412112,-0.1616890192232382
8.294,-0.037334623492207133,-0.033055887407044134,0.004486016156375567,0.0354719599627805,-0.021731359236570994,-0.015632696675975045,0.09417187773283224,0.18282400084676015,0.08684253255798653,-0.05610771162817849,-0.09007068719864307,-0.1529264075625455
8.296,-0.03928779857190649,-0.029657192734653427,0.009867548104688397,0.0347992312017981,-0.025664758634915425,-0.012154814157470084,0.10764105722820694,0.21034106036720523,0.10599666934514708,-0.051899800695462794,-0.0811157899487888,-0.1433382183811002
8.298,-0.04779576976924032,-0.019512810710541017,0.02829386186535018,0.03416227288868397,-0.039516576718548954,0.002099960156370465,0.11057380879878077,0.21389302861206178,0.10322223870924087,-0.060799181121304446,-0.07686408492634601,-0.14377130466006935
8.3,-0.05029364149671264,-0.009917872429753378,0.04027697201184918,0.030605293356982956,-0.046530412546871666,0.013826953815805475,0.09975612077950423,0.1881387412021043,0.08706767608083789,-0.07120197016505245,-0.07407773092469908,-0.1504689636933921
8.302,-0.041814831612341216,-0.0071217911437828135,0.03476046318693062,0.025094092256871113,-0.038972761892548155,0.013351095707715971,0.08816757248169785,0.1637833820796524,0.08200721354327101,-0.07021983143871033,-0.06940491064901187,-0.15174197314420274
8.304,-0.032038507996080476,-0.009761752818390873,0.022639005796871496,0.02193925993585574,-0.02808103551777619,0.005954458001070769,0.08760232981406627,0.1694034412050097,0.09531744897301556,-0.059711894611317845,-0.06622927946348468,-0.1438566034460775
8.306,-0.03289798498171554,-0.012556033953675964,0.020815908257814694,0.023764355433309795,-0.02855623421348098,0.0028830236349341957,0.09452558210863823,0.19639085369603818,0.10928869749494276,-0.051541945341055606,-0.0685915904799759,-0.13607209539326978
8.308,-0.043427865800056704,-0.014365618896862458,0.029323324177452523,0.029197604037862368,-0.039049596026991824,0.005403868484700682,0.09701048416511816,0.21187982677293754,0.10669898328690333,-0.052486860526998455,-0.07433316713291195,-0.13945319868107928
8.31,-0.05125672821418957,-0.01903808087017262,0.03216762019331661,0.0349795957165377,-0.04443056717637287,0.00414725088147728,0.0919973022448632,0.20299128996136215,0.09494554091090633,-0.05879130727156531,-0.07793837402708136,-0.1522113395747342
8.312,-0.04905224068501439,-0.027812089844902976,0.021079229302334246,0.039012092420752306,-0.036873725321766394,-0.005510242497974799,0.08864905380528916,0.19227505158113434,0.09622002507042048,-0.06315860095805914,-0.07722202023327089,-0.16112805307668207
8.314,-0.04377678968295998,-0.03462898576869978,0.00909119884381342,0.040970546237909786,-0.02707891537491535,-0.014325362654403796,0.09408001690372426,0.20335835876297625,0.11641292670488503,-0.06313533386588338,-0.07459607959482419,-0.15845333858475313
8.316,-0.04555131323991859,-0.03222093024551164,0.013387923318191948,0.040623702604162454,-0.029544344433847413,-0.010457372220054635,0.10209261803991389,0.2267520783754762,0.13568959360090976,-0.06177815203748137,-0.07304874979329755,-0.15105150296486475
8.318,-0.05269875709538677,-0.022041622370639256,0.030715395397710694,0.0377056689363861,-0.04217148014013545,0.0036408123188546287,0.10048001261330973,0.23339853012214656,0.13446273029540817,-0.06110966034925989,-0.07195469708421866,-0.15018309598917653
8.32,-0.05477245658914589,-0.013742205120961097,0.041027065744844785,0.03356718348507978,-0.0492190282412606,0.013283767870218057,0.08821458326841111,0.21558387929876102,0.12012209274549135,-0.0574220128117943,-0.06633344511182857,-0.1559931140870512
8.322,-0.04781145644890239,-0.013712840823236644,0.034065450511378784,0.0308181808335181,-0.04286062559267637,0.01021459741290037,0.07883748488692599,0.19792718590599048,0.11723069853624184,-0.04681459588452016,-0.05244120355051102,-0.15735913383772718
8.324,-0.03968274564785724,-0.018287616018708475,0.021381029037338777,0.030853598316245293,-0.03269069369432371,0.0018397518234427369,0.08274478697807748,0.2041575605743156,0.13354903188820766,-0.03425178140445053,-0.03539036308750593,-0.1485458461214601
8.326,-0.03924681125134986,-0.01940539015029186,0.01985276605733349,0.03228715260620332,-0.031854555757194786,0.0005338622852493641,0.09224459864356041,0.22605700579829924,0.1493408503290282,-0.03042077497185806,-0.02730862036962332,-0.13903432760192022
8.328,-0.044552159154778406,-0.014654252623666908,0.029932953273103437,0.032262379238196824,-0.039701719907707045,0.007936781595460235,0.09212164327872847,0.2365597279680778,0.14583058498698245,-0.037707490906897616,-0.03483760035901925,-0.14031129021490346
8.33,-0.0456668126176954,-0.009771745027074724,0.036048392499018235,0.029578789664636226,-0.043349816232542006,0.013497526087737174,0.08187201815107213,0.2287196793557088,0.13321623193623525,-0.04545048917182366,-0.05028529892095263,-0.14903016815210215
8.332,-0.038525551066377096,-0.010190886449470948,0.02878628070154225,0.025941895738719682,-0.035979455589428416,0.009636154954442911,0.07675611862562352,0.22491802435050287,0.13712630799368095,-0.04336725854152592,-0.059094401413723775,-0.15260081594837085
8.334,-0.031203560416405974,-0.012901852142784904,0.01904829462197544,0.02394760723871821,-0.02718747661184704,0.0031954874335973485,0.08548601024052377,0.24228230519427893,0.16156867822898757,-0.03542570863355608,-0.05654317410246238,-0.1474999704325981
8.336,-0.0331928699681403,-0.010418569187205629,0.02345468937890723,0.02406765707807619,-0.030069299417188427,0.0062206787810380245,0.09720513352726674,0.26506779368380445,0.18146617756323105,-0.034422534176959854,-0.05204870044814703,-0.14299380096059283
8.338,-0.04165423910420829,-0.0014852152815202236,0.04040183838844716,0.023814303867124974,-0.04225528979800414,0.018602889889772888,0.09590178450693902,0.26495199991290463,0.17584173982243845,-0.04375294484169656,-0.0543987812944268,-0.14756595318026805
8.34,-0.04429842772447716,0.0065856430082383045,0.05071278457045791,0.020528259729081115,-0.04817361460142009,0.027396572110281285,0.08176549961454964,0.24163953573005428,0.15636682115551157,-0.05117389811907813,-0.05853248698345371,-0.1573052995755539
8.342,-0.035536542569978236,0.007642886179262614,0.04296889583596762,0.014692729072943729,-0.039845350301637765,0.024066971111576834,0.07104790268981839,0.22670914588569857,0.15227683035115683,-0.044825189395816645,-0.05369775419121002,-0.16041587104426933
8.344,-0.02400274639731819,0.004956971143627215,0.028941805071893877,0.009617834096770115,-0.027531744401273945,0.015807795356126215,0.07487182437351572,0.24355169210100353,0.17192260931917955,-0.030121032225291295,-0.041767657881255256,-0.15278350947900984
8.346,-0.021603464176304207,0.005957065685210669,0.027663513062563656,0.008182685986980305,-0.026119185455540442,0.01531500708946486,0.08509887205413696,0.2768974921566201,0.19337105057965187,-0.022558929795770413,-0.03668627915264773,-0.14456018527981787
8.348,-0.028533196874562346,0.01037674595134165,0.03899112080536646,0.010586508235539865,-0.035284286330332336,0.022613025439264182,0.08667390417905563,0.2934645360682279,0.19567467722582466,-0.02682514945908786,-0.04373905818834697,-0.1466936861203983
8.35,-0.03396019158100775,0.009841134488085266,0.04390527452652736,0.014649113189197446,-0.040433637491314844,0.024819588315902252,0.07891093401266165,0.28583335429047135,0.18670351567966634,-0.032185019808466414,-0.05117278080139293,-0.15552800735327418
8.352,-0.030906756935083372,0.001318234170958922,0.032507163344480415,0.017461756193506473,-0.03353765183600302,0.01559653293615796,0.07530554938174806,0.27927606333216515,0.19045324483795287,-0.028113540506840576,-0.047427247104645846,-0.15872046173856608
8.354,-0.024878715073108956,-0.006417919832196704,0.01887670661965723,0.017746659553326598,-0.024190517755835327,0.005605580617856696,0.08378610737590976,0.29414395501107377,0.21317369803303884,-0.017036868939479956,-0.03701997615993031,-0.1530503631746348
8.356,-0.02529637749070122,-0.004343243938809079,0.021230143453141004,0.01679391886816987,-0.025612797853461877,0.0077845312518805,0.09533660063114215,0.31776379383117936,0.23454965464874603,-0.009514884174574079,-0.03321172094788873,-0.1480960972886713
8.358,-0.03208927009569939,0.004793730890103653,0.03684928894916105,0.016020454055403546,-0.03627435000285964,0.019445051236477044,0.09531379091616038,0.3229751290369323,0.23461925734368452,-0.01057202146858843,-0.03950663481138016,-0.15208330198953754
8.36,-0.03559167818945419,0.010935371832898852,0.046244862255106906,0.014712957576650545,-0.04221270420492572,0.026660728833031225,0.08302542473792576,0.3060760257815266,0.21991529090181414,-0.013439122863170559,-0.04436124601655954,-0.15975090064949948
8.362,-0.029143740409528128,0.010180947163691247,0.038924043617889,0.011177043679804625,-0.03530875372748577,0.023122668715755496,0.07340964620023517,0.2929336466055131,0.215083734155188,-0.007787714830147402,-0.03574671875163801,-0.15864291863337576
8.364,-0.017611533484621286,0.008972585683863919,0.026205633001066285,0.0052662698582658495,-0.023287884615285352,0.017418099235117925,0.07692060679009909,0.30580354578297203,0.2314565833738423,0.005376740091566363,-0.017480581496791034,-0.14616582563403013
8.366,-0.01137546783386961,0.014394805004413093,0.02557565217886162,-0.0008351702165729998,-0.019621083630466853,0.020620292486502333,0.08523900635301429,0.3346428540036998,0.2530992223313061,0.01259709445365405,-0.005384659390503491,-0.13480341528122297
8.368,-0.013460058021075841,0.02379460082752416,0.03728574102155106,-0.004404623072216926,-0.026174588316129926,0.030935125776447883,0.08393709920792991,0.3512027263302625,0.25963039828691953,0.006968207420348642,-0.006711727010460005,-0.13627819801327584
8.37,-0.01701014404931006,0.02702342262991822,0.04414885201007499,-0.0041045353948476965,-0.03153720312545047,0.03515373695550751,0.0735494856370457,0.3475203576291833,0.2550869362910981,-0.0005477176676594079,-0.011011535285466978,-0.1448656675491581
8.372,-0.01615912911874911,0.019190846543328997,0.03539566820449833,-0.0004273644837573951,-0.02749449549450597,0.026116532854080866,0.06784592865430283,0.34485405520927803,0.26082927909684084,0.003218379778019757,-0.005511744904854631,-0.1456942368923212
8.374,-0.013583114595527605,0.008689439225956884,0.022234685792034782,0.004001074314150678,-0.020215357942780388,0.013926185199796375,0.07369633326818602,0.361370408454001,0.2831709946905021,0.015697693561734456,0.00770860217787275,-0.13661496672947646
8.376,-0.01447906420514551,0.008756575226429381,0.023192723372238593,0.005117829578307667,-0.020827091712359996,0.014416167713672483,0.08192051475592309,0.38552958835620316,0.30327871702478604,0.024191817565362393,0.016085745983197713,-0.1302609065485975
8.378,-0.01728025750463623,0.02096998396777258,0.038228081478211766,0.0008393419093674228,-0.028869689588762824,0.0281258530287958,0.07973077311688526,0.39147720678857717,0.3029902627381164,0.02351306027690446,0.013724152567838432,-0.1348568046839869
8.38,-0.015455001764589445,0.03242131751355818,0.04776816874654824,-0.006010494059611822,-0.032140820338794236,0.03859646981016813,0.06795349810564114,0.37570730748186465,0.2902986148950644,0.021303780035366277,0.007358003800795643,-0.14239903323042902
8.382,-0.007799846113410197,0.03212585207729692,0.039609462344052,-0.010367776305645046,-0.024099855233158433,0.03432827434798285,0.06050560873179647,0.3646530193030367,0.28923796288659753,0.026661273995773265,0.005543094077461078,-0.13931123502187304
8.384,-0.0011452712167969161,0.025253894125610313,0.02596927882504358,-0.011143768441071178,-0.01386435601213441,0.024372774223594008,0.06559664431771617,0.3804789424810102,0.3075844590172309,0.03743559698922592,0.00815004430044636,-0.12415117158611402
8.386,-0.0009271213348917219,0.025348223226008056,0.02601022982712961,-0.012214742673013621,-0.013675766603731234,0.02497657261539949,0.07431010670305961,0.4113257986144342,0.32718355908104363,0.04221779334654229,0.009615576578074426,-0.10933052169429051
8.388,-0.003262881049579257,0.03540341824656108,0.03869137317031111,-0.01655604938730222,-0.021394432856219565,0.03646946072196052,0.07358040933429347,0.4280036450203503,0.33067923928489634,0.036002642097282364,0.008698165808431163,-0.1048785762327533
8.39,-8.705649748443344e-05,0.044700560502053295,0.04496029070856021,-0.022316026041558017,-0.023417191341641334,0.04373232073303616,0.06539258651836462,0.4244801892257029,0.32637851947619817,0.028873542575088736,0.010466118441835731,-0.1054372257278242
8.392,0.009135525240142512,0.04451502046248054,0.035576712007530945,-0.025676065177316375,-0.014436030116754456,0.038223764625830506,0.06415284942293614,0.42443232787218177,0.3355563777404567,0.033438660329125305,0.018842428980645105,-0.09889784448989078
8.394,0.015375241637227489,0.039184887684144076,0.024089523349297166,-0.025405158271530816,-0.005517354333983984,0.0294357216251455,0.07598654010312841,0.4452042143577313,0.36157142820995275,0.047574784631174954,0.029844455503418663,-0.08442703831286796
8.396,0.011398341942889866,0.038673225605756076,0.02763893079393046,-0.02346734900978931,-0.008841721533819675,0.031186744956510637,0.08861218504034322,0.47151619853235466,0.3840943406864161,0.05711044221499042,0.03409720226304822,-0.07359236079093613
8.398,0.002064061505799426,0.045329733247327836,0.043518799693242995,-0.02274796574450142,-0.020814939454133062,0.04305204247676848,0.0853439898694859,0.4751197192180253,0.38466434526656756,0.05456777931299313,0.027487175507382534,-0.07395343270532802
8.4,-0.000742049767320341,0.052866210344526834,0.053613240005378565,-0.025048743013601604,-0.02695039534694469,0.05220169396839887,0.0665256900259644,0.45430197588359916,0.37027795460540763,0.048176496125039686,0.01797812826616728,-0.07715074296521096
8.402,0.0067478903866253735,0.055935630157013194,0.049079838833852384,-0.02952956548495049,-0.02127252921332718,0.051143752617333324,0.05076570061956213,0.4396724010797214,0.3654100308822369,0.04991997250438876,0.017425057674378366,-0.06711844508748883
8.404,0.015302428597426507,0.055834713024106974,0.04059129651658761,-0.03308646203172999,-0.013420108601565704,0.04611780411775612,0.05236857597975445,0.45555296853658755,0.3817601143153539,0.060037668078670496,0.026989500311260767,-0.04027196491014528
8.406,0.015139359763134007,0.057325523957330454,0.042568611166979686,-0.03392052636214775,-0.014943929414894907,0.04741543259558087,0.06375934410812105,0.48848941315381306,0.40446107047781427,0.06875280495703881,0.03647436680146837,-0.011937544114276586
8.408,0.00862952077368856,0.06227766686620557,0.054257215464718705,-0.03373308173360494,-0.024115994123814457,0.05613576084163729,0.06653597350708657,0.5062386095732395,0.41400999173386155,0.07147513649907938,0.03867878244054701,0.0015015829001422574
8.41,0.006789467212482787,0.0677136619166934,0.06151582519210719,-0.035612740389057644,-0.028677746461219452,0.06360814736069312,0.056564612047975936,0.5005617625039163,0.4134704971910221,0.07541274101811114,0.03789643371777823,0.0018560143406951887
8.412,0.014796287104314763,0.07071194748152095,0.05628678839784269,-0.04069622296958613,-0.022193517320723884,0.0635047878143335,0.048300158810718155,0.49525760765534127,0.4214858750533514,0.08833752433835182,0.041961811898191405,0.0038410951693882683
8.414,0.025345909760083614,0.0730806745101807,0.04780551443897514,-0.04715016843331713,-0.012563567005434316,0.060479002755614755,0.05291729383639273,0.5109137643694024,0.4435890046423417,0.10588170334081269,0.051461183431463026,0.014488384392517185
8.416,0.02872207496411386,0.07855890976686397,0.049622546524140776,-0.05249655268537315,-0.011268541347956452,0.06328218834749583,0.06257912518034317,0.5360692379828074,0.46420469382538737,0.11551852908195656,0.06012940007517601,0.026418258353978256
8.418,0.02574561102789027,0.08598960524369412,0.059829034910376194,-0.05595279799135057,-0.01747084641326298,0.07129007221910581,0.06160034960107409,0.5427230955164071,0.46722239851715497,0.11251506829117588,0.06340560014060345,0.030306661516747078
8.42,0.02565192014067208,0.08938726870474227,0.06330850940478837,-0.057988154642658093,-0.01926213822940235,0.07452153994877729,0.04721319970084167,0.5245329938942829,0.4560944250990545,0.10663179900226002,0.06414404780175466,0.027514057499026457
8.422,0.032541456715682135,0.08639841806557447,0.053622379787404424,-0.05913018490023306,-0.01096459617078506,0.06842930720895384,0.03316779267719774,0.5061400662410274,0.4490836192124435,0.10929837195017268,0.06895637449753887,0.028460556131466464
8.424,0.039309111370860794,0.08221381604459561,0.04279996097361396,-0.05939419264247629,-0.001940390971103986,0.06125983172409811,0.03261934571373667,0.5109915826735506,0.4563482215642044,0.11750797456656775,0.0787633371770542,0.03888099411501861
8.426,0.037626220413695906,0.08297577668558706,0.045024505170772826,-0.05869738899620714,-0.003771882468895535,0.06295366659714473,0.041622797347387476,0.5312677025160838,0.4679056320190938,0.11785676128861698,0.08615006622509423,0.050821020525107945
8.428,0.030480283308438046,0.08777903932785487,0.05659383018978109,-0.05785403194845366,-0.013333296711026645,0.07117579628848189,0.04477664318032196,0.5405032056961628,0.46911374830405306,0.10661236952063627,0.08514348904528223,0.0531358733358918
8.43,0.02901016244865638,0.08975566695949967,0.06001918065010197,-0.0580506405781907,-0.016232842661561397,0.07394785609411776,0.037122352186539705,0.5314652499642573,0.4630362450241431,0.09578656015329348,0.07912348611087487,0.04864364640999798
8.432,0.037473993309340245,0.08610606235379008,0.04833273389075433,-0.05965755204695937,-0.00678845584548993,0.06661039133407405,0.03175519262595693,0.5256774383227856,0.4664708369671735,0.09641912145139497,0.07500273214257833,0.051242415965055924
8.434,0.047270776589831295,0.08327435687085973,0.03604693151061098,-0.062208147513043086,0.003707352169693031,0.059369264383348476,0.040056091924797824,0.5407199367428658,0.4844933985764499,0.10583945526484195,0.07460847003446427,0.06576049494324329
8.436,0.048559627794774775,0.08846715482660035,0.03981643428314247,-0.06520509470543662,0.0025797607605211968,0.06352713423937267,0.052690811508010645,0.5624826027248417,0.5007230312066133,0.11495550600792245,0.07555372449292681,0.08039329041115477
8.438,0.04372972554118421,0.09893425555197458,0.05478837154199754,-0.06865507123164118,-0.006424862241217287,0.07537700974258411,0.05082294807845317,0.562225641256793,0.4979762370216645,0.12102139115879608,0.07747062163678942,0.08297031655184764
8.44,0.04372441986750512,0.10418285972887963,0.05993760652272688,-0.0722485286694505,-0.008045404532123723,0.08006579644964777,0.032475505559775256,0.5357017146992771,0.4816991868733226,0.12889578745285238,0.08326218078269666,0.07727500203837585
8.442,0.052665987730230415,0.09933480669947223,0.046188425136353815,-0.07496742287921551,0.00344495012665234,0.07093300765516646,0.015726694647818947,0.5105643403364718,0.4728610118444427,0.14071075168845154,0.09308114286353282,0.07629403897037314
8.444,0.06263212255389852,0.09209160837388806,0.029014089493215902,-0.07660150474895215,0.016180969404900686,0.05887952398438867,0.014202980001714468,0.5109664409643767,0.47878955140022306,0.1488626365152355,0.10092823991229233,0.08369733040955465
8.446,0.06486407457683509,0.09272687733636636,0.027626084000034537,-0.07813818635772711,0.01702481230644196,0.05819315026670183,0.019882320606474206,0.5268559349165499,0.48412466095908274,0.1447880487746915,0.10113315712543963,0.09017370349897418
8.448,0.06062694329796958,0.10026193403424176,0.039790860285971695,-0.07973810985961068,0.008874423021656601,0.06779609828811774,0.016695707781146717,0.5296499853425679,0.47549958064185305,0.13284063586606895,0.096184448204695,0.08809271137887678
8.45,0.057332305275296466,0.10398976322979539,0.04698284164229691,-0.07974883657308242,0.004743923565456098,0.0737891650285531,0.004352585966320764,0.5124277130480298,0.46270119522985265,0.12726856834958594,0.09451843481051848,0.08261851467291016
8.452,0.058330787131289724,0.09820546732397144,0.039930319832881,-0.07710822849355396,0.009735214500693418,0.06841828977272263,-0.0022020463851164726,0.4977804786365591,0.46450983666197904,0.13440071148771,0.10087499354700698,0.08379347540996068
8.454,0.061035410476366306,0.0904280472501237,0.029102406187343045,-0.0741937607893122,0.016344321433730304,0.05962420686949201,0.004244573606297926,0.5036501860243773,0.4806451649775383,0.14464821846042744,0.11108288560915887,0.09202292528922597
8.456,0.0625216537675778,0.0925398713663441,0.029783782229717573,-0.07549238539767107,0.01577959016821197,0.06050137428401022,0.012080684186943474,0.5172414868970814,0.490176387701661,0.1445157759188802,0.11705336126385213,0.09772515173371747
8.458,0.06359225425356814,0.1059929010451609,0.04254907214971914,-0.08266564733971855,0.00921778223036595,0.07258410755013352,0.006952349253821415,0.5125378875645389,0.47809014742500516,0.13314851975003858,0.11588778620342903,0.0950301854774212
8.46,0.06703652076353583,0.11915027400580212,0.052461411060584294,-0.09158574763949613,0.006109972434852009,0.0833155574675451,-0.008685010219501701,0.48617106354940764,0.4543413206052159,0.12340353920438929,0.11236286956149352,0.09033543879373597
8.462,0.07287563447695407,0.12060673557617377,0.04789336700909907,-0.09583071583996115,0.011963900237613031,0.08149194532122044,-0.019274954414930722,0.4625137888340925,0.44078090253591873,0.1257580749310367,0.11203624256584689,0.09360665834310672
8.464,0.0769578802443758,0.11278745451658216,0.035731029465355654,-0.09370140978006482,0.020664143636976117,0.07163169663248939,-0.016800176003123595,0.4615531599196889,0.4433982821249279,0.13528109883373296,0.11395063801988994,0.10422930643910883
8.466,0.07564466143002305,0.10760537316737798,0.031820770283773635,-0.08969415789975953,0.02218063675569905,0.06727283793918988,-0.010858028494577433,0.4728178325020787,0.4459735441300024,0.13921032191112045,0.11266436953101948,0.11069660746903243
8.468,0.0711634011486844,0.10938769661529639,0.03820809272579023,-0.08821951527839951,0.01650680118859111,0.07138935150509053,-0.014979901267925174,0.4701438676967929,0.4342096181360014,0.1347952538407071,0.10737180603534785,0.10549574365315438
8.47,0.06921307442053916,0.109864750100398,0.040719796915430685,-0.08837790454730321,0.013519173862271902,0.07280370843767299,-0.027170974434752856,0.44807943417318935,0.4173154697162097,0.13198860971301182,0.10491367348340422,0.09600546392332988
8.472,0.07141822933236835,0.1023048330278761,0.030928219301448633,-0.08662207230316658,0.018681570539996754,0.06407309043303498,-0.03282886923873096,0.4286377108541162,0.41443197346686494,0.1382869750788402,0.11066205959433344,0.09515824872752815
8.474,0.07417034328373583,0.09293512307821698,0.01874763131520924,-0.08305372594061905,0.02617017132889171,0.05331469747263341,-0.026409117739485295,0.4286067569920256,0.42613731182584863,0.14817463502678102,0.11951630672548844,0.10407232538618588
8.476,0.07457412121145644,0.09263841750688764,0.018033416148688263,-0.08186643861731083,0.027773663289486536,0.05290170197684561,-0.01974588882852701,0.43570116011070953,0.432897114030673,0.1494790547823162,0.12079674148930201,0.11086246734616366
8.478,0.0739683252241838,0.10108390799433709,0.027110179161608967,-0.08488508739867719,0.02375316000169205,0.061945067930476196,-0.02535560969090069,0.4261145097166653,0.4200799100093826,0.13832407959753923,0.11257930969934077,0.10677667459396713
8.48,0.07541986809137641,0.1062619346538739,0.030856330567251698,-0.08827278466622146,0.02216131562582608,0.06688112487656368,-0.03861244532875427,0.39770679701062833,0.3960864169460509,0.12638649960638373,0.10642850519638437,0.09847258141991531
8.482,0.07928953427760081,0.10053660687437264,0.021256833862725432,-0.08782135046755117,0.027907618908027593,0.059444110434285616,-0.04320802783352156,0.3743372669767848,0.3816196727543626,0.12816631308643983,0.11321119097200591,0.09962198114987861
8.484,0.08209907831948035,0.09106853097242557,0.008966331567155629,-0.08489670788345709,0.03520579299003243,0.0482048968821704,-0.03268147045296404,0.3748556297921296,0.38279017953851296,0.141063353415892,0.12740579059059895,0.11180815213410965
8.486,0.080744341887114,0.08993110597603755,0.009179946660744946,-0.08429211889034198,0.03487370124925422,0.047376482135098284,-0.01995353857735827,0.387110138102618,0.3833518633946633,0.14747374336557878,0.13276784351740736,0.12109352563100809
8.488,0.07712271691254134,0.0970057616017171,0.019881491596394456,-0.08701484283911698,0.028035783773465557,0.056730330495267094,-0.021539044077167217,0.38350826597527216,0.36807092905999206,0.13838035584868227,0.12338070345945064,0.11627373583196303
8.49,0.07587431018123357,0.09970763961574465,0.023836307991889308,-0.0883671909104748,0.025320378390327025,0.060989984901391875,-0.035806780133025226,0.35861208027485103,0.3446917295221021,0.12442756257725945,0.11093763888967628,0.1037877776586269
8.492,0.0774886937065204,0.09030254733474742,0.012816123894289677,-0.08406306664726895,0.03132507690358558,0.050868119380595316,-0.04528370071438575,0.3351136434756048,0.33233623900425585,0.11908433735518234,0.10805987405080923,0.09776635804824545
8.494,0.07690612863006378,0.0765500664305553,-0.000356603265641413,-0.07586159453626413,0.037451057507495326,0.03637681389876475,-0.040200516860960524,0.330100385916025,0.3336199741174909,0.12058436100379667,0.11284024895041884,0.10073103598784731
8.496,0.07038672472715406,0.07176692472734848,0.00140064224242732,-0.06966199952504751,0.03350730952590596,0.034109654750317214,-0.030387769316561324,0.33141702628615094,0.3309014739217619,0.11824115622406044,0.11533305160103198,0.10289720598954037
8.498,0.06150036012130335,0.07801850941602036,0.016649045103296636,-0.0687705058829596,0.021900277905143237,0.04554873591577635,-0.030834096037054882,0.3157992205451959,0.3106064646828807,0.10979694305287103,0.11242196659719257,0.09731228905626814
8.5,0.0581262270515972,0.08416019815383395,0.02636200672216537,-0.07092547447787101,0.015643821156437185,0.05482157213032473,-0.04148364248299766,0.282147066482589,0.2817868068708292,0.10389735022172272,0.11013994977875552,0.08874120290167944
8.502,0.06345501605147912,0.08084635287026362,0.01783640533884996,-0.0722752751959875,0.02230954662385902,0.04927083181907925,-0.0482034484780339,0.2547097679821976,0.26495506902550564,0.10693064910495569,0.11342933144941365,0.08683247829668117
8.504,0.07103152823751671,0.07186915352865322,0.0012243953964467052,-0.07142991786751292,0.0338234608958468,0.035659531679882436,-0.042807448002528524,0.25151178830729054,0.26575258039200494,0.11346947397070378,0.11778613612435018,0.09293003939944697
8.506,0.07162377428253519,0.06712898793631361,-0.004193367769092532,-0.06906928090616858,0.03651835466669597,0.029829333471604543,-0.033803953649507355,0.2606924021005089,0.2674388664148685,0.11315602122591217,0.11406743049503242,0.09769188216736253
8.508,0.06514430531716812,0.0682111969206163,0.003321651501634408,-0.06606133554634726,0.029543273294650674,0.03431546241559434,-0.0340182569974153,0.256821809583012,0.2533872063716219,0.10461388512033051,0.10096060324335976,0.09363633223699447
8.51,0.06058972263071982,0.06691375703047758,0.006385169951612588,-0.06277202747981223,0.025548015806130874,0.03581733452976016,-0.04313778482687654,0.23481832079899648,0.22999102514899908,0.09673822576692308,0.0878036799124464,0.08549988661748027
8.512,0.06365765760672841,0.05833546154847162,-0.00562903877015571,-0.059902234237770156,0.03254057018838413,0.02552255577826183,-0.04845356763583618,0.21512534451696017,0.21741948760909044,0.09639531507720414,0.08363562682090925,0.08345036273893583
8.514,0.06948781034702482,0.04900671181106101,-0.020971154106219653,-0.05860071462378886,0.04284795193911614,0.012524257389084012,-0.042432537910271545,0.21356627705076045,0.22122208462566328,0.1001184737628327,0.08754269317150945,0.08875310951834076
8.516,0.06925933485610178,0.04819592659714527,-0.02124875874640114,-0.05862342978317226,0.04326255571620374,0.011732729497732611,-0.03382172500498973,0.21799699465869576,0.22429045926071808,0.09904038435052953,0.09178333592392958,0.0919087883246128
8.518,0.06133318492715138,0.054750048659624864,-0.0062135471707347265,-0.05779798739394318,0.03231249781133216,0.02329093645502028,-0.036762850978975095,0.20419472500821947,0.2093486968273994,0.09030402950711156,0.09216859956025382,0.08575250577464082
8.52,0.05339012208222155,0.05823535104950748,0.005454756319442982,-0.054767088606513935,0.022524202828537475,0.03191879837455692,-0.05104598126815739,0.1701551652771857,0.18204277300510094,0.08189581238329607,0.09254678693537749,0.07605589590116507
8.522,0.053831236525159816,0.053719963726145854,0.0002184928496807545,-0.05185001296368666,0.024940052949188808,0.027400937943914398,-0.06086432674441951,0.1418469663583321,0.1642105435983431,0.08330305235149599,0.09808928862558033,0.07485870142879285
8.524,0.06177242295070999,0.04859141936828902,-0.013269847653092784,-0.05268826463374222,0.03543460984769331,0.017528234972461615,-0.055999995757779884,0.1402297302474372,0.16553721200604973,0.09229716493182484,0.10632618902284366,0.08396286189395159
8.526,0.06719656497166031,0.050540803349982955,-0.016872121734292592,-0.0563729959347444,0.04042384361673857,0.015687802861824477,-0.04638887075956314,0.15288178922747214,0.1708803555591221,0.09673141848647854,0.10875691321601275,0.09063406682416081
8.528,0.06346806228101973,0.055288145309981954,-0.008242768720727114,-0.05751033669155251,0.035153024480207,0.021704304921637205,-0.04821675943820004,0.15050963182899127,0.16128691546587148,0.09075982516908429,0.10181156687760742,0.08362181095969812
8.53,0.055861951398804024,0.05289743715202299,-0.002879859597453475,-0.053331013132431694,0.029215418922419627,0.023357688347343336,-0.06062650881747219,0.12701988907272824,0.1403275123592631,0.08211395164786747,0.09155145972517968,0.06871091600605575
8.532,0.053260186030254106,0.042583702776596635,-0.01060186433755146,-0.04745037568129912,0.03150205058654804,0.014943617979397259,-0.06647629206928661,0.10643648872059977,0.12792600471690263,0.07886712172544935,0.08500060376644793,0.060776109346792714
8.534,0.055491564050672924,0.03411524772763261,-0.021386465756303357,-0.04466833743482349,0.03717432542894616,0.005464273473518051,-0.055929204697662695,0.10750121530156169,0.1312179676515481,0.07678160846254273,0.08089402891990774,0.06325284135609657
8.536,0.054469880239819336,0.0348244393435132,-0.019690852224610037,-0.04452826722429501,0.035023240980850134,0.006176068210462769,-0.0401546957796001,0.1172057235651415,0.13463123044769928,0.06769283419827844,0.07315167343270178,0.0645651307874337
8.538,0.04691995481618179,0.04034601198656076,-0.006590092698517141,-0.043001255687130334,0.024366294117212587,0.015045670238310284,-0.03731989661456681,0.10917369014071039,0.12168797869305491,0.05479128167767351,0.0616690484661775,0.05548691589368878
8.54,0.03965463969793268,0.04020120190791496,0.0005636104115698008,-0.03853208713542094,0.017392226673428508,0.018518620751486418,-0.049932508997374704,0.08018041605817637,0.09777925369707154,0.05005885423988104,0.05417841474267295,0.041998550977743174
8.542,0.039527377292489264,0.030931898824783168,-0.00857852914881874,-0.03339113183069418,0.022688004887617005,0.009381134596689248,-0.06256812062216714,0.055374330618831846,0.08318552228185701,0.05743012957918205,0.05572249202110658,0.03694530578734721
8.544,0.0438087470549977,0.020827171640428174,-0.02298278303098354,-0.030536406472289713,0.03305541342322241,-0.0028569458245529845,-0.06160762685048504,0.05558969225814413,0.08547388570421295,0.06596234655125306,0.06093862665012786,0.043670402694476355
8.546,0.04507501092602815,0.019696606002133153,-0.025410170047503282,-0.030952171409928775,0.035350735563638665,-0.004534144410607252,-0.05152353431963923,0.06989135790599917,0.08900298723765833,0.06296451842639347,0.060566048059602355,0.052127522871188554
8.548,0.041620037444800105,0.02592936941907874,-0.01582601763804201,-0.032766913830812414,0.028242802777582555,0.003560296134373157,-0.04682630005427273,0.07095947122990426,0.07769135733373647,0.05041072563744786,0.05321594043429252,0.0514912493837275
8.55,0.0376914791185944,0.028102459685908437,-0.009913003283588805,-0.03214226552433139,0.022451842118281645,0.007740734808047692,-0.050296971000575265,0.05342416675111052,0.05929069763914009,0.042287363590649565,0.04601153674373476,0.04366188343624646
8.552,0.036100076451714584,0.02010476221973518,-0.016414077286454064,-0.027086082102211896,0.02471245727206412,0.0005277463587184501,-0.049510276149041424,0.039889413052490705,0.05412984057958629,0.045274860889054316,0.04396021562250862,0.03848151451100256
8.554,0.03550438463662155,0.010005042489157245,-0.025754922280326917,-0.021031515500268782,0.029343807837485674,-0.009010343810257932,-0.037256923757101504,0.0462289081709506,0.0647942677592642,0.04984369296245173,0.04413114387942457,0.03826805094462991
8.556,0.033592557649917074,0.01008228526686127,-0.02348671452834566,-0.019661069431525253,0.027322469956546976,-0.007177321842069134,-0.02432030383125722,0.05795831176777692,0.07153228455331447,0.044613241052896796,0.04125509564367369,0.03585575518295354
8.558,0.03020698222120599,0.020484345852633635,-0.009599768374321216,-0.023484219298341723,0.018637608287406408,0.005803249282529388,-0.025615930252532514,0.05009143031302579,0.05838568683052493,0.03264782817463127,0.034889391040989155,0.02682220583933872
8.56,0.027209353017671828,0.028437861021940132,0.0011610900882879091,-0.026691982758040685,0.011744391600421523,0.015288429881585859,-0.03970995979300322,0.021597679274834768,0.03414227445849782,0.026635087317858977,0.02987569472430932,0.0169459092650287
8.562,0.025787359971718243,0.024223316817193006,-0.0019367265917715098,-0.024329311398619397,0.012293321900802996,0.01071869562473972,-0.049831398983003254,-0.0017460408466212019,0.02145523389743444,0.031206349585928293,0.03011316187815351,0.0154840273769359
8.564,0.024777175362168818,0.012821012808054939,-0.012435144921735882,-0.01813502058955986,0.01646856293510927,-0.0013887319307440483,-0.044873761522721455,8.977761635337874e-05,0.02788678656271877,0.03680812909254354,0.032214350335288335,0.023004143371376698
8.566,0.022279023959284754,0.006839908985926891,-0.015697269464383524,-0.013815046591951817,0.016681922084830204,-0.006406519163249662,-0.03309373950677669,0.015858420329379837,0.036226885981325695,0.03199741269236604,0.028623086506144688,0.02921821352892252
8.568,0.018462734136343705,0.010445232568163812,-0.007962460996470765,-0.013728165359376297,0.011622367798223978,-0.00036874265590925153,-0.030428079343872413,0.019060397764032823,0.02814755856003582,0.018397465743251365,0.01802106790109637,0.025026382836780967
8.57,0.01555291221165785,0.015097492522433496,-0.0002941716656789162,-0.014548453167125008,0.007333320181952814,0.006074946975069754,-0.03794941122072341,0.004774370762902447,0.009851000717668576,0.009186144348930383,0.008071184095277928,0.014400569731315947
8.572,0.015006833810603543,0.012446899875143254,-0.0025053452977958526,-0.012898458120213127,0.008448762980763101,0.003486615990056502,-0.040472047137411794,-0.004842319934513545,0.0028452098149574826,0.011823941902094895,0.005898629975766533,0.009122522856458981
8.574,0.015655581977330562,0.00633447223506894,-0.00935784613240189,-0.010411935503602145,0.011793241153150268,-0.0029138501169582763,-0.029450427502846613,0.005725195162510111,0.01309702382376285,0.01807872569504339,0.00933557886965725,0.012724381026074733
8.576,0.014891795557006489,0.0069866943858531635,-0.00783148848462993,-0.010614558854538292,0.010277353184335118,-0.000988753374383797,-0.01591249359103283,0.021582117555621446,0.02306646763313164,0.01518376284601972,0.010157173871602128,0.016198553330898084
8.578,0.012041162283557503,0.015481941782143835,0.0037722695311972433,-0.013054546323232073,0.0027574125554570986,0.009990487549037495,-0.014863149599697093,0.016793958335789092,0.01610867509845021,0.0030838661843840096,0.005441312782082697,0.010601538901916367
8.58,0.009706261215135143,0.020983435481416096,0.01173306289451643,-0.013835189111218655,-0.0029336586555818666,0.01671160379164688,-0.024775029750015144,-0.009696087151117437,-0.0013193336813298298,-0.004350646482408334,0.0025488536828782537,-0.0006065434778759861
8.582,0.009918047681747897,0.015412683916861607,0.005763850925743494,-0.011028534063365864,-0.0001882542329492582,0.010009253445087265,-0.030379828989462527,-0.030042744352245132,-0.008841193993283444,0.0036107826038304217,0.008941230556871113,-0.005536473853777321
8.584,0.010294438797027468,0.004613412943180637,-0.00571831254120656,-0.006749539790850521,0.0063471949814275525,-0.0018170416959163037,-0.023341754061448266,-0.02214864938627016,0.00021986789329899722,0.019678375371155063,0.019253543686563502,-1.258527771022907e-05
8.586,0.006903389644124602,-5.003746583642795e-05,-0.007112226176890973,-0.0037634747640195396,0.006648952384461543,-0.004447792239127918,-0.01246069497844765,0.0017563912468462127,0.010186647488399645,0.025977642260503555,0.01964343208035427,0.005904063202599037
8.588,0.0001041874004572052,0.0024357459947534424,0.0022684697539780718,-0.0017603952679856724,-0.0005520684742172054,0.00236109621564167,-0.010764047037143103,0.011094998197875398,0.005199518400849379,0.01591524228493782,0.0056804978958968425,0.001573801762587412
8.59,-0.0048427597853219866,0.002534771148350431,0.007430816284296813,0.0013801908381377028,-0.005675861700077773,0.0051411636239477665,-0.017555175318200323,-0.0022701332118073804,-0.008570851538393239,0.0015727479267928154,-0.011139874308451356,-0.00929950130343106
8.592,-0.0034580399152047163,-0.004182183391926929,-0.0006643768775028351,0.004879092682051223,-0.001438601230978225,-0.0030252628505817746,-0.019688314814778046,-0.014122653611777326,-0.011890932122610992,-0.003097752267166188,-0.017650152089493058,-0.013741075680564827
8.594,0.0016849050245456168,-0.009320439526276479,-0.011027428588077875,0.005100159626419643,0.00608116806259937,-0.011428110749506067,-0.010034868177251197,-0.0031457143526375225,0.0009098813749916501,0.0008734842329686284,-0.014103225727845472,-0.006725489083053917
8.596,0.0030035356391318584,-0.003305871789377782,-0.006473257446748649,0.0010700610958630586,0.004568376715904555,-0.005982311133841432,0.0020456740052712695,0.018677289842171096,0.014954631573482379,0.0023502629334601795,-0.010855887763935798,0.0026147781368854412
8.598,-0.0013427750270601547,0.010421379172864646,0.011421276170974454,-0.0038460864811234764,-0.006507696101454422,0.01032227088079032,0.002172220452822515,0.02242099812104387,0.014763904805819612,-0.0033473141385282723,-0.014194839154843967,0.0028939941852733483
8.6,-0.003925413301192475,0.018388275565425896,0.02190143549746591,-0.006240227817588174,-0.01335203302142442,0.019764110927172455,-0.01029442807624685,0.0017968025779149072,0.0033157021514262784,-0.009165672058803205,-0.020826844832447677,-0.005258469685921143
8.602,0.0005679993356031705,0.013495322890578513,0.012685156940374313,-0.005682962705413968,-0.00706214426616852,0.012734677319087236,-0.02055718818139661,-0.017747518676767625,-0.003264373222039398,-0.0076280947942368015,-0.025078049718626774,-0.01122323865491133
8.604,0.006071785034264701,0.0030793943014620385,-0.0029659782846956115,-0.0033736521958464528,0.003090725388476669,-0.00041992452079438517,-0.016861852406732592,-0.012356970154153334,0.0027623128439987093,-0.0023288153117128787,-0.02639392223376888,-0.009332479208989154
8.606,0.0034378378634283904,-0.0013473409576086662,-0.004646326854634007,-0.00030964029467331507,0.0025772163458298424,-0.004090610282997271,-0.005375936204619115,0.009355887820985608,0.011084263905391398,-0.0028353870404089817,-0.02789898546436298,-0.0060745891903919436
8.608,-0.005614660976535797,0.0015935958587445607,0.007267752434378997,0.0026417290107072764,-0.007711744128982741,0.0022892452093560348,-0.001134616587066692,0.019604159871618423,0.008632891461991398,-0.010170706080422545,-0.030666882602128534,-0.010159776043168298
8.61,-0.010810212165763078,0.0031080804560412946,0.013874175615052789,0.004904978273699491,-0.01343542109341689,0.0056519129762346194,-0.007248715797022368,0.010144685559517268,-0.0007329742687099552,-0.01498440518239569,-0.032390006014125984,-0.019127506109425
8.612,-0.00803441442843231,-0.0024912618219078,0.005489725868911558,0.0067299653484461965,-0.007678636031556529,-0.0010125726974031168,-0.011627353967637352,0.0021210830800429343,-0.00038593625343700383,-0.010828399525476162,-0.030646806572617022,-0.021906960516484098
8.614,-0.004040556082019206,-0.009727461381185572,-0.005688736000637566,0.00835647103517897,9.29961348496309e-05,-0.00900679570605751,-0.004976739341332374,0.01418266856208894,0.01563162441951157,-0.003118140712907048,-0.026193467670672457,-0.01451872814606285
8.616,-0.006033169728491276,-0.009441041414218936,-0.003379740622712755,0.008982089089557912,-0.002110308515397542,-0.006444224585274005,0.005988231705410791,0.03459713786604799,0.03199237113622899,-0.0017154202300600776,-0.023329605799554308,-0.0062116298624680846
8.618,-0.011763991721379544,-0.0007903923313669035,0.01098803303865643,0.007404320868461439,-0.0125057724518528,0.005596415265817145,0.007705849595001903,0.03653525210636548,0.030809801315374415,-0.006661311689589833,-0.02523940097914983,-0.007319013955020489
8.62,-0.01286816958605248,0.007601790473989019,0.020461521386791394,0.0038266112395005302,-0.018085396458850996,0.014300379768592747,-0.0019126167051706179,0.015957927118660547,0.016201883609333913,-0.0075858187398467,-0.02853439053942793,-0.015631512912392512
8.622,-0.006047414177252932,0.008627481191258442,0.014641055066775266,5.450319696955223e-05,-0.011818926167964391,0.011528440430543668,-0.010492458405899649,-0.0004069724323971847,0.009588659499847989,0.00011028354873622294,-0.026613484322888407,-0.019289730443045
8.624,0.002323958328467781,0.005571873794874764,0.003115520413551095,-0.002374680417991817,-0.002029725948968442,0.004159108108697667,-0.007405147975430511,0.010394038346774374,0.020512578923980715,0.006306658457579087,-0.019885248620737907,-0.012754336836312519
8.626,0.0037890105317955774,0.006149860246040737,0.0020394086934661824,-0.003172170423701185,-0.0012668890451656225,0.003844545871206582,0.0015031771888474727,0.03594877982588442,0.033485331022719424,-0.000710265640343689,-0.017361584057503533,-0.005330363393174943
8.628,-0.0012137359532955875,0.010133462691183365,0.010928037547030077,-0.002669736565405513,-0.008550273135110075,0.009685900775664625,0.0013181580476464216,0.04438065094369062,0.030077628948347535,-0.017549030898278212,-0.02442108355120814,-0.009137910156227495
8.63,-0.0043382453315380844,0.009662932299683635,0.013744019714252138,-0.0009702643452601409,-0.01114333270345615,0.010015915076007883,-0.010327995968989895,0.02869217614590117,0.015762144828552236,-0.02907013896286098,-0.034337956793939854,-0.021471855452132173
8.632,-0.0019551328605113705,0.0020549794189743883,0.004011194142013066,0.0018895780046088652,-0.004476165909489335,0.0012601054239391662,-0.018950205589994468,0.016692032792196155,0.012428335805659461,-0.026985885632253473,-0.03751223034024848,-0.027816229181693273
8.634,8.32034395796438e-06,-0.00442026482775983,-0.004436428097845103,0.004624209735929252,0.000842605890495536,-0.00539203138095352,-0.013599001147083976,0.03125969936171953,0.02751348484912248,-0.01857851470425781,-0.0343534148229348,-0.021602199212788192
8.636,-0.0038645313790146075,-0.0004992621672324149,0.002971013851935118,0.004576932544699062,-0.004871320375194958,0.0009035585498993223,-0.0019168341331126696,0.05760977095627536,0.04388694493701573,-0.015465369360421716,-0.03281342416208323,-0.01184802323599984
8.638,-0.009477923457099292,0.011874018586815456,0.020556601121861775,0.00026583163104480507,-0.01608020191210021,0.01571609039107191,0.0006984614582811971,0.06305679977649314,0.04307135223859612,-0.018908485525106152,-0.03567274235890101,-0.009279866689551629
8.64,-0.008365523873121427,0.02077989700688494,0.028410555472766236,-0.006030340864323261,-0.018959127733652794,0.02357452861999082,-0.008278064956597019,0.04140888407522402,0.02959565544683987,-0.01992297176791817,-0.0366852967778013,-0.011438394208210747
8.642,0.0007876512261215038,0.018118624990462736,0.01709835772380977,-0.00997127349105258,-0.008996496140306582,0.016126236655990653,-0.015519167506129637,0.02142291315727883,0.024246552254529388,-0.011990381212082056,-0.030828987888373172,-0.006938734723254766
8.644,0.009859212374365055,0.009669037872970588,1.0785027427358642e-05,-0.010120302261087934,0.0032789844532559263,0.003098673808037649,-0.009752224808467238,0.029325699032535995,0.03588209027771457,-0.00016056560819034004,-0.023009211571012312,0.0076267189759580386
8.646,0.010564909952040225,0.0073610490322079235,-0.002979265066867685,-0.008821923388514891,0.00497370802930459,0.0007533624338157326,0.0027551895485777543,0.05558217258554503,0.049994242419171955,0.004213216617102768,-0.02216034067796639,0.0210625392387263
8.648,0.0038008560721690303,0.012423992130187592,0.008631591113400738,-0.007500836213844271,-0.0034619595687391336,0.009958280104909789,0.0061568289555898985,0.06861302121269855,0.04957684556961347,-0.0024915968759482232,-0.029119290262332787,0.02124639949955195
8.65,-0.0020385784051341195,0.013391225223388798,0.015314635445408053,-0.004411514542634429,-0.009163251333942213,0.014343157044797198,-0.0028113962058243375,0.057491394072138026,0.03902245672770775,-0.01143531045227953,-0.03534350856661222,0.011910270156420148
8.652,-0.0018378330152932908,0.0030688373084947485,0.004846772830311806,0.0015494827866800696,-0.004201567733768025,0.003575771393389226,-0.010083126527332247,0.04527505407754575,0.03685778992890927,-0.013254158486107023,-0.03449463823504099,0.007558777286393035
8.654,0.00036010782302166983,-0.009656252706495897,-0.009982659344770724,0.0074116238688806055,0.0034786915842238424,-0.01081470191057911,-0.004795880837768528,0.054435110523946034,0.04926218432908514,-0.009608990002286408,-0.030620789759858658,0.013430241053831189
8.656,-0.0020180890162920955,-0.010602100252568265,-0.008535379615486045,0.0087730673494579,0.0011289773370499595,-0.01046309041300133,0.004692675455669084,0.07396671705133927,0.06167282725316512,-0.008771762739879506,-0.031884838106201525,0.020415854445200745
8.658,-0.008703494036198932,0.0007687673258046351,0.009477115430865267,0.005283238396626904,-0.010926948026290363,0.00472891102837098,0.002050732452351737,0.07437253370266425,0.05776564345480437,-0.013145560305312288,-0.03947172848885156,0.01982079700563894
8.66,-0.012762176764470097,0.010671605332101193,0.023409586972633206,0.0011685240049133473,-0.0192631267703807,0.01657780962491992,-0.014063441692603712,0.04994845052492576,0.04176367874551994,-0.015334644048675227,-0.04581014925879249,0.01584647326800433
8.662,-0.009327360511141759,0.009410894069061496,0.018702115897871036,-0.0002039426954693912,-0.014677635667301455,0.012878415053955252,-0.02667563973744222,0.02924512449688805,0.03494834844361817,-0.007739809701454313,-0.04305345469337559,0.01988240513242869
8.664,-0.0024193601912087742,0.0029895334722231863,0.005283998526768686,0.00024932307012901113,-0.0043988030858969195,0.002265640833550709,-0.021805905064391184,0.03778430570997234,0.04747343959738717,0.005728155912466576,-0.03219462393103181,0.0341389574568467
8.666,-0.000577323603841809,0.002635453232270839,0.0028961721515618107,0.00018785496031324193,-0.0027276717278172614,0.0006079784785625755,-0.0064697363606905055,0.06379015864237979,0.0632568521433014,0.012129714220000136,-0.022420787673671172,0.04692406393662786
8.668,-0.005432200105892656,0.007957745927536737,0.012969002165197311,-9.719116077965203e-05,-0.011051630301452552,0.008489715527880939,0.0006561026493838395,0.07428351255145722,0.061983043397420806,0.0053784116752246735,-0.02036465277864441,0.04761028586148283
8.67,-0.0098779878193319,0.007807168209017617,0.017424507305172993,0.0018280188719655905,-0.01597743455506038,0.011352638755563521,-0.005910943521660312,0.05986172774736608,0.04798746097797762,-0.006025611970173827,-0.02283271309426416,0.04063097199707429
8.672,-0.009109372844244765,-0.002775488639405555,0.006356211201625002,0.006545729198870134,-0.00941833038668474,0.001510659580435026,-0.012543506667469706,0.04561410222669997,0.04313822823510639,-0.010613137989504612,-0.02299938316364114,0.03813152808276673
8.674,-0.007451257952412286,-0.01421411598590802,-0.006637811905386404,0.011305416674302817,-0.0007863093106313779,-0.0100590130448258,-0.007740853848150708,0.05394420734790379,0.0546450305004131,-0.007634669994937324,-0.020710479691284058,0.042896102055674415
8.676,-0.01101415850496011,-0.014297008837056759,-0.0033485561477907253,0.013053314650480067,-0.003598582402109246,-0.008481779744708708,0.0011933449627557517,0.07309193465428039,0.06495929971804307,-0.005132142976963343,-0.022019579312625697,0.04607968004525466
8.678,-0.017706701284869515,-0.004069933030848447,0.013263713948507486,0.01152644193241358,-0.016066132828457782,0.00436626511494647,-0.0008427416755900394,0.07381032388566969,0.05700235385628726,-0.007573743434713348,-0.028727971864827104,0.04088412335314589
8.68,-0.01911951895489936,0.003830395011245263,0.02246982011800418,0.008558987697254336,-0.022842177568117055,0.012036382166896155,-0.014844642653180943,0.05004574198209972,0.03907418273521787,-0.009260798030278702,-0.033297691147823785,0.032949375858998
8.682,-0.01104866841947964,0.0024464000416983553,0.013236585457825007,0.00501770864320222,-0.014851877795978699,0.006014379913164683,-0.024802311386064778,0.029060417001586854,0.03466134616984956,-0.0020156091935554354,-0.02783901955335714,0.03413195715844957
8.684,0.0012644608309797525,-0.0009144731797861815,-0.002123443793577009,0.00017730148427705172,-0.0003771932834698774,-0.0031693017438784647,-0.018315908202949885,0.03683357244195082,0.050197486748120135,0.011721318160484086,-0.015384647655768519,0.04688189599759223
8.686,0.008876337065423262,0.0033145310850483264,-0.005400163904663328,-0.00561081582751876,0.0061344636117936025,-0.0016195199941029172,-0.00388759817108794,0.0632331860045239,0.06530318453020241,0.019165114646684793,-0.007159859594253385,0.05924149230406053
8.688,0.008462861709149833,0.012089460803084453,0.0036811305704654617,-0.009410857009176411,0.0019349329224780873,0.008229833977783542,3.115026228261716e-05,0.07501086602382392,0.06042904598713946,0.013448487889412315,-0.00910376106007323,0.0590769507639286
8.69,0.0043770935281391525,0.013477283811681416,0.009041271925964668,-0.008150679321454045,-0.0029292256230535833,0.011439080763236437,-0.009226377937855064,0.061652706344807955,0.043981739817907074,0.00316275444996229,-0.016279426041768214,0.04993815676165176
8.692,0.002416975412302854,0.00412267594076109,0.0016479128856159236,-0.00286214898527847,-0.0008803653263284013,0.0020636563640852386,-0.015009705998696,0.04875284469218272,0.03998253601836331,-0.00017184548471266167,-0.0215765797607276,0.045539951403236675
8.694,0.0032682246363194478,-0.004441486580239216,-0.0077274880026704075,0.0011198735921039535,0.003362950450222296,-0.007757149392662328,-0.005676144276802117,0.059025611821019196,0.05420063085355078,0.0018129647211533172,-0.024185191294491933,0.05015051114927468
8.696,0.002813808681532773,-0.0004318848481719478,-0.003343635856510996,-3.0546962019248865e-05,0.0005895584707317447,-0.00375318473515793,0.008374270311039331,0.07882818093346661,0.06637438857894704,-0.0010653054158673108,-0.026693280623867287,0.05362870605743744
8.698,-0.0007452651697375396,0.012248257404066655,0.012679770403653833,-0.004168887948876817,-0.008500816496728862,0.01082435189466698,0.008457490803760393,0.07729081366047358,0.057270133696064617,-0.010541198180904068,-0.02879450495331157,0.04716362494884445
8.7,-0.002870025498453383,0.018693977279046543,0.02112973179876219,-0.00638077846753511,-0.012522455442067064,0.01857273121521621,-0.007470977444660021,0.04943565030130286,0.034057043079648304,-0.016382449458022728,-0.027583901754313127,0.036172844840669426
8.702,0.0012816705783145151,0.01245960059627811,0.010909365683399187,-0.005357651439070171,-0.0047646421682904306,0.01059502517457012,-0.02199251567769516,0.024343168552915687,0.021812222338081094,-0.010111598979948677,-0.021353750483588393,0.03340840629517083
8.704,0.009088517881786405,0.0035188379233639035,-0.005543861086424292,-0.004389515629556534,0.006601615799449739,-0.001819213899339601,-0.02045847257128565,0.028168760140040314,0.031635530602579454,0.003263685650928253,-0.012327105430224297,0.04261418402029234
8.706,0.012746074442402427,0.004100519475240587,-0.008492582502421858,-0.00615583810317103,0.008684348722584992,-0.00256029219850445,-0.00872594917636705,0.05083314630053956,0.04651692910488476,0.010087262022635095,-0.007401022783788729,0.05319217592067533
8.708,0.009121332715246082,0.012153390042875176,0.003098620953101339,-0.008683289214605098,0.0007057884567671543,0.007652473169163884,-0.0033759939145602278,0.0605202539212171,0.04506040241358491,0.003481576860399343,-0.01251158496543633,0.05264653271210607
8.71,0.0032022728644174395,0.01485836701298814,0.011607647353017402,-0.007792046046882655,-0.006029308507402965,0.013079077529695922,-0.0084899938899987,0.04720822222959696,0.031066181062880983,-0.010313675389782416,-0.02458195430153752,0.04203741045120965
8.712,0.0007241839028029799,0.006990337870777104,0.006184862367020452,-0.0029273928741079666,-0.004170132054370411,0.005535058356873412,-0.011578304990570458,0.03465902168200615,0.026616009862217925,-0.02151893521905047,-0.03491623923393595,0.03350226689601626
8.714,0.0009015591875711105,-0.0014378397596723038,-0.002494952360284303,0.001654769944777413,0.00015707659024941832,-0.003843117632380233,-0.0032663904727993076,0.043808151838658035,0.03928182428882139,-0.027221710067760457,-0.04131530368317239,0.033066006096139855
8.716,-0.0012052643265465382,0.0008188409598125539,0.0015965118451838698,0.0023667495095521405,-0.003359761892965153,-0.00039604214445221363,0.008344849497730539,0.06151458291986985,0.050886700161864,-0.03041835002226418,-0.04971395821651959,0.03351864902850005
8.718,-0.006426929816083688,0.010194285969122531,0.015887318077942122,0.00057728962028283,-0.013611034935570757,0.012460222415454395,0.00849395233485809,0.0595516887333483,0.04276395705499463,-0.032069271713099964,-0.06227663786180447,0.026560796668656284
8.72,-0.009462301562842012,0.01301843997096135,0.02179332280058127,0.0001282291839925456,-0.018129804070935247,0.01707275131536195,-0.00421577431263538,0.034688907939512896,0.02188832474091539,-0.027966253065855203,-0.07100696245187306,0.016063621004344796
8.722,-0.006255063431855726,0.004441917953645985,0.010453891180845146,0.0020168098827440606,-0.010029983698254625,0.0062310590735516185,-0.01631873210825502,0.01339721681462787,0.01192578574430414,-0.01602232867123783,-0.06728249288243132,0.013610913979683243
8.724,-0.0003843468043382801,-0.005347441411332217,-0.004792880208968505,0.0037057867214148367,0.0015730649042850415,-0.006878519611422637,-0.01720370149417191,0.017341760387335446,0.02181742577287777,-0.003440316539848372,-0.053705634478286295,0.022227642653062072
8.726,0.0003444688840417218,-0.006456867832259473,-0.006585708992895229,0.004112720874486288,0.0028264681710870178,-0.007858505463235833,-0.01185339127454882,0.03586854545720863,0.03467294223317879,-0.00019583254735136254,-0.041857658290533103,0.03079474057702645
8.728,-0.005659913693977848,-0.003074364952784327,0.0026284189678467363,0.005493171377420482,-0.005915828037814697,-0.0011406053464117407,-0.012403865234293257,0.04082654052852521,0.03165506921605407,-0.0057702222710364045,-0.03874597439074145,0.028572281711888806
8.73,-0.010189071841427238,-0.005626587421366384,0.004589478265819425,0.008759486702479048,-0.009915189328467622,-0.0020040044859854778,-0.0193805797382459,0.025992856558080243,0.017894339008113408,-0.009087653270216838,-0.039852195090007196,0.020733094865866424
8.732,-0.006396853048412567,-0.014711851578336512,-0.008049104297680222,0.01128244803160987,-0.0009007172102487479,-0.013596195233544696,-0.019740519980426034,0.015989997037338374,0.013991353859523329,-0.003866845738681638,-0.03790040656591802,0.020569292911116987
8.734,0.0008417831708572366,-0.020187488119545127,-0.0205796603248032,0.010765525753766008,0.010574223456272607,-0.022388555545906356,-0.006636906893535225,0.02919020447048253,0.025823790687069456,0.002025673868944665,-0.03398430689424486,0.029114454974473007
8.736,0.0020002745568787473,-0.0149284235150926,-0.016626835500817966,0.008144407934658414,0.00980034735929644,-0.016905116717317724,0.00832912408421573,0.049045660888458485,0.03589874655445729,-0.0022659782706072277,-0.034969935698636566,0.03377994991958933
8.738,-0.003432654252475369,-0.003982389703855692,-0.0005680042486763596,0.005705091098364213,-0.0018184590779328717,-0.002727222972648956,0.009058072745192266,0.046552255142875726,0.027884234773972005,-0.013749426951235684,-0.041804533948571615,0.026560168906822012
8.74,-0.0070414389321147,0.0021926064571819812,0.009066532385878984,0.004204077151920168,-0.009675325718632761,0.005408023729920526,-0.004600954673311777,0.020580216937433664,0.010089846577358915,-0.017909676304478338,-0.04618570149501648,0.014601959870627453
8.742,-0.00397531007148978,0.0002651313210262075,0.004162818663851725,0.0030768306743599767,-0.006258606555975323,0.0018142548700903433,-0.01697095960078251,-0.0006597815088563223,0.004123357305150319,-0.008911536669459126,-0.04134991325190479,0.01050354357248508
8.744,0.0003042409666467874,-0.003735700919416461,-0.003988843366984147,0.002441898492167446,-6.284001279837178e-05,-0.004989849704292581,-0.015775680375854646,0.00346922406582272,0.014145016815340927,0.0009025811057948004,-0.0325017483229738,0.016127587648026263
8.746,-0.002313787536858465,-0.0036949840544603266,-0.001314543899647187,0.0035630491996635092,-0.0025483812185262914,-0.004700648929344067,-0.006095666486770792,0.02066311306612698,0.021217044589180854,-0.003066909903609424,-0.031301659273320286,0.020359562702939482
8.748,-0.010937084725824294,-0.0016149855739404503,0.009326436967616775,0.007074203665247627,-0.011820738742379926,0.0009549368605097483,-0.0018519432528888843,0.023738888600788544,0.010636621795391696,-0.018561945131161595,-0.04040670813914104,0.013999994856011557
8.75,-0.01561232942244234,-0.0037192434458678736,0.011858934832256427,0.010950564609000811,-0.014965548943932634,0.0012560577843495366,-0.005962808619090966,0.008379734154009518,-0.006750724676778059,-0.030181135060575903,-0.049360685638555425,0.0021351652956019106
8.752,-0.0099829191446457,-0.010012212485146598,-4.797064000291987e-05,0.011732056023922167,-0.006037576376572533,-0.007186131887242623,-0.007058322321847435,-0.0012815752671134209,-0.009132073873734128,-0.029260706292964157,-0.04868480463108413,-0.003144538518465552
8.754,-0.0003525133590383883,-0.012751383578242076,-0.012411112854049142,0.008416088847250189,0.004582109382333163,-0.01405048928881715,0.002585683485943002,0.011860844535053632,0.006287691257920679,-0.02343859074142065,-0.042631161241727604,0.0013309184706926766
8.756,0.001680189239419042,-0.00597778599359215,-0.007774473422178081,0.0035331340952438426,0.0026069116457344997,-0.008165377638915665,0.01438529869142583,0.03219553052906106,0.019215936136370664,-0.024810286510589124,-0.042391072885093015,0.007052901403164241
8.758,-0.005950103392538578,0.006236078978137352,0.011860549173682627,0.0003258856028025189,-0.01147164896719025,0.007339545824579781,0.013849317973089555,0.03195748432900515,0.01300483919938889,-0.032925932987062825,-0.05018685268474479,0.005565389698529941
8.76,-0.012625041685941658,0.013266363339167215,0.025461567450397075,-0.00028097770460398753,-0.02155164829796683,0.017259758566673736,0.0002564518139104024,0.008881477248554849,-0.0038693368440770918,-0.03537647597500924,-0.05659735172601746,-0.001045417380165979
8.762,-0.008702126352415794,0.010162372482577686,0.01858258969788171,7.710913341641734e-05,-0.01566729280508833,0.012463308037294698,-0.010676296602861684,-0.010430903170673743,-0.009964627499729862,-0.025328205053744796,-0.05370047495313978,-0.003140474288345455
8.764,0.0007920629683575187,0.003314984422442717,0.002419110546592286,0.00017755353149660023,-0.0020595603907994572,0.0013607863423440796,-0.006878898169555304,-0.005615589472875492,-0.00010725031518096523,-0.012206728117744627,-0.046235386595114274,0.0027055196653016068
8.766,0.0027539329141983457,0.0015741409168364153,-0.0013581227948475602,0.0008724513510772817,0.0015989003196243948,-0.001525669777849216,0.003218304611836521,0.010592722093240326,0.007883419339014541,-0.01098824243431568,-0.0459411479025755,0.006974994156043705
8.768,-0.005458731986391999,0.00457428044176811,0.009674195746464602,0.003055094917269612,-0.007774639184000213,0.004867825457594072,0.0023623744201271123,0.010590432415760975,-0.0016539028784934304,-0.023790211411119262,-0.055916021299351075,-0.00030691443409186443
8.77,-0.013511250140681755,0.0040425680824349225,0.01725062491143192,0.006276318220553488,-0.016083640844047266,0.007920508995984512,-0.00995330463842214,-0.008162451466776237,-0.019144320069800925,-0.03708855428736549,-0.06617386128810031,-0.014159130523009187
8.772,-0.013262152299608221,-0.0036276176222300215,0.009602749878902913,0.009231522276385035,-0.012871573533377562,0.00026944464776219976,-0.015814597066409506,-0.018408025022728352,-0.021327911743604936,-0.03813851120537254,-0.06668025383484434,-0.020069602518683616
8.774,-0.008239542305245715,-0.010927694117785127,-0.002566121710822703,0.010212328175270607,-0.004721986247544699,-0.009221682564223932,-0.00475383475103913,-0.00216023917992037,-0.0030979754992134395,-0.029927641480862698,-0.05945633447074129,-0.013212187992894683
8.776,-0.007135391305825638,-0.008467131529630259,-0.0013695072985817013,0.008542667461877712,-0.004799244017275738,-0.007176019354914234,0.011032999833900459,0.022358879897685074,0.014016355546349373,-0.025393410811643282,-0.05359931767702821,-0.0045356268929928195
8.778,-0.012124086835020122,0.0018160076662632526,0.013582028840830734,0.006092425978351095,-0.014372790765133482,0.00579559308040908,0.013704839901866495,0.02452129799199293,0.009380601815306602,-0.02911234755382967,-0.05273652193191043,-0.0061229392351782805
8.78,-0.016073326955538307,0.00812674345919708,0.023711907944603063,0.005171454213608959,-0.020813222154891193,0.014789911777716585,0.003226660701372399,0.002278401113669844,-0.009920725717742516,-0.03210048649244707,-0.05310330788662587,-0.01550926452189569
8.782,-0.011615268620519847,0.004360936729089061,0.01570569554737416,0.004942052049510769,-0.014347634821362289,0.009817243795779525,-0.0043474613511024,-0.015640415909597256,-0.019204967185570236,-0.026164036024960598,-0.05118337875972636,-0.019372290348432665
8.784,-0.0017502136308632735,-0.0022071996520037678,-0.00040283727776941974,0.002998022635884831,-0.0016833025428741443,-0.001248466360305544,0.0011963148501915215,-0.008120586486481642,-0.009292920084284204,-0.016620344819571163,-0.048622314339704535,-0.012006031470565733
8.786,0.0028891774641579,-0.0021530528925460127,-0.004874666650967249,-3.006077127132024e-06,0.0025252443904761846,-0.004046400222608948,0.011073960247986575,0.010901731800546308,0.0025246878066398043,-0.015443087397669144,-0.050027013270122024,-0.003921300811964082
8.788,-0.0016868396153756561,0.002585123322667966,0.0043300546706486484,-0.0006418618502654184,-0.004200457777559768,0.0022950804209216067,0.010056390615110242,0.012849518286346841,-0.0019140127283857396,-0.024306234690840624,-0.05607476959068598,-0.00732553755351593
8.79,-0.008210287885977935,0.001971852171600189,0.0101216907116469,0.0028898124356475374,-0.0099467012291858,0.004904593586234922,-0.0014294986252246231,-0.004725966588116008,-0.016113739134038674,-0.03187222489592171,-0.06011328158417152,-0.018564664259726305
8.792,-0.009325921662196703,-0.007145366447760098,0.00212009341711009,0.008568920669173767,-0.006683526286124059,-0.0033237553317734553,-0.007653878339723974,-0.015215392226545686,-0.01935153958274614,-0.0295456721004171,-0.056024924770915696,-0.024150188429610434
8.794,-0.0071005648204217585,-0.01575549821760311,-0.00865121237508482,0.012764819726551633,-0.0011031295183722067,-0.012871938351130985,-0.0007391874132905293,-0.0025161724475894183,-0.006869501599992673,-0.02300374015284056,-0.04832844604055595,-0.02059820346166973
8.796,-0.008874325419194827,-0.014478054865806332,-0.005569107694177729,0.014086627512312395,-0.0041785767612268175,-0.010704144250070054,0.008032063498358315,0.014713577929641047,0.0031524384722501414,-0.02349062235473571,-0.04753893746504072,-0.01818639796723707
8.798,-0.015618168563745222,-0.005712285366201546,0.009920387455625505,0.013645725584872651,-0.01487841954060701,0.0013914267416933728,0.0046327275582463785,0.009128738415645566,-0.004796397259370565,-0.031026702235246038,-0.05459950458664054,-0.0249330648471421
8.8,-0.01918655703054752,1.901639927543484e-05,0.01919362640584342,0.01218574612990125,-0.020368575187333954,0.008892269718946105,-0.008193038022622057,-0.01642763763655494,-0.02109567611113121,-0.03329325513605336,-0.058096532558033785,-0.0344981101073191
8.802,-0.013570003008886727,-0.002180522680952085,0.011375865347441788,0.009310221269304338,-0.013290498489775683,0.003896691669245669,-0.014531296775771174,-0.031679451513344316,-0.023456437278348792,-0.02310909498750778,-0.0506512411055746,-0.0343335056248555
8.804,-0.0037408978833834705,-0.006123293123468463,-0.0023823787826281004,0.005325011872354511,-0.002044233401371078,-0.005102572636914185,-0.005999075582116318,-0.01857515974240318,-0.0076574124602263845,-0.010140569674986217,-0.04031300121392399,-0.023281256712417264
8.806,0.0005712596401444899,-0.004308246594656433,-0.00487206927676147,0.0021626668978193785,0.0004975245704072162,-0.005771838161720025,0.006953956728933975,0.004957541201389548,0.005763608410518122,-0.009407897889784656,-0.04006253512699734,-0.015140769730469242
8.808,-0.003248504217527703,0.0006995291343116473,0.0039515763561670265,0.0020837731205735296,-0.006042111801817647,0.0009116660522175799,0.00815249147077187,0.008187931837549667,-0.0012922290652618755,-0.021842834500054354,-0.050866407053733076,-0.02121999978212863
8.81,-0.008846503474663541,-0.0005292613156730717,0.008314875980473767,0.005823748595387342,-0.010148288985198374,0.0024595932282195057,-0.0029346015362707485,-0.011679688935097798,-0.02041912360147442,-0.03372036041772898,-0.06115149657883785,-0.034964622957968414
8.812,-0.01011552566293292,-0.010438479162638008,-0.00032601717197699277,0.011626652117130768,-0.005161866951333194,-0.006884484026041922,-0.010822166702193606,-0.026170283209872414,-0.0282236975034225,-0.03475259406379102,-0.06173292052182396,-0.04143680555313936
8.814,-0.008943493497608843,-0.019620675012209016,-0.010655413978648396,0.016172358698462938,0.0010896075248240057,-0.016798806195298253,-0.0049478343835354065,-0.014619657857903293,-0.016237084484064107,-0.029490944545380416,-0.055892557646569654,-0.03698757923912971
8.816,-0.011774737212379963,-0.018822351050795876,-0.006914708353496021,0.01762499862105216,-0.0028473926834981034,-0.0143294220258087,0.006554345569094173,0.007842051102246346,-0.0007790556270305939,-0.029351811387717926,-0.053789587116008016,-0.0320502369720152
8.818,-0.01923687716410568,-0.011412778864549188,0.00815237060511797,0.017222725983841784,-0.015002898831508184,-0.0025475175798318522,0.00773283571390879,0.010742721548087208,-0.001699966807522796,-0.037287029265797314,-0.06011844641614124,-0.036508495396578876
8.82,-0.0236305629481226,-0.008446264040833719,0.015606444132888355,0.01700381236683767,-0.021111846242952224,0.0026756981928214756,-0.003564065252490433,-0.010563383409952477,-0.01623927120173741,-0.04379788739468388,-0.06896155028695093,-0.04660715470605644
8.822,-0.019408166881680983,-0.013605799745162687,0.006057222455125475,0.017301144029570347,-0.013723638392701933,-0.005540039100920194,-0.012250469210288582,-0.028269561295630914,-0.02314189420458463,-0.03982508572616552,-0.07102572359965897,-0.0491426346110188
8.824,-0.01152755360752785,-0.01912738690741535,-0.0076255830942479124,0.0171028078053571,-0.0024670485802400412,-0.015872375110600283,-0.0063965383662806016,-0.019038849385200892,-0.012742999665539788,-0.029520467629403822,-0.06504249734380071,-0.03895949935017865
8.826,-0.009015798795310606,-0.017434778536160402,-0.008586378416612769,0.016045836646946587,-0.0008525901689505306,-0.015231816459379093,0.00653620070588906,0.004922045807763228,6.927601415421943e-05,-0.024341263008731604,-0.05918999473849117,-0.0277228340988209
8.828,-0.012947600586318067,-0.012081056133165282,0.0006722158679858182,0.015332206200355124,-0.008034062233196967,-0.007261125971063196,0.010833151361319883,0.013347070553560353,-0.000929721228931117,-0.026884499667577378,-0.059794084414884194,-0.029546659773853148
8.83,-0.01564493331113932,-0.012723030675987065,0.002640526197195142,0.016182480999315414,-0.010919779448931766,-0.006451693396474347,0.005550642184578288,0.0007127796171188208,-0.008585305464554473,-0.028225437547142636,-0.06224311351922937,-0.04092656437202628
8.832,-0.01213778598926558,-0.02133073803978656,-0.009559291364840747,0.018231800276814685,-0.0033646979480719944,-0.016851820596537212,0.005016454093401664,-0.007323536251987047,-0.0037384882688491976,-0.021979234160236717,-0.05810720272745454,-0.04599779617801964
8.834,-0.00774290025765557,-0.029124016082507392,-0.021612580900882177,0.02024983687773759,0.004720667451949856,-0.026202329736287697,0.01597824637328628,0.0069281847983808514,0.014390594565276346,-0.014096223342700383,-0.04912876626697343,-0.04030334142112176
8.836,-0.010498194835680654,-0.0276867132042955,-0.017061063788271765,0.021296653624576826,0.000972629865825994,-0.022562630406146006,0.026242843394817104,0.026430155658460006,0.02426071603851661,-0.015243477075082815,-0.04626382624240909,-0.036124888884336244
8.838,-0.018953990218159057,-0.019351945528231197,5.9989687595644956e-05,0.020942357033267054,-0.011713705794814228,-0.010027341490120738,0.02106479875794777,0.022679988416643693,0.01059661821070915,-0.026256038347618735,-0.05350244230527093,-0.04342391841201331
8.84,-0.02288592110870444,-0.013722969357833004,0.009657577512151494,0.019235741977657705,-0.017873577438452033,-0.0032291266833756505,0.003817183249559007,-0.004302797718369732,-0.013471415531407425,-0.03507961867935981,-0.06077241823327331,-0.05555970909901685
8.842,-0.016199623260914568,-0.014661561215979117,0.0017600051573944105,0.01625946880058766,-0.009791427524921795,-0.008077049707044787,-0.0072583374594451045,-0.024251689213086375,-0.021236977875094522,-0.030744121664513596,-0.0576594449194491,-0.057949246285558725
8.844,-0.004941822853044101,-0.015462763298913605,-0.01060185103899104,0.012015882264453054,0.0020808327080641953,-0.014263514185042056,-0.0019576060665859036,-0.015558174088282788,-0.006115316351735715,-0.018188125457066977,-0.04817878892718398,-0.047295803374786664
8.846,-5.514246295398276e-06,-0.009685780585793962,-0.009834498172314216,0.007711466597895065,0.003470137641982038,-0.010414855638031741,0.009285403313732917,0.007166109588330128,0.010082344969565584,-0.013004164717735696,-0.04520094398878565,-0.037007500495770215
8.848,-0.004276885618142533,-0.0023526449138404977,0.001886989660836547,0.006309557401376083,-0.004813453575229261,-0.0011109762141628453,0.00992904795102442,0.013576238751168469,0.0061203844547109984,-0.021453428457233897,-0.05297082606290531,-0.040960219060446876
8.85,-0.010827814387042903,-0.003637294755112421,0.007253652642285958,0.009437638745936396,-0.010160867246332788,-9.909263832607614e-05,0.0005929475238818918,-0.0010460260883738423,-0.010545585476343879,-0.03362888839259139,-0.06257340174263695,-0.05545593981986591
8.852,-0.012918462508760296,-0.013354031335405537,-0.0003632400425067659,0.014196008891023909,-0.006826185945129387,-0.009443215197732533,-0.001763715654853761,-0.01050953797770682,-0.014867335341400566,-0.03847467915855608,-0.06554337978851595,-0.06420086734279094
8.854,-0.012097097601601376,-0.020153321235151546,-0.007912959092390546,0.016275822557117157,-0.0028703792218492353,-0.01620944097691675,0.010887946910458291,0.0040417183021634225,0.0006570024031958344,-0.03750492668441511,-0.06517471136881399,-0.0604618416420476
8.856,-0.01454332493013979,-0.01674983167675537,-0.0017798919765909804,0.015533644279819743,-0.00786918611130175,-0.010756526786569966,0.024839458937067044,0.026447800136651132,0.015640557563122263,-0.03904710089317234,-0.07001933768835229,-0.055303183890008725
8.858,-0.02097464649806652,-0.009535638294630569,0.012157204233827606,0.015480458457068705,-0.018696917360882123,-0.0003279379260426704,0.02299935572369336,0.026559785573758928,0.010158648959000607,-0.044011744787048626,-0.08025583989356233,-0.06060967214802489
8.86,-0.02456307348924807,-0.009848063666656188,0.015274626145349572,0.01799642052481278,-0.02241296133372748,0.0004404927715684046,0.0076861019002153405,0.001135392152068895,-0.007953768228079505,-0.04377332921125671,-0.08602764160096055,-0.07192148298941854
8.862,-0.02054813363863483,-0.01851103367116744,0.0019729847221654777,0.020808853974058895,-0.01365099150627417,-0.010373074127893052,-0.002859822971545674,-0.020185877086853918,-0.014231363587671134,-0.03255082782548859,-0.07875570614648522,-0.07530171681449499
8.864,-0.013896988907783233,-0.024958789869766,-0.011526046523760044,0.020908073670543145,-0.0029195323378478494,-0.019087703511030285,0.0018680754330544808,-0.012970134179554676,-0.0009019084983986749,-0.017186229197323197,-0.06168105250230395,-0.06732379496433001
8.866,-0.01261061825569011,-0.021873021646706528,-0.009406520379644767,0.01855643391723024,-0.0025050799832870923,-0.015311883193523798,0.012009941594726119,0.009730328290214876,0.013551753719246431,-0.010177473400178444,-0.04817087181857513,-0.0596741106376466
8.868,-0.01596461485864692,-0.014248627537261704,0.002144655996136696,0.016203050819566214,-0.00941964853238687,-0.0058245124499984,0.012373029952370492,0.016237962025938642,0.01115749614115085,-0.014002848650541438,-0.04771242080097941,-0.06253731470810246
8.87,-0.016464578738385895,-0.011931024416345134,0.005018105327111251,0.015489585291444842,-0.010873307399531787,-0.004481690506236756,0.0043423226713729295,0.0010050396271341485,-0.0003136892443585227,-0.01858981985032417,-0.05537418872746008,-0.07105712312087595
8.872,-0.012089016249809403,-0.01758665380575356,-0.00550827017249628,0.016585420223235343,-0.0033028348630801574,-0.013624356873581904,0.002969929165067344,-0.009015509769170094,0.0005828535168592914,-0.016371036072625196,-0.05983477616032947,-0.07362377748849884
8.874,-0.009576159908265242,-0.024531671548714433,-0.015371155485610724,0.0187444340139471,0.002843862692094827,-0.02167053199323172,0.01445013684918687,0.005934340844544276,0.01727649933345357,-0.012986552776386285,-0.0587565406111367,-0.06667287634976954
8.876,-0.014238696763043577,-0.024468043851156335,-0.010490603153685463,0.020312548488645797,-0.0023192829694936605,-0.01778772618311738,0.02692168473209097,0.02988424470085928,0.029178152796466655,-0.01792917302889382,-0.05888578692017175,-0.05266445064741708
8.878,-0.02077830722446319,-0.016378757286376406,0.0046034561102357135,0.019024605204752944,-0.013784645527649604,-0.005203256354433968,0.025983445457685373,0.031882516752873145,0.01998986307139593,-0.029071344125312776,-0.06268484708780779,-0.028616560012895042
8.88,-0.019021274218448035,-0.008063292280156615,0.01134713134693748,0.014299996255061424,-0.016781580218329126,0.002127864160369184,0.0134181151769507,0.007877968118499811,0.0010253211171880544,-0.033569147090151324,-0.06350158367486952,0.010726523311538647
8.882,-0.007994531950392368,-0.007256021305526913,0.0008904619213500663,0.008951572722270143,-0.006225420873098653,-0.0035961510295645246,0.004929213657635324,-0.0124358444393352,-0.003305566496348323,-0.024452650333989884,-0.05672395141932827,0.057910952086980896
8.884,0.0012416221386869935,-0.012396141181041547,-0.013763873678507578,0.006889141306847524,0.005721220965479191,-0.014229699894360954,0.009529590053150972,-0.004500001824619966,0.011717591514429018,-0.010726273187370319,-0.04926560514787745,0.0926153431280985
8.886,-0.0009077225736021758,-0.016152172580796972,-0.01539194660354869,0.00938826873776014,0.005625461623437619,-0.016997464458213287,0.017280649635191395,0.018153512661673244,0.024785701322163047,-0.006765879748048046,-0.051527216290277414,0.10076305278167012
8.888,-0.009893739738518322,-0.016026942243468803,-0.006137977406260178,0.013839293376207804,-0.003137046973319263,-0.011924764961924903,0.013388579656452407,0.023200923744622022,0.017549159940486145,-0.014001727137467394,-0.062191794495587226,0.08931915430130634
8.89,-0.013085608149322702,-0.015873209538392885,-0.0027098986205291047,0.015974520833200414,-0.005965608307186312,-0.009924244284394548,0.0007014625502041816,0.00574791975214452,-9.04531624045218e-06,-0.019981139993111408,-0.06859784623015962,0.07946070587769903
8.892,-0.006908889608943463,-0.017921046634888353,-0.010972200352955038,0.014110480279754334,0.001715814555336695,-0.015148536334126026,-0.002988767567641591,-0.004993297702326623,-0.002983018414180052,-0.016283952399931148,-0.06380320568367474,0.0847938402333761
8.894,-0.0011723540445529924,-0.018693239139484348,-0.0175440545376944,0.011064553462397238,0.007921275571689465,-0.018670518579398682,0.009603921191638162,0.011625535356439782,0.014170882178006381,-0.009657899529425673,-0.05651561121330715,0.09855252655863568
8.896,-0.00519432348338253,-0.014165703565270618,-0.009004230857047518,0.010566028941920175,0.0009503815374208995,-0.01171949361849233,0.024185602882525394,0.03744520012812011,0.029453539130274077,-0.011832775948058387,-0.05950966380862787,0.10392219093703987
8.898,-0.014407431027904514,-0.006139446201745381,0.008264925676954906,0.011914287531938229,-0.01316581927795043,0.000983038469811374,0.023927025852909508,0.0395026699884876,0.02249453107353966,-0.022936449482719664,-0.0720487715333008,0.09412464677501037
8.9,-0.015551721059373063,-0.0010636028186195312,0.014504577491974573,0.010698434820449963,-0.016799937303748208,0.00608215534707197,0.011620680538092874,0.01443551365703012,0.0014596574311334708,-0.03055508592447173,-0.08026493304445895,0.07933393954652122
8.902,-0.00530951647034509,-0.0026150850009847328,0.0027039618797026254,0.005899058514822468,-0.004642777905867353,-0.0010978118948287983,0.004685001825854867,-0.007112404810303708,-0.008744741441043851,-0.02588779765092098,-0.07518811671523098,0.07361238308507179
8.904,0.003046375469791584,-0.007375489737145606,-0.010426294557223822,0.003005885976903239,0.007121626577247724,-0.009920437164631321,0.011372034075647585,-0.0010596912867844278,0.0005845668850653939,-0.015342056799891314,-0.06354260336911044,0.07828306034587508
8.906,-0.0030943730985842984,-0.010071524045100758,-0.00700640691026098,0.007275340949015937,0.0021340621424832933,-0.009229908610386263,0.020702080467890047,0.019337416621239955,0.012752678141217631,-0.011449383856265987,-0.05742209967418329,0.08200545026743813
8.908,-0.0176897369305357,-0.011578707710471696,0.005978636003160277,0.016325466822293664,-0.012915123055511997,-0.003681946291942369,0.01811938021339032,0.023088912258242805,0.01002515090736512,-0.01625823412912519,-0.059121236511754806,0.07627942734224376
8.91,-0.023794455062145014,-0.016874532206724968,0.006595981814587059,0.022790664709304277,-0.017320085125864065,-0.006816169270033783,0.005843110557400488,0.005186183365788418,-0.002555380465775469,-0.02065943415187856,-0.06093890227314279,0.06621482026729571
8.912,-0.015798142511568868,-0.025674354604951367,-0.010296568042004392,0.02292280721653311,-0.004705442091930686,-0.020525031798716897,0.00033983908456339674,-0.006509456012327992,-0.005323303676720835,-0.018371014196099714,-0.05718347920402731,0.06305780131818597
8.914,-0.005212834984349711,-0.030291820936238466,-0.025335350287243475,0.019307468698798968,0.009058469821617874,-0.030658574575510494,0.00956407589061787,0.00845827524313912,0.007713562042507947,-0.013563151373959977,-0.05193143252524705,0.0689740971979135
8.916,-0.0044723365698498534,-0.02420965356546074,-0.01971326443887212,0.015840034191134052,0.007069254675037672,-0.024286209497120903,0.021636047013195957,0.033196326287455676,0.019711927141859705,-0.013953545368403496,-0.053293418660016266,0.07442662474909441
8.918,-0.011215429529415547,-0.01095356185890489,0.00040733953828174665,0.013184610488828906,-0.0069402633686223274,-0.006530292908787703,0.02057596497690826,0.03579172295876407,0.014309932943555941,-0.020004768781994288,-0.06175824436610276,0.07088835882913867
8.92,-0.012925605114149379,-0.0019161384820583311,0.011051472173355819,0.010083178513537516,-0.013953846186688797,0.004109912389124597,0.007709784575450236,0.012758328941541917,-0.0009390379881327088,-0.0232655334731895,-0.06816854229570453,0.061873006456367674
8.922,-0.005553525058228594,-0.004407267924811326,0.0009693370914329264,0.0074702800104211485,-0.005319027180753949,-0.0023789597911749935,0.0001899604551877384,-0.006128552390619021,-0.004761931202947529,-0.01707645554366147,-0.06476406048033936,0.05795877071429531
8.924,0.00047840343203393333,-0.013792533735951826,-0.014654921553121352,0.008222127118501798,0.006189419610471061,-0.01572972165973401,0.007874977299394136,0.0016429275198161723,0.0082032473062609,-0.007059297657543076,-0.055462362885247314,0.06222561083335336
8.926,-0.0036221380443556203,-0.019383157182807604,-0.016208082186391203,0.012210855083710484,0.0056415123664359185,-0.019698319399914392,0.019479351804813444,0.021307416204892304,0.019983989564367616,-0.005036525128835694,-0.05140497250584901,0.06578723793484437
8.928,-0.011890661571987864,-0.017679391568544065,-0.006146070962899266,0.015701493765538435,-0.0033545474489142984,-0.013416750574188056,0.018322329369603287,0.023032518985135246,0.0144059922505016,-0.012526485146951873,-0.056090694870739616,0.06062030550784782
8.93,-0.013346153963079031,-0.015756171993774576,-0.002718233145935037,0.016680080799958155,-0.0063029605967592165,-0.010070945038743164,0.006535816376517353,0.0047862381898528305,0.00024233748773268033,-0.018621244053774574,-0.06030914902516113,0.05182690532427332
8.932,-0.0078905366022134,-0.019670844956175815,-0.012175192217286248,0.016769994773368116,0.00046260821524304847,-0.016238923538205677,0.0021384597458691088,-0.00560895640557081,-0.0008919860027841119,-0.016256477963692728,-0.05538144567726574,0.05028063024685909
8.934,-0.0054357856550544485,-0.025104556820278727,-0.020069790118723948,0.01769687504688631,0.005398673152151007,-0.02274728740244538,0.01237242938236481,0.008647122098463852,0.013949852380737328,-0.012093844352742793,-0.045590752901856275,0.05631466736981607
8.936,-0.011749107129464057,-0.023500853200379514,-0.011868655438707484,0.018776964922265455,-0.0017371246732843769,-0.018215846459140914,0.02244410925567796,0.028430255761931145,0.02309422598142013,-0.016292198343979433,-0.04138896808884731,0.05889883607745758
8.938,-0.020377822705224154,-0.014057902507843669,0.006582628080957742,0.018026250387098503,-0.015232460574085236,-0.00491920605568472,0.01629559810501362,0.0246118388684955,0.0098385524133596,-0.027714882086295932,-0.04468288690658805,0.05084462375959683
8.94,-0.02043157639005003,-0.00510565779417765,0.01567187081579502,0.014509577056640726,-0.019800590123387172,0.003733330887554114,-0.00010960919736857606,-0.0008877788163029937,-0.012811464202643952,-0.034153131042605304,-0.04773599122489943,0.03882507788766804
8.942,-0.01021253377986755,-0.0036650066287157576,0.006649466655513145,0.009458115415178736,-0.010110503738640867,4.733192556399831e-05,-0.006134253041387977,-0.016353136373168962,-0.018243528318456784,-0.027547774810767735,-0.04508112421184364,0.035267370283208414
8.944,-0.00019428710188316314,-0.007445066705538607,-0.0073772632491736845,0.005750652587127768,0.00193423971643928,-0.008547619427134345,0.005462274366109788,-0.0032080660116341063,-0.0022434345602791905,-0.015400100426134638,-0.04079229491216072,0.04222026244862333
8.946,-0.0011627103708481943,-0.00957509521214288,-0.008555085226741366,0.006061041233761107,0.002045871838990559,-0.009865464022963273,0.018750169506751457,0.01878162963458756,0.011966534846641038,-0.011676761054991524,-0.0424409953578791,0.04837761495581742
8.948,-0.011197450137192323,-0.009202441992421566,0.001849826775071986,0.010624092783731661,-0.008216717795526043,-0.0041304497211373204,0.01635651143933055,0.019307987233501012,0.006707007806715999,-0.018147016704142573,-0.05064389159504461,0.04458256809935468
8.95,-0.018504793348259604,-0.012120129751468353,0.0059732443372778705,0.016649890657147313,-0.01425430540112278,-0.0034323021979642205,0.002819724018997904,-0.00016736432291117917,-0.006243966651653851,-0.022945377610929817,-0.057767888890272845,0.03658660151055392
8.952,-0.016515473229169644,-0.02013235106304898,-0.00446928997669439,0.02046162411837629,-0.008543591835131738,-0.013080477926489274,-0.0019751618157436675,-0.00916966674875492,-0.003738475156401098,-0.017128946171143442,-0.057334313532232214,0.036273388880829885
8.954,-0.011314984037032625,-0.026953627844362497,-0.016646090833050173,0.0211328849507488,-0.00011085639609921739,-0.023305171941674547,0.009586993285365357,0.007981979740135594,0.015151151215096135,-0.005684395836910348,-0.052029475560712975,0.04411453497946138
8.956,-0.012501450563323729,-0.027042852997121718,-0.0150897031655203,0.021113276505352937,-0.001186573727004838,-0.023159908294312158,0.022041382024580114,0.029165706285545667,0.026296748366742458,-0.0010551031684861679,-0.04985171640113698,0.04768269955306542
8.958,-0.01979018248672723,-0.02237732362080523,-0.002343770917385597,0.021974610513830522,-0.01032953315828533,-0.014584211558405218,0.01829058912267731,0.024459063027935816,0.012346042531265046,-0.007564023584589733,-0.052772862815390356,0.038232177010197446
8.96,-0.023013737053196072,-0.018593422231462015,0.005114361762566587,0.02175860813604698,-0.014528842757243181,-0.008597321239882964,0.0032330312151669567,-0.002219976065438203,-0.012642349301363688,-0.014874304999239252,-0.05321807711621451,0.023593000859071702
8.962,-0.015696094999398624,-0.018116821887589053,-0.0018639236942169077,0.018342103923532877,-0.006553744328990339,-0.011413671135126145,-0.003491036590030818,-0.017637815902821357,-0.01977619395448469,-0.010988223190839874,-0.0446317349807561,0.019533628795779745
8.964,-0.004571521356635088,-0.018411780913525116,-0.013582557136171186,0.013334650343479408,0.0050377858269755596,-0.01727585067423696,0.006034439305618993,-0.003434505171085243,-0.0027434992019440174,0.0006795131722555131,-0.032331746303580614,0.02960419031986971
8.966,-0.001536074721789355,-0.016249690584175448,-0.014547621547050579,0.010473374885660748,0.006758110858244813,-0.016534542257304045,0.01868257237512461,0.020088048201993086,0.014544231664925349,0.005355610709508953,-0.028396816962054948,0.040319125987107234
8.968,-0.00737234719895093,-0.013006805304922328,-0.005471452098431127,0.011024921566863152,-0.0010356237886936877,-0.010084870071812094,0.018927874086725343,0.02211125060479264,0.01101602118021918,-0.0024497338845264754,-0.03557734683629794,0.039135341491457955
8.97,-0.010875585548744725,-0.013577152320403072,-0.002635180625365072,0.012797521876651242,-0.004542042300245163,-0.009056662782718028,0.009662287447255048,0.0035567874847783803,-0.003980906253136639,-0.012126851477244623,-0.0429112528181344,0.03050471101201334
8.972,-0.005860835717660458,-0.019188108747893305,-0.01335690739426564,0.01372683441820526,0.0027885813053303414,-0.017850006748576477,0.006876059296209892,-0.005411016741942865,-0.006425888097894521,-0.012739461844793003,-0.04059143694189384,0.027334820434650558
8.974,-0.0007429488199180684,-0.024687825663413637,-0.023859660201475938,0.014817101768778972,0.010025421687420655,-0.026269172784641186,0.016491554410408484,0.010639463442990946,0.007744739870908985,-0.007520523729915531,-0.03248150030712344,0.031783402421720355
8.976,-0.006212657594464634,-0.024870011231939704,-0.018206035785120013,0.01801297290206837,0.004392359995420818,-0.023460612702626518,0.0258728730346225,0.02981426758601716,0.01732351685835848,-0.008220095985363269,-0.029398881086375197,0.03340708729790519
8.978,-0.018822594689551598,-0.020620668924180123,-0.0010365078902693314,0.02180417199862655,-0.010117506163041029,-0.012730103350250592,0.020552952333641787,0.023031390256763668,0.0054170544843429504,-0.017979675722260814,-0.034932351864042574,0.02524025797406092
8.98,-0.024540400189820847,-0.01712755474979963,0.0079800826178816,0.022216840366623556,-0.01742587667325742,-0.006607402401118472,0.003930450282093694,-0.005340671785585314,-0.01655930614716344,-0.025597473852349957,-0.04234895458015467,0.014492468791801123
8.982,-0.017316632952408623,-0.01747777609386913,-0.000267076575758581,0.018387999836079066,-0.0101039087584544,-0.010550496452111766,-0.005730346342380612,-0.022177033256595233,-0.022962332647485387,-0.020156298435173796,-0.04373296967398983,0.013707927519673868
8.984,-0.006840338905831424,-0.019185764926440797,-0.012932699654358172,0.01390916403177564,0.001413849791042011,-0.016769249914002162,0.0017001691527884335,-0.00908181527096526,-0.007100343053755611,-0.007390472860491411,-0.038727469776064664,0.024108941021427268
8.986,-0.006110944410217959,-0.01811669085037451,-0.012341658181108836,0.012801300890263274,0.0020543217641960463,-0.015329373481918046,0.015008300848191058,0.01417469870413472,0.010754813686806945,-0.003403096655543511,-0.033237136991190346,0.033189450419345776
8.988,-0.015162205365316811,-0.015173669315598886,0.00030958030620193176,0.015685918431697428,-0.008453922907836652,-0.008160588686888445,0.017075456623984284,0.017618926192983282,0.01043211891369622,-0.012379977314377545,-0.030741337806763344,0.030723087173505217
8.99,-0.021501102838241127,-0.015454282064072011,0.006569307720545534,0.01929422873758798,-0.015110092522484773,-0.006478854349841954,0.008461679150996482,0.001991930342359995,-0.002546302892861592,-0.02130552514768695,-0.028224056434525947,0.021767112582484618
8.992,-0.017298529919455376,-0.020542866785899054,-0.0033053139060510136,0.02017683139675338,-0.008546140418546132,-0.014461295453026487,0.0053493183509313435,-0.004395773170487741,-0.006995107921537682,-0.019398116698256137,-0.022873366177837123,0.01834588065989228
8.994,-0.009983862108595401,-0.02538150890278917,-0.01609700361346806,0.018829427401173576,0.0013894803653357285,-0.022521733216069158,0.015142174381959769,0.012570337250866188,0.0035200058331168356,-0.012265206643483927,-0.018984138766096087,0.022553524260595106
8.996,-0.010980527989990786,-0.02419108755165494,-0.013677876837762346,0.018142017398206357,-0.0004487396860765661,-0.019968982852315863,0.025072595610779097,0.03156552068942626,0.012207345240369611,-0.012264518540699368,-0.023664614817531338,0.024512137542769655
8.998,-0.0191632137625823,-0.017882092494461384,0.0017308601732258977,0.018639541969975273,-0.01272732210461661,-0.009481429660663074,0.019613961822131758,0.024160052886748273,0.0032266564311433567,-0.020873136596066252,-0.03685219827234875,0.016395779685540703
9.0,-0.023199833966199707,-0.013451778407398949,0.01067396872529715,0.01843132329094229,-0.019453033098643126,-0.0036003391606129476,0.0027612537419437777,-0.005208808973666592,-0.015046662863233477,-0.026254628015199004,-0.04928841460500216,0.0038986032107278614
9.002,-0.01834092879264912,-0.01565025142311326,0.0031054095707349007,0.017438328059094024,-0.012462672383927013,-0.008464299495633841,-0.006254034655008707,-0.02308970565823629,-0.020632813367645497,-0.019315562133246856,-0.052393653439874045,-0.00037031844025562743
9.004,-0.012393062671964996,-0.02086751401409218,-0.008837432493428271,0.017793723759346017,-0.0021363444001858186,-0.01640378688080405,0.0012658783967279608,-0.011360204152297658,-0.00844615041338658,-0.007411747581030461,-0.048312118390982074,0.006174437432552036
9.006,-0.013154122250958994,-0.02141740059338755,-0.008722345222511668,0.019406228223968806,-0.001778573565192019,-0.01649001777632499,0.012320659547829464,0.009604449514555009,0.0028843288265168183,-0.005229834213597194,-0.04608406939293731,0.012547283046485351
9.008,-0.01713341429657817,-0.016064949818166283,0.0011416934322010673,0.01919708671348263,-0.008940099654839715,-0.009283413804153736,0.010927821590939454,0.011140555546681839,-0.0022160331437809516,-0.01423269674491151,-0.04859721371587812,0.009797831927151437
9.01,-0.015748607127952754,-0.011845332593852578,0.004334334989422642,0.015888917983068386,-0.010575378399082893,-0.0054147691039467235,0.0004012494968382548,-0.003789513621305424,-0.01457825015945568,-0.02091267966448046,-0.04926725757370717,0.0034158395709200005
9.012,-0.00873275671150914,-0.013566584273149159,-0.00456886932152523,0.012330236654337075,-0.0031815147829301247,-0.009713366921253533,-0.001660794969954897,-0.007149098227541923,-0.014005384916738162,-0.016145534306964002,-0.04315878671902378,0.004453468803398053
9.014,-0.005256353029851323,-0.017191833043270335,-0.011909264123701024,0.012118477961028115,0.0021284129079064294,-0.014463392430664081,0.011260822018154834,0.012392053309757067,0.0019115464307674556,-0.006994061407621702,-0.03557584633860295,0.012517044919052232
9.016,-0.011314572879719993,-0.016500845137866055,-0.005067781982420153,0.01543316258224064,-0.004169380870255252,-0.011083689625093991,0.024297540673596518,0.031847972878216786,0.01326254407069932,-0.005842263105891296,-0.03543339880549782,0.015279227052298
9.018,-0.02100967536093527,-0.012507704351086122,0.008758165079222386,0.019124518022166,-0.0160983772464705,-0.0029434851009158256,0.020529117924829025,0.023898538760027597,0.0035514692157941146,-0.013330498428852748,-0.0430139100705197,0.004974747878356441
9.02,-0.02397419279822147,-0.012250778178320747,0.011714349862809581,0.020556168128247558,-0.019520757130822616,-0.0013707659262541896,0.003496965204724062,-0.006337368390926435,-0.01781615678277912,-0.017802985343763175,-0.048927261476525,-0.01053488301232342
9.022,-0.018631743230741148,-0.018438947497507508,-0.00030499589633036097,0.020184582401460375,-0.01079347344298765,-0.00993414599703446,-0.007573962900514557,-0.026701245195842358,-0.026790496582408833,-0.011816002449080668,-0.045896708365643774,-0.016586690109992794
9.024,-0.0136674317802606,-0.02478745941052403,-0.011734977078154246,0.020159687513449848,-0.0018546835923001737,-0.018613708685195175,-0.0024393993142212142,-0.018342066786126994,-0.01577545632861184,-0.0031411212636098516,-0.038365647745805476,-0.00966851254128447
9.026,-0.0162865865655338,-0.023993052193828836,-0.007880203543369343,0.02107205678816129,-0.004575097666645305,-0.01656260123368738,0.008373782326447641,0.001779535568251982,-0.0029233996146539255,-0.004378088432777761,-0.03632406758561769,-0.0016642614349387972
9.028,-0.023084771776575894,-0.017669002505527828,0.005742775767382804,0.02144893138436095,-0.015194849743844148,-0.006957610852663922,0.008859127359393358,0.005336882631882825,-0.006378769384233512,-0.015619151207455134,-0.041000704772206215,-0.003548503431064519
9.03,-0.025503024497958913,-0.014521874844019888,0.01126825691592309,0.020738243401937778,-0.020125839963828322,-0.0031692320607596574,-0.0003863439952342995,-0.008364987095114967,-0.018712794014598175,-0.02439072255528635,-0.0434452517164092,-0.010248492949162817
9.032,-0.021299032036506623,-0.018194366277831536,0.0028892162440126022,0.020131745529444578,-0.014351009468600283,-0.010003491994951628,-0.003283340283346615,-0.012681203650172015,-0.01859538164150304,-0.021925507303362936,-0.03791321337754092,-0.009359273589557791
9.034,-0.016686257743506516,-0.02193608215422367,-0.005712681586288711,0.020072699394284823,-0.007163885544623947,-0.016493100752675204,0.007942582603977094,0.006545230883917364,-0.003140254508066316,-0.013723805412836146,-0.02994644514974388,-0.0009531765639050051
9.036,-0.017518367777784986,-0.018321395718786614,-0.0008669617524269647,0.019509133642132147,-0.008874633442526285,-0.011424972398749258,0.020624458923440274,0.028596235539044144,0.007144900777723701,-0.011732270213958087,-0.028763142437547143,0.0019587262962752717
9.038,-0.021145560807517734,-0.00974184647657451,0.011877455433062194,0.017565825807640024,-0.016654946272827938,0.00044561689067095796,0.019359376930565147,0.02502343055980879,-0.0024276960632890992,-0.018720654640945827,-0.03519318923339495,-0.007337357936260967
9.04,-0.01998881572970099,-0.005283749645562286,0.015192171278143927,0.014700693161897696,-0.018381812248309516,0.0044045238039968964,0.007224250102165793,-0.0016735419173568558,-0.020664116001304658,-0.024969397809195916,-0.04024571884361426,-0.01922119154077758
9.042,-0.012659098806513773,-0.00933999420837346,0.0034059134412124715,0.012652565414351278,-0.009579241245339118,-0.0047111238786517245,0.00046941557680894543,-0.02079847324133047,-0.02628575869033695,-0.02145154326104052,-0.03647618593218887,-0.02047037370241772
9.044,-0.007206062995804035,-0.016672298901521113,-0.009560443213556133,0.013306304441225476,-0.00046709370624186563,-0.015792550908393273,0.006163056477391303,-0.013156306714332856,-0.015507949423465237,-0.012183996915216651,-0.028612495207067438,-0.011052750308202044
9.046,-0.010543691111281199,-0.019027741245814352,-0.008307204212787328,0.016144713920552427,-0.0025153626949121896,-0.01592156740883926,0.013726927447118266,0.005282128756173843,-0.005762127452771307,-0.009234125744007535,-0.02806278065204639,-0.0035774121697897837
9.048,-0.017687013704379063,-0.015274633558809373,0.0028824974969505314,0.017700432090435265,-0.011657339830422248,-0.0073082140737040285,0.010739978035802799,0.0070484965991177385,-0.01140545679020362,-0.01622982102116333,-0.03652450864098828,-0.0070627610529185305
9.05,-0.017537362675807196,-0.01251404277921809,0.005383454108811887,0.015929837012368147,-0.012966650464065003,-0.0039155828966902124,0.0013579680238526059,-0.00781199517913712,-0.02297032032206931,-0.02309584612541757,-0.042198909447539734,-0.015120528513416602
9.052,-0.008385151123125092,-0.015454433190001109,-0.007070540785511652,0.012990958516903404,-0.0022103383860856544,-0.011391852065492186,0.0011849481819944606,-0.012411423569413802,-0.020112987723813883,-0.020134859147877264,-0.03608813624125612,-0.014438027723292581
9.054,-0.0008750659668016472,-0.018971990865296516,-0.01828796866267723,0.011695544217954688,0.007207411184371388,-0.01873527054333162,0.014604835119842325,0.007041655056954329,-0.0017838233154876893,-0.01146071114045704,-0.0254791452720185,-0.00355818681123403
9.056,-0.00398711847979707,-0.015550958845130981,-0.011661982734860988,0.01190762398860712,0.002659822417683144,-0.013950423549411188,0.026653586865525165,0.02879772514541737,0.009850457506595432,-0.008889807314066567,-0.02441628524962802,0.0037022367809161068
9.058,-0.012683441159988103,-0.0060744328297755255,0.006663128974864072,0.011250344769167727,-0.010194792961905858,-0.0008431730300964178,0.022340197679935454,0.02304538873376952,-0.0011427764830190849,-0.015279149941687619,-0.03420480570262159,-0.0036651594035424853
9.06,-0.014251351893474418,0.001212105799631613,0.015542745300138442,0.008008477243473752,-0.015016671807177608,0.006190084625288377,0.007132752834150218,-0.0071610807050263865,-0.022046231234128202,-0.020475391118238907,-0.04146328608180752,-0.01834605389338505
9.062,-0.0057511323298928205,0.0006232557380572924,0.006383111827492705,0.003672547959144677,-0.006531441031853219,0.0009618484533690113,-0.00024824011624815075,-0.0278735053287169,-0.02758268746263547,-0.014922812449963381,-0.035789559400211154,-0.024033421188932185
9.064,0.0011341552264698702,-0.005018220136839696,-0.0061693862603719755,0.0024626838553607707,0.0026309259497745334,-0.007247728942659324,0.007637289204919545,-0.017758476797186847,-0.012925258698139784,-0.002967245697727467,-0.02285211338190692,-0.017181990830692835
9.066,-0.005189449778264286,-0.009497607285881128,-0.004200204697313761,0.007497298718749628,-0.001609278719390283,-0.007066263593162823,0.018102670163975255,0.004993572191143639,0.0007122070379763053,0.0012375959124907988,-0.0168953442484702,-0.010804618955156685
9.068,-0.021259158384389246,-0.01230992851503393,0.009264787290294969,0.017469828479859725,-0.01641567641891945,-0.0009763131930028978,0.015795660209862436,0.00877115162109609,-0.004583303135040339,-0.008328263791823163,-0.02271096935022439,-0.015461481576172558
9.07,-0.032615912168173486,-0.01812602884135701,0.01479872936805481,0.027197818788533983,-0.025539773986540327,-0.0013936008573190001,0.003143324209397583,-0.008313084252077352,-0.019452296983502374,-0.02108653625631834,-0.030636377538166937,-0.024901808639036484
9.072,-0.03126935226592458,-0.027296199515155484,0.003926100217069175,0.031647119542006,-0.02034635858986523,-0.012099077461479407,-0.0031812487779620613,-0.018408934564450013,-0.0222973276526356,-0.02385215736285297,-0.031394040875781334,-0.026384798650962264
9.074,-0.023850182264167675,-0.03208783714273341,-0.008540879672793327,0.029595853017826957,-0.010480427440628092,-0.021207506366359312,0.005330501318421324,-0.00486443584221948,-0.01024368771687716,-0.01774236341594458,-0.028502170608787035,-0.019394190539459323
9.076,-0.02065548277957743,-0.025344145900345352,-0.0046367578316721236,0.023425278990907666,-0.009872002292775572,-0.01609528794156767,0.017666204908550337,0.014510717646721962,-0.0016079816784768533,-0.01462454349697533,-0.030773679289425204,-0.016225988618109168
9.078,-0.021726971516534434,-0.010927780071446838,0.011513525810675525,0.01647278525860747,-0.017562201761414903,-0.0009215536777837637,0.017945623449300622,0.012397009156215937,-0.009301733874719581,-0.019673856334760827,-0.03837686070054426,-0.024534183633770832
9.08,-0.01922428364120072,-0.001225860330818044,0.018872377712896224,0.011382429910243496,-0.019967631515189297,0.007485126416699602,0.006524670514459527,-0.010311493609936119,-0.02355821526717504,-0.02494166928650101,-0.042544110155797656,-0.03581081048991495
9.082,-0.011209367411269908,-0.003570368768404401,0.0080112828785809,0.009846815840634422,-0.010781240407930201,0.0006554106848485742,-0.0013400084606190897,-0.025727319847935293,-0.025954480982093697,-0.021824627073148892,-0.03760132002844507,-0.03651396893191708
9.084,-0.006434854925909807,-0.012756410029866692,-0.006385454216761359,0.012342715797529068,-0.0007790266251398092,-0.011372995552516965,0.003059517501537588,-0.016442414778198668,-0.01412595167129881,-0.013767612847479363,-0.028692493342450973,-0.027053755386094742
9.086,-0.012955205351127123,-0.018289953908535803,-0.0051723299101950745,0.017359716941169803,-0.003930393193145379,-0.013528911409454775,0.010419721568117055,0.0021629420752072035,-0.004802649199981372,-0.011334360499646737,-0.025101512104834463,-0.021432423559768068
9.088,-0.025062622278509382,-0.016289319854747686,0.009489086380570997,0.021192799016217113,-0.017324388847569653,-0.0050379889350782425,0.007562785076982414,0.0038950131269125353,-0.011323933441088046,-0.016914994202747873,-0.0277323980570672,-0.027618743464058064
9.09,-0.027905472800425518,-0.01188899544451236,0.01683645178323514,0.02039361838816087,-0.02321066645784292,0.000866634313246575,-0.002826693472110005,-0.011969581214377472,-0.024676237735185465,-0.021527820268771765,-0.028453108467067067,-0.03648196837980935
9.092,-0.017333960991091836,-0.011193224139582807,0.0064792379755669975,0.01598114874222435,-0.013431897554534626,-0.004009176225654302,-0.005821510145809239,-0.020453472388182767,-0.02538219429454951,-0.018649947610833266,-0.02283554043172819,-0.035533303370399276
9.094,-0.006973209055150984,-0.013508295111319048,-0.006610673161919542,0.012902320403195399,-0.001701120810811195,-0.011727437963832953,0.0038609016924439736,-0.007373651089707484,-0.011626786961911193,-0.01387735949873839,-0.01692656520910177,-0.027230101450032764
9.096,-0.009540141517589508,-0.012857638431405862,-0.003263165074769922,0.013289937416558536,-0.004237982528983972,-0.00976066873127426,0.01391085241274258,0.009857848705135477,-0.0034697174737585634,-0.016315030921853144,-0.01818792357937259,-0.025388410458994152
9.098,-0.019540664698939135,-0.0070882597548843455,0.012846639000066148,0.013890729394022288,-0.017061301211817384,0.0011982500271681162,0.01105885724197893,0.006526701643062651,-0.015412701838110093,-0.025006089564191026,-0.025180256904773515,-0.036082001485237804
9.1,-0.022343703349757257,-0.002081826430677756,0.02064951589606991,0.01197112894833334,-0.022530625566449157,0.007597833847660086,-0.0009823079632781011,-0.014519842993562638,-0.034927720357227486,-0.029284843182506334,-0.029937170345103327,-0.04913922345043352
9.102,-0.014187840454392647,-0.003786565850102082,0.01045444684766205,0.009278741544567697,-0.013634665292700562,0.0013934754466105091,-0.006089881087063143,-0.026247369284789306,-0.03871724939912536,-0.02281304342017956,-0.028325292855353238,-0.05091408362525383
9.104,-0.005479509045725823,-0.009088753236822062,-0.003788930395427915,0.008430222189912259,-0.002240261336328445,-0.008559357575923611,0.002991380940618028,-0.014065167845655353,-0.024819556607498197,-0.01299880473117175,-0.025257501510974056,-0.04188621634691331
9.106,-0.00582902335696521,-0.00959755255427638,-0.003890806046528134,0.00897327127746539,-0.00225745421433485,-0.00830513387231918,0.014885399694550716,0.0050610295839858144,-0.014323515664136473,-0.012100764984324266,-0.02806047749199264,-0.03575583187251463
9.108,-0.011962173328365085,-0.004220674103951834,0.007777896516454122,0.008966126392942532,-0.011006032830604333,0.001395310576107266,0.014900207853494692,0.00617203649370735,-0.02146458725629615,-0.0211204446646044,-0.03615966987580499,-0.04082372595728983
9.11,-0.013922257420510545,-0.001985015304929339,0.01202121691609799,0.0085994782364913,-0.013844336812768785,0.00542830545550455,0.0050566715757366905,-0.009995866432825877,-0.03525771566904099,-0.028955127571725192,-0.041642572519887615,-0.049017001632540635
9.112,-0.009773118138386341,-0.009032725681391036,0.0007829601416938991,0.010164449654510695,-0.005674243036284872,-0.004065731835814115,0.0009776644843718335,-0.018560248207584323,-0.036113612755309464,-0.027640695004584773,-0.040014951490758954,-0.04784787819637648
9.114,-0.007676094035420975,-0.01860303271439246,-0.010831445165923305,0.014404188625834135,0.0015611242052167146,-0.015934471846588905,0.00971838454345112,-0.005419878472864245,-0.022883900341228405,-0.022080151752066485,-0.03585472675043197,-0.03807345603020512
9.116,-0.012801470271009134,-0.019812192592549484,-0.006711667572006824,0.01823929528676588,-0.003339523338030455,-0.015706618181919107,0.01972936348741025,0.011885448430062125,-0.014309415207788147,-0.022199131400974795,-0.03612597283348925,-0.03222382891304066
9.118,-0.01901954634695998,-0.012400500168734003,0.00704763358806044,0.017876381602235723,-0.014363922621624958,-0.005298134901906112,0.016760316647866598,0.007269265918055396,-0.023436322542961723,-0.029130950296659953,-0.040504232445976784,-0.03719650233865889
9.12,-0.01796327433685238,-0.0059313671578250255,0.012305777415571626,0.01381785516439556,-0.017611522903456467,0.0015800593376406019,0.003702545458589223,-0.017082933933523604,-0.03928259797267686,-0.033163302498606856,-0.041456218528097256,-0.04533567666858507
9.122,-0.010927432143024817,-0.006148017474885631,0.0047372921616560286,0.010103368865206876,-0.010794238750292545,-0.001136694112910722,-0.002610224401465513,-0.03165093384913101,-0.04116986993858187,-0.026493726998119842,-0.03437923512234977,-0.045022467766160396
9.124,-0.00630595625487494,-0.008454896557236377,-0.002433432046835838,0.008889717177428764,-0.0045693413840910465,-0.005662248798676972,0.006222049737264818,-0.018455338397802966,-0.026991547422701632,-0.014977381221816329,-0.024802628458676788,-0.03584828212229618
9.126,-0.007891650851896562,-0.005564134486093033,0.0019303607840189156,0.00840065153650949,-0.006804687675353992,-0.002681785503751189,0.018664215040759394,0.004837867974300806,-0.016413917611388048,-0.011594023188406523,-0.02192323265716392,-0.028762113470892595
9.128,-0.010436526888399819,0.001553855330694605,0.0116148193144948,0.006467162709849249,-0.012308296332854903,0.0051591047605703995,0.018997960164748185,0.008762193001516915,-0.02358650844403526,-0.01885409119013229,-0.026279701119754896,-0.03128019823423319
9.13,-0.008300262275795897,0.0036415173754016108,0.011746651625929576,0.004497832213158483,-0.011310880826082888,0.0062000510119623355,0.008939254396431624,-0.00824105556742387,-0.03724471026918751,-0.02607871115966526,-0.029727832592138948,-0.037792668232043546
9.132,-0.004961613813905304,-0.00436006220842054,0.0006527358047303763,0.006187378412133047,-0.004757903380335672,-0.0033934450682095996,0.004782918747939701,-0.01901266580517528,-0.0367962925242622,-0.02532292713797446,-0.027745984339937704,-0.03839038471883036
9.134,-0.008785488714212218,-0.015494575952595022,-0.0064411473617597146,0.012486223285462058,-0.0037568068727149924,-0.012967967364281916,0.014177204561437196,-0.006708193727058795,-0.022014037681934027,-0.021252098814148638,-0.025427608371039613,-0.03264896448313205
9.136,-0.020330735088172087,-0.01961276439888907,0.001223113880093176,0.01978677547695408,-0.013226144234880442,-0.011740073012373372,0.02479505235609715,0.010895672310227346,-0.014549522231395396,-0.022577836561436436,-0.029508807357850445,-0.02738137327171385
9.138,-0.02970136319499185,-0.015938904636417752,0.014453344991505175,0.02353890379951249,-0.023805273672953365,-0.003184795669426314,0.020907544333498826,0.005803811990103322,-0.028206834777551065,-0.02935820449699638,-0.03863705786727923,-0.022293530810941722
9.14,-0.028638018571305487,-0.012596878956054552,0.016544982972674285,0.0229203648067466,-0.023911813246605004,0.0004408630953610869,0.005208337601317106,-0.020952529892039357,-0.04884459527920113,-0.03303344787595546,-0.04499487461419865,-0.00824177158995838
9.142,-0.02066354958780791,-0.01508031192941091,0.005485066134232926,0.020993794310272762,-0.014623996200805435,-0.0054106020742398985,-0.0045604656673414725,-0.03987550459506007,-0.05228603443262887,-0.028331291031873897,-0.04418204626204007,0.017177525422819393
9.144,-0.01580484864967137,-0.01892043276603239,-0.003686646308422041,0.020209452057525116,-0.007887503150617935,-0.011755694552235773,0.0012906678021654622,-0.0317082374389659,-0.03559508079862513,-0.020680549843725558,-0.03979776260991996,0.042160817680631145
9.146,-0.018141042365787213,-0.01637773639711418,0.0013100814304133632,0.019641980465199382,-0.011570264724660283,-0.008225601497217298,0.012810702575579163,-0.011514929658297455,-0.020304010085019374,-0.01928001368765859,-0.03797640727595253,0.053066811669574915
9.148,-0.02176886840823044,-0.008219092219525744,0.013551234958633177,0.0173265383493404,-0.019594594927821035,0.0021553638343282124,0.014306453116379507,-0.006839761704901908,-0.024410820916335674,-0.025615164987560477,-0.03953342687202545,0.04909340952674259
9.15,-0.01943290642887142,-0.0036288657430010103,0.01604280500875052,0.013768638869437426,-0.019822639878922767,0.006198770189469578,0.005295911082734583,-0.019814872937454736,-0.03953612677880536,-0.03208001096385471,-0.03944452722010113,0.042200734075825794
9.152,-0.012932718152089615,-0.007973652273964064,0.005102114827663299,0.011925294231553328,-0.01085542935462719,-0.001433683535950507,0.0007356003831063966,-0.0256449971970369,-0.04311356243158475,-0.03161545658497916,-0.034763004894281524,0.04297594202883492
9.154,-0.011118620435034069,-0.015544104095961582,-0.0043409030531350885,0.013720802822637887,-0.004566292529531181,-0.010661311336658541,0.009667756113929924,-0.009622337966345033,-0.029390696850644448,-0.026611188785967323,-0.03000412587738819,0.048863683668991874
9.156,-0.017694747341731154,-0.017328645795141075,0.0007262082400171148,0.017587561959289098,-0.009740372596656858,-0.009788432144668962,0.02158605286216208,0.009828516916803804,-0.017490630706451283,-0.02588505019093177,-0.03140140321519256,0.04884974764378702
9.158,-0.02570474106691146,-0.012714548275007922,0.013730181022765365,0.020074150681973796,-0.019867347335852818,-0.001139182114928179,0.020486824275103257,0.00515138378150081,-0.025238724414979617,-0.031980577882155824,-0.03749615783312706,0.03819951376565251
9.16,-0.02631083463456386,-0.009456744273498793,0.017559150195416155,0.01970491233591528,-0.02195041027062473,0.002677191210573738,0.0075727800802222415,-0.021930765659097295,-0.04402274362911187,-0.036138884481948456,-0.03963678682556642,0.025222777534754885
9.162,-0.01975823866220805,-0.013182026000485852,0.0067255066201385265,0.01854415322620229,-0.013293398808745438,-0.004569826523942371,-0.0005208563165737333,-0.04157375571611071,-0.05028633713211623,-0.03057754509790177,-0.033075086896682426,0.021827943955424613
9.164,-0.014308862523693578,-0.01977492844157049,-0.005846522205932731,0.018749892707876175,-0.0045095579916724655,-0.014590002420273439,0.004757242201174867,-0.03500853548412763,-0.03833401458264657,-0.021014296483345192,-0.024147791862687826,0.028850502053636953
9.166,-0.01552833907719615,-0.020272094010536774,-0.005069817314312661,0.019049305755294763,-0.005887440459938195,-0.014798538590191725,0.013216577068634218,-0.017379528920940943,-0.027728500334627714,-0.019573572336909085,-0.022477307947407252,0.03467574884683738
9.168,-0.019857092271095413,-0.013348483658366696,0.00665517473216883,0.017338477167015507,-0.014092220871959703,-0.005191382553224185,0.011855713886678915,-0.014346965115440202,-0.034493339124260655,-0.027689289727055696,-0.027698295116473697,0.030625717809289334
9.17,-0.020138496540922642,-0.007897375605397505,0.012635183925098001,0.014775709355976337,-0.01689108946295249,0.001147950304034314,0.0034027824534941216,-0.02621803732355028,-0.047744765686962315,-0.03430052814002116,-0.030150349040666685,0.02313875107504473
9.172,-0.015426229687613195,-0.010656772532866664,0.00495494188453601,0.014237709833485426,-0.010195866147258575,-0.003774374681297925,0.002170839498064466,-0.029413543197965863,-0.0456795640515611,-0.03144632925933521,-0.025188111369857925,0.024099352624034707
9.174,-0.011787113650519147,-0.016467036455248208,-0.004792330144145117,0.01584049295515455,-0.00359362385521838,-0.01172440425946047,0.013727793205595107,-0.011798921218559296,-0.02733318238611448,-0.024506081426911176,-0.019903371514578775,0.032880454661446956
9.176,-0.013309280669255734,-0.015102435994199285,-0.0019522639336050536,0.01615981572949678,-0.006755061566031416,-0.009874901232631824,0.025818649688431505,0.007783571769084457,-0.015208384786163494,-0.024167397102190874,-0.023628497544066727,0.0364432967174397
9.178,-0.01633052454678513,-0.005854198495279531,0.010458528671833313,0.012887076810218464,-0.01568819547336985,0.0009210604823357937,0.02319597156443274,0.0024527864002624857,-0.0259540180159586,-0.032137124080266546,-0.03568973953889221,0.02663648409108533
9.18,-0.015081210233801063,-0.00014473829245432914,0.014992333951144689,0.00921175203339831,-0.017661880131076203,0.00611975887387759,0.008056502195994715,-0.02660276590379138,-0.04846349819439721,-0.03884182989760129,-0.04467768250090125,0.011549624539789702
9.182,-0.010618934869063082,-0.007012679837425448,0.0035439829499862353,0.010603464913723213,-0.008706266576495555,-0.003125738405066772,-0.001811500233400164,-0.049295546761367916,-0.05827761386764128,-0.03572840023709735,-0.04143310392604882,0.00598753646169182
9.184,-0.01017297373903283,-0.020152538912582736,-0.010195477823485576,0.017233927787138288,-0.00012993069432628803,-0.01671330478330359,0.0037460792023115965,-0.04450160286595629,-0.04875277213356498,-0.026756562026762097,-0.03147559034931724,0.012451636119022644
9.186,-0.016788091270244308,-0.025437441631093603,-0.008779681962056552,0.023004664188275938,-0.0036066234038220376,-0.018403625216628354,0.014288134090102161,-0.02622643668516033,-0.03752686074353368,-0.02363632455295397,-0.028643137863820847,0.018551615422304067
9.188,-0.0236153868693086,-0.01938706728019047,0.0043893955425643155,0.022813948345222334,-0.014547964099089657,-0.00823250902234498,0.013922850357223291,-0.022105691969664006,-0.04121081876834314,-0.0299856427650741,-0.03705255977630409,0.014832574052248465
9.19,-0.022652324674860266,-0.012374099797376545,0.010575751243164545,0.01823096075013112,-0.01855023473306442,-0.0014738059999280285,0.0037155085760218294,-0.034362091427776464,-0.05281335091216877,-0.03614795974820513,-0.04635719389126565,0.007273942847740152
9.192,-0.016381127073941192,-0.013374992208795265,0.0031592564424439977,0.015123910543115944,-0.012125558478407216,-0.006182078823202665,0.00042927711348641985,-0.03858479568929431,-0.052312403039427524,-0.032787590497509664,-0.045446940563645864,0.007349162713113979
9.194,-0.01450717533109643,-0.01874277384157564,-0.004190482727097616,0.016652982448877984,-0.006782591061454422,-0.013109586743067014,0.01226568569545504,-0.021168703964279122,-0.03658951415244793,-0.024309401730256832,-0.0358689314022437,0.015155440283807766
9.196,-0.019685966501060675,-0.018556613212830985,0.0013396633189565995,0.019500946509725923,-0.011105727711493586,-0.010378377532324269,0.02542862955880577,-0.001153751540108367,-0.025882984855244758,-0.02262318351083704,-0.02862972900251444,0.01890963781321226
9.198,-0.023606858775930262,-0.010733575860111111,0.013283866561736555,0.018479445320637042,-0.01842297157963564,-0.0004348833877582915,0.022563919708706963,-0.005636428655332892,-0.03545625582435494,-0.029873312329615823,-0.02900644551335604,0.010787911131213216
9.2,-0.01929563345807046,-0.0043881881986966124,0.015198712276509619,0.013916573402451043,-0.017375281128635386,0.0034192552619345166,0.007665168931399666,-0.03251109507680415,-0.0536177865989549,-0.03505864005508277,-0.030190537093243333,-0.0020289152865176838
9.202,-0.011261652326869223,-0.007663958864904785,0.0034750452160870323,0.011310804577757405,-0.008403196753922385,-0.004643484215546818,0.0004949270082808244,-0.05172877476104135,-0.05834749921963824,-0.02958686346782249,-0.02516718014935775,-0.006581642251365115
9.204,-0.010129523865267203,-0.016652838909862962,-0.006989509257097694,0.0143576607279143,-0.003549504563863142,-0.014636330522730941,0.00892490268990366,-0.04426023700926245,-0.04715889950691373,-0.020064177218651433,-0.019138928659329743,-0.0017240941660163008
9.206,-0.019621412583733986,-0.02115251492395821,-0.0019114527582715765,0.02102262039016974,-0.010942316558880916,-0.013912502819892179,0.019472879371433854,-0.02630985365706146,-0.03858911293682871,-0.020150209349385696,-0.02281312270592634,0.0010757452336976855
9.208,-0.03177419276741744,-0.019044317019057722,0.012843668207030928,0.02652491761324896,-0.02387633277335476,-0.0046834031885228606,0.017219263397907192,-0.025430107286977893,-0.04589378958006563,-0.03185817909552114,-0.03574266039435303,-0.005051445257791549
9.21,-0.03611876686256602,-0.018342857058722743,0.01829269052021064,0.028626419244831204,-0.02864107334777261,-0.0013219465825359232,0.005848422208188248,-0.04164721860913921,-0.059316009873114604,-0.0428211276485825,-0.04523131093944275,-0.012783539869222905
9.212,-0.031367698423981925,-0.024144812226748327,0.007656395905003558,0.028730413423412454,-0.021358235003786703,-0.010085811207471615,0.0017833445707769583,-0.04853569986651668,-0.059903316160777056,-0.04366843786376938,-0.0431228636329028,-0.011641074386498522
9.214,-0.02575369567036161,-0.030318553343418566,-0.0044064041353914975,0.028556633892166276,-0.012456111004873373,-0.019718896363431646,0.011510425640415113,-0.032062363365911964,-0.046079326894517554,-0.039988851878633616,-0.035994821861600475,-0.0025377403237211407
9.216,-0.026380399906774415,-0.02811079589575552,-0.0014626789965620597,0.02776964683107784,-0.013150181064600594,-0.016665267584805486,0.022675137618089307,-0.011992682103984208,-0.03684360280268195,-0.042532013495050376,-0.03526934789523069,0.0029350297272110666
9.218,-0.030415054960201176,-0.018818356594242948,0.012365991013443744,0.02540845480016553,-0.02086334962078665,-0.004069600218556834,0.02112891947156417,-0.015690697064151205,-0.045858952961046175,-0.05082361922597793,-0.04218574180461179,-0.003035608445818225
9.22,-0.02933611161952894,-0.012535479029068274,0.01784332066026511,0.022147817005153097,-0.022907611440368802,0.001999546804923374,0.010247644385004745,-0.03998346102264064,-0.061772057055382995,-0.053281622119520415,-0.04729443457093629,-0.013468297342915197
9.222,-0.020746683308500245,-0.014951471217302337,0.006427402034668569,0.019524829953681717,-0.013825234945069462,-0.005886398487847895,0.005468864250858777,-0.05425380373929389,-0.06313676841054904,-0.04330368647735725,-0.043887011188665934,-0.014514379658178377
9.224,-0.01225882949758507,-0.020394747560949927,-0.008237241261243498,0.017994532035889254,-0.003186828967652208,-0.01668436442209606,0.012480142048190182,-0.04139600464159923,-0.04759041809049547,-0.02935049341392338,-0.03734946289876659,-0.004029349761581976
9.226,-0.012389319166660752,-0.02023084827649979,-0.008214736264538496,0.017245104855032445,-0.0032667207982265646,-0.015922631065034012,0.019916532079071136,-0.02061640618910149,-0.03545855709775458,-0.025375649812248106,-0.037726581383532416,0.005331542539130913
9.228,-0.019517393982723185,-0.015067002107784699,0.004406099915165556,0.017319416397075755,-0.012359898608534828,-0.005581374870043198,0.01625140279170647,-0.019905842770061497,-0.042462733334347066,-0.033206516585505254,-0.04518132976679454,0.00481315706376115
9.23,-0.02407713188839165,-0.014074277078536961,0.010181101906784822,0.018663665864680237,-0.017067292068363486,-0.00155452280524949,0.006497209170470441,-0.036715704055025306,-0.058161674956750356,-0.04003471851153147,-0.0494117357312087,0.0025050214158924564
9.232,-0.021713730703563052,-0.021586430752321716,-6.495693567817325e-05,0.02130261763551421,-0.01128476013473255,-0.011100424839869298,0.004930609254882634,-0.04369315510209091,-0.06068432040812112,-0.035485412313526817,-0.04430217069892947,0.00966901756108466
9.234,-0.018268512069988918,-0.02935593146587847,-0.011734362068489752,0.02380745105547093,-0.004628631310621036,-0.02173565934707031,0.014912848510812647,-0.028914270730914248,-0.047109970423402196,-0.025140373487274586,-0.035828178558867926,0.022021411963458547
9.236,-0.019813629277626803,-0.026374012534173107,-0.0069410159834802,0.023659752367825675,-0.008261969213465387,-0.018006125029283896,0.02376471283900438,-0.01214164510645793,-0.0368012483027687,-0.021977909931134073,-0.03293538671616515,0.02506110863119379
9.238,-0.023241791654233745,-0.013536642807442944,0.010172687969020041,0.019620272377799744,-0.018630914200166753,-0.002706039462811404,0.019144416562391967,-0.01795706893834846,-0.04443706243836973,-0.02881152372023356,-0.036415814413931005,0.014547804479956112
9.24,-0.02146518132754163,-0.0034021383030882783,0.018953044275381678,0.014060092559407461,-0.022336583893293755,0.006810080944986169,0.006009213393156969,-0.04276406571801439,-0.0606009558235573,-0.0358027429282054,-0.03978458052600182,0.0029407862247990127
9.242,-0.014674764292403445,-0.005237419298681468,0.009803603841942147,0.011551375924511484,-0.014655754050811964,0.0010597870419736977,0.0013946784460468391,-0.0576625182074256,-0.06511029032235391,-0.03411432309158148,-0.03827462023631107,0.003862272620115909
9.244,-0.010169883753753965,-0.013910213312156763,-0.0042279666256664645,0.013438935929558778,-0.005250947655223971,-0.010361348981464439,0.012292303803466286,-0.04495468073912263,-0.05354305662529192,-0.02709145254049384,-0.03463816821458127,0.015323405686174506
9.246,-0.012193389498999336,-0.017268796306680212,-0.0058443679445743715,0.01604107702536908,-0.0045739340873385366,-0.01257108043059528,0.025914462650050676,-0.021737027468626734,-0.04250769340711941,-0.025696305518499708,-0.03538218411257782,0.022985940272404262
9.248,-0.01748129912407826,-0.01336243562860594,0.0037742102916848725,0.016677321047208534,-0.010900016270898058,-0.005614177810256563,0.026594167771529637,-0.017151733317995185,-0.04734025464809094,-0.03331865668805255,-0.041480424513454135,0.018927932663806407
9.25,-0.02125114149308799,-0.012763669590278906,0.00865569709178739,0.0180193177542615,-0.014944836586514475,-0.0030380338971075765,0.016774309128835867,-0.03284102461573022,-0.06080284356070691,-0.04031134963137727,-0.04644303017321227,0.010982105085719094
9.252,-0.023325785835770656,-0.02175116453357041,0.0018591975314154415,0.023219019580580532,-0.013664498454408258,-0.011201790683283013,0.012520500802597274,-0.042523482579298125,-0.06259531615780849,-0.037565754511306636,-0.04541054476014685,0.010139871584036635
9.254,-0.026318214603507334,-0.03159892518469908,-0.005085669562492267,0.029558324038581094,-0.013181015205067098,-0.01971756396276012,0.02031746000138428,-0.030386559232800255,-0.04824691201103653,-0.029755176828636525,-0.04146371459499049,0.014976890729416631
9.256,-0.030134315434783617,-0.029718897773891965,0.0007542031145083763,0.030669455203089894,-0.018335648037441067,-0.015792508539347588,0.028097382708005766,-0.013553184633430282,-0.0370130236285925,-0.02887530234517728,-0.04048628872164918,0.01473968137177579
9.258,-0.03096155183746294,-0.016264318799923794,0.015367264072566238,0.02447388869734593,-0.024986992677799125,-0.0014872633234872291,0.022579742967722728,-0.018410390454603576,-0.04601274738635194,-0.037175289552461695,-0.04292373446335864,0.005042095030274446
9.26,-0.026066473420389907,-0.0035781344152383443,0.023193321414465166,0.015772853725120068,-0.025534701020070202,0.009042864230658467,0.00872886346305241,-0.04293011154670423,-0.06538510576001999,-0.04311591484461257,-0.04316789484497842,-0.004822591599450604
9.262,-0.018092379672167626,-0.0008374725094223111,0.017519148752734356,0.01038345646755898,-0.019170577775101734,0.00730998506303142,0.0035330464172977074,-0.057314385772526906,-0.0706800710623284,-0.03721528144522722,-0.03779330471139853,-0.0028852131684846526
9.264,-0.012627813559121646,-0.003967636407934764,0.008369642967718052,0.00881911134063067,-0.012953661512340942,0.00034246135824852884,0.01265726190705706,-0.04393627765378561,-0.055957384288782955,-0.026309498260470715,-0.032278449438410024,0.00913310595404076
9.266,-0.011774345166443913,-0.002564218567654127,0.00864883550079233,0.007123267214845833,-0.012797290971716644,0.0007586622685752622,0.023570971644693784,-0.020992558467790617,-0.04047988936626299,-0.024318184891640806,-0.03474308293339724,0.01690089769897864
9.268,-0.012411317920268084,0.004958029117739181,0.01691110288823964,0.0034873131265445666,-0.016033370057675172,0.009346669386202247,0.02425085648848085,-0.016494218112724696,-0.041118522039565016,-0.03214848421334261,-0.04331814158043801,0.012721685583632675
9.27,-0.01127373978550359,0.009302946922726025,0.02042839871989045,0.0012335231383707207,-0.01582105717423476,0.014364435200749955,0.01986276510085966,-0.030371300145343613,-0.05065221844179369,-0.036864428511270295,-0.04673971025649481,0.005685116884896711
9.272,-0.009917899174001557,0.005095354458068673,0.015109877559930316,0.0036571445588173554,-0.01220763963337998,0.009864456366329901,0.024054135543050765,-0.037809526804850196,-0.05053319642202874,-0.030620168563412074,-0.039425562521491445,0.007360838225750264
9.274,-0.012931056915422576,0.0001791629800824017,0.013253852875412067,0.008432248949935986,-0.01369362473953251,0.00593121542151961,0.038871591734621,-0.025331416599601433,-0.03753583899546578,-0.02102416868693287,-0.029230836685843364,0.014947806740546342
9.276,-0.020868977529498532,0.005775874680738031,0.02681124402054975,0.009413771813672245,-0.025473277718674157,0.014995823127372035,0.05166901430835111,-0.008653382608844217,-0.027756655612663533,-0.019588339423535626,-0.02692445958056296,0.015882531034874463
9.278,-0.027472047183063272,0.02096516451471428,0.04883903328876069,0.004024476522246964,-0.04022062265869063,0.033346699964196036,0.051963486399217565,-0.011247008144943805,-0.03417747549481693,-0.02578900274321783,-0.03267709570531626,0.005861124923969218
9.28,-0.026343261125118523,0.032411352281337645,0.059448432814832225,-0.0031048575681576216,-0.045021243455999206,0.04418283507831814,0.04596568629469795,-0.03216595661048493,-0.048110310564614255,-0.028142768637968527,-0.03675823841491703,-0.0031572855811102976
9.282,-0.01884065301514825,0.030878798712072254,0.05030251973982657,-0.005883096252952325,-0.0367511944641335,0.03885923749342482,0.04969542958965326,-0.04473086089470589,-0.049938134662295464,-0.02012617752963665,-0.032024225723507806,0.004492676213803412
9.284,-0.012736245870740258,0.022842398750586346,0.03563778777005586,-0.004253975108903182,-0.026357858630688298,0.02767294705249427,0.06794227991152474,-0.030744956014389074,-0.035558679624707934,-0.009200964206607456,-0.022568146446611842,0.028331264846563203
9.286,-0.012508309310298352,0.021407217927381504,0.033653189504940714,-0.0034038671092816494,-0.024957676709267514,0.025839121599619718,0.08633606582367641,-0.0058837211379342,-0.02219477976906233,-0.006359200048037749,-0.017916715980348812,0.05034739779707404
9.288,-0.013796432549223936,0.028758665694996896,0.04252332190639668,-0.006468887614469428,-0.029500600069592136,0.0336483799348678,0.08913040471384955,0.0013372200479914399,-0.02480509598290334,-0.010470782418707253,-0.01999534885751188,0.05659770558379932
9.29,-0.010240116343904265,0.03439679901131707,0.045024388446850944,-0.010994620255005296,-0.028678254726029265,0.037875385230261134,0.07994621288165456,-0.01088356385699213,-0.03546980756859864,-0.010036985610478683,-0.02132004908421558,0.05284311567314661
9.292,-0.0027843844895185503,0.03155688212893537,0.034893971738751146,-0.013449999003295358,-0.020103724842593634,0.03203626702066124,0.07647695668107768,-0.016980017758223342,-0.03471404468895335,-0.0003662434344347857,-0.01723484060353203,0.05286039238542104
9.294,0.001170914920815882,0.026835438786757794,0.026068725599310203,-0.013599891193872624,-0.013810844551055815,0.025700178939358314,0.08664018765215695,-0.0022139975739413503,-0.0193118564210269,0.008604219777110579,-0.013023480698896769,0.05863464395392911
9.296,-0.002866784111651297,0.028926636577434203,0.031913417755754216,-0.012974062841384623,-0.018105901091810338,0.02950789896995622,0.09826779229627787,0.015551155995182328,-0.008002884277947013,0.005171526245968254,-0.015318486714776546,0.06043532931800969
9.298,-0.009981537878375716,0.03484347149006931,0.04474166387765588,-0.012252730305066116,-0.027402208041620486,0.03848157547641312,0.09416415608617643,0.009423112920057113,-0.01679558605428183,-0.008460662507364478,-0.021843718706824042,0.05267092528998586
9.3,-0.01133308620685596,0.03412046044943513,0.04535365465225724,-0.010890402784767024,-0.02891740970952917,0.03833186143507331,0.07300157823490083,-0.020220043535164618,-0.03732971698969407,-0.018677285699995543,-0.024221977506756733,0.0420529341367048
9.302,-0.005567538767218964,0.02431750804896482,0.02987544109160733,-0.008374265460710503,-0.019845943767121933,0.02604820326071956,0.05069357277351712,-0.04442798868167343,-0.04740914742834427,-0.016914906035883526,-0.01853578246952175,0.03933777007798362
9.304,-0.00027733948805213303,0.015717406257744385,0.01604157306378354,-0.006136735007060547,-0.011290636012883663,0.015198127375437097,0.040569015532488886,-0.04148265141275609,-0.03927930298247492,-0.008916211380455629,-0.010202720547214408,0.04617147299800334
9.306,-0.0008950944339135987,0.017873089112243796,0.018795700875309518,-0.006806756153936405,-0.012524107499362567,0.017344010398023756,0.03783947194382967,-0.023690350761763432,-0.028500998583376326,-0.006099289847802446,-0.007990113245430615,0.05309801288318847
9.308,-0.0030416005130058546,0.025850843948642524,0.02888040960939323,-0.010243228446470075,-0.01751522896513219,0.0254185278777465,0.029263188015034972,-0.0187741745603011,-0.03145787643345924,-0.010327734551843893,-0.013073117563100048,0.05232448827176732
9.31,0.00023339392917945905,0.02651895060661989,0.02626493541698562,-0.012596042220496895,-0.014125261207842523,0.02384928098612625,0.013683053056078266,-0.03109687204942256,-0.042088165243969446,-0.012483458945944919,-0.017346535539724848,0.04827563584172133
9.312,0.007970134893435947,0.017532370067944652,0.009558954460828828,-0.011608189354716041,-0.0022915099324495474,0.01146595812076515,0.0033219573255904265,-0.038022525737764684,-0.04188470993171923,-0.006650622059918848,-0.015166580101829327,0.05023824966945331
9.314,0.012690214352933837,0.011321277308620828,-0.0013592688496017911,-0.010229754524991405,0.0053377370792850685,0.0038805501257006833,0.00496404055628153,-0.025058940524571544,-0.028863918432368768,0.0008750097859149598,-0.011521394698747866,0.05808501805103399
9.316,0.009767805660277167,0.017341487350804957,0.0075800835505729506,-0.011794203460934597,-0.0002192299766221431,0.011966527750141478,0.008745102779081746,-0.008563837862800154,-0.02208328315987782,-0.0001345574693145519,-0.014316929337965297,0.0614080702284873
9.318,0.002917972982181898,0.027840150554755545,0.024919959380449056,-0.014292974027388529,-0.012276342054192252,0.025873449924446124,0.0008249411881457821,-0.014522991479707266,-0.03464400133916241,-0.010181102792441391,-0.02254250939108335,0.05352341092327493
9.32,0.0002345176772642615,0.02708934885079258,0.02685027888506036,-0.012970417552807879,-0.01531939326315653,0.02607116797731243,-0.016970660138576375,-0.0419202371407361,-0.0545713332871225,-0.01883672128856533,-0.02735556662922342,0.04208299478151939
9.322,0.004778759331224214,0.012217402899439712,0.007437679963011,-0.007347629272533565,-0.00384315206947731,0.00852065038775706,-0.02837292820749283,-0.06154915812001021,-0.06110655074995924,-0.017952605697682218,-0.024187993279262576,0.04015126498324663
9.324,0.011027224893689723,-0.001569339069859593,-0.012594539955588738,-0.0028840220998855074,0.009983812316584326,-0.008525272945593314,-0.02363326082251177,-0.054206230577217296,-0.0525904414668962,-0.012556148465241643,-0.01865740706166217,0.04825577563761473
9.326,0.012560053688391042,4.6134139830574924e-05,-0.012512426952468235,-0.004616611138051753,0.011875571993954856,-0.007611466825469506,-0.01150781927545167,-0.03618818178778665,-0.04724261584144229,-0.014090267152430482,-0.018300538936859907,0.053080633302094615
9.328,0.010730058887499158,0.011604214053659688,0.0008957031706948718,-0.010538287728361925,0.004362092886008902,0.0047787680200475835,-0.006582661996029956,-0.03523686170419834,-0.0567732141054161,-0.023725422849072763,-0.02199775802651905,0.046100504175698345
9.33,0.011814046447899157,0.01587275442823379,0.004189022144841416,-0.013900488967090018,0.0020886124456662167,0.008283430315679966,-0.009893905753989806,-0.05077791858355518,-0.06955421259819003,-0.029726304085568925,-0.022063848317461887,0.0359860627857596
9.332,0.017904008218556845,0.0077405052041788595,-0.009858288278463707,-0.012219692114637823,0.01111784944078126,-0.002776916817732714,-0.009535560139967139,-0.05648600355390768,-0.06710339321000158,-0.024213459128327747,-0.015963951236884703,0.036172429574872614
9.334,0.024806306943075167,0.00014014264752410785,-0.02437445468384379,-0.010540963704089489,0.02212332562356209,-0.01336238643438108,0.0007058561379994289,-0.03990610454822805,-0.05078406232998202,-0.01500276833294788,-0.010746538032128095,0.045806572931787214
9.336,0.027610548494723237,0.005012262812581485,-0.022691758544878045,-0.013904473314214854,0.02402070591127314,-0.009743466208974878,0.011258879124449683,-0.021416775231097335,-0.04134806435033756,-0.015105597075578639,-0.013833221293251995,0.05116276157735656
9.338,0.026521812374665072,0.017128864395345833,-0.009972606852025181,-0.020332307450840924,0.0180612858303806,0.0024598786187947828,0.009283608153224267,-0.027381302394356027,-0.0518478132588872,-0.02491084362031671,-0.02270469105439501,0.04444615325832173
9.34,0.026343650716178012,0.021790097156650055,-0.005282529027709879,-0.02395367230137267,0.015078095982424109,0.006493607546243526,-0.0028994571550158797,-0.05442529072243092,-0.07056209448453672,-0.03192296434626467,-0.027651550789914273,0.03422499605186516
9.342,0.028512638369432186,0.013598809054858236,-0.015374046288249078,-0.021632367694775223,0.01968175944426763,-0.003353664214008356,-0.010037331871237877,-0.07331871199281874,-0.07700518808960267,-0.02815673820002528,-0.02422992690589131,0.03301170302769958
9.344,0.026680273096729365,0.0020806570652735397,-0.02466314379198253,-0.014618147686685257,0.022429961718517084,-0.013998033304329423,-0.0047232489414088825,-0.06751135707885099,-0.06880005783450314,-0.02118047907740134,-0.0188472788411233,0.03925860615942765
9.346,0.01492610687341123,-0.001221333700687306,-0.016002053887779772,-0.006170379021583102,0.012485021560876833,-0.010814357479597735,0.003314897449912226,-0.053405998166942956,-0.06360082851819518,-0.023872905920037463,-0.020709688240860773,0.03972362891656087
9.348,-0.0024723312948505306,0.0024277464280758735,0.005001896233169958,0.0014641183201495056,-0.005735724861851052,0.0021931375019084345,0.0023306128125423252,-0.055118189142231114,-0.07401638003512626,-0.03626354078047057,-0.030512322845154486,0.028634756596413565
9.35,-0.014714333963470593,0.002131844599927144,0.01682332247912796,0.007887901298770832,-0.0167787321002794,0.008169016001577042,-0.004328221061282324,-0.07027599860466083,-0.08878222158001953,-0.04463993669359817,-0.03923691484732465,0.01672718010694415
9.352,-0.016428127369937463,-0.005859805465345511,0.010504694769747745,0.012474080902228473,-0.013989424653831082,0.00105949325091541,-0.003415564587582987,-0.07522289551983655,-0.087622627875823,-0.04071331573308601,-0.039105824769986475,0.01745876632907122
9.354,-0.012398793178597555,-0.012457031633699735,-9.815215417890901e-05,0.013484907741708728,-0.0070263061371864275,-0.0072135758565644295,0.008349022255199462,-0.06010623398529494,-0.0710812259482934,-0.033535087200495126,-0.033780476175691944,0.028735336154406925
9.356,-0.01120153977892683,-0.008550698398282916,0.002545266974912099,0.010755712253020022,-0.008525743095484425,-0.0035937878242370026,0.017886126324258417,-0.043926417214326476,-0.062396825605021224,-0.036672968017788826,-0.03370547247070153,0.03489373458476029
9.358,-0.01631714532136643,0.0016712320465741485,0.01768293080695486,0.008116275347313665,-0.01887465132375472,0.009262623481871646,0.012739558565467848,-0.05041040818998711,-0.07721315168916897,-0.04949276097226737,-0.04174699564934679,0.026612869247938906
9.36,-0.023744452469369442,0.0044322179798310215,0.02775051827847272,0.010627590108619068,-0.027110842445498138,0.015956820493956237,-0.000892294973055974,-0.07592395892899147,-0.10198419517596327,-0.05792307466289824,-0.04889589341258691,0.012648369348781609
9.362,-0.02795045727498785,-0.006156181407697296,0.0215250691345596,0.018418685555491587,-0.02568001262581621,0.007882766853207521,-0.004928411498027732,-0.09133062243163854,-0.11008229597657733,-0.052529956456635725,-0.04669561646939423,0.007758047053725476
9.364,-0.029010080411445326,-0.019237865155557646,0.009815242280075713,0.025665328857220344,-0.020529177792808505,-0.004533714073351934,0.006500104485781123,-0.07884345904195564,-0.09524206660027247,-0.04067731506435092,-0.03983110320024693,0.012913501617756137
9.366,-0.03140487743357141,-0.021490623714481256,0.010196633020265649,0.027657887990000084,-0.022296555099646658,-0.005951954323731637,0.018859426275471887,-0.05577305513674067,-0.07882565250436238,-0.03743442327667303,-0.04060959431474726,0.014620624569421713
9.368,-0.03690249006432393,-0.016240702042606837,0.021057440366345034,0.027239878019519898,-0.03059835149357386,0.0014623839505297294,0.01717299151048615,-0.05038763881211738,-0.08084747134133494,-0.0463060315170587,-0.051443863011250486,0.0039407471189624975
9.37,-0.04262356419459255,-0.01840238482918884,0.024597176776686686,0.030996124476070638,-0.03507759213394366,0.0018491424263469883,0.006737782307626704,-0.06318536782753421,-0.0942270770432951,-0.05519825279404696,-0.060679443117869776,-0.011022515719968193
9.372,-0.045736230551976176,-0.03222301679751548,0.013687430037390582,0.03967591819627911,-0.030758902966054505,-0.01019448518686696,0.0056160769555912175,-0.06908080930385439,-0.097329374695738,-0.05334973440525216,-0.05903900716660198,-0.015773021338233245
9.374,-0.04707607985898414,-0.044917142429521266,0.001998630965719031,0.04687975601818163,-0.02487505636056201,-0.021859298036381536,0.019270532017636056,-0.05526658092435967,-0.08558292112621917,-0.04595282265562675,-0.05253837136338885,-0.008274925662429577
9.376,-0.048965777612389315,-0.043391482246247164,0.0051317521582823575,0.0470452291915901,-0.026743692143932202,-0.019462857165853036,0.03230591371921703,-0.04020981468820383,-0.07807291203268703,-0.04693630665634552,-0.05288961669093878,-0.0011643906762938817
9.378,-0.05080966668954431,-0.03061717155901318,0.019723132996436455,0.0413688799699155,-0.03480884576010516,-0.006076203842253313,0.028720833287790522,-0.049077395556345084,-0.09073197033587109,-0.06008796683445826,-0.06033158376009972,-0.005043467827327625
9.38,-0.04959622390678776,-0.021921253350005217,0.02745670155030061,0.03604928784404448,-0.03838138083303206,0.002077358449951676,0.013235008045103783,-0.07935441826176928,-0.113574961326117,-0.07370519292059896,-0.0643292139457713,-0.015166480683659972
9.382,-0.04502716977431919,-0.026032555837022287,0.019041559834168758,0.03569655868788113,-0.03241278362281576,-0.003931868251216871,0.004666396282489519,-0.10215021035507059,-0.12416846967257736,-0.07637386262539687,-0.06028103702490353,-0.018954636203823094
9.384,-0.041895205538785146,-0.0353771950181256,0.00653317857027636,0.0392767229452462,-0.025126804016929103,-0.0146644867562121,0.010839903795629723,-0.09849078788853215,-0.11802015349718403,-0.07258345705727937,-0.0571367295228952,-0.013475885455345397
9.386,-0.044800223776975484,-0.038602107165309894,0.005910809480907641,0.043041840725080514,-0.026568685303857455,-0.016579541776242473,0.01928116823090146,-0.08344717575779016,-0.11316976968515716,-0.07554489078500609,-0.06431861052344419,-0.009104608279182325
9.388,-0.0510776143044475,-0.03651671595873133,0.014080754586440035,0.0454114668255323,-0.03370117101824999,-0.011420939483201279,0.01545941457991558,-0.08442110923655999,-0.1237531072161322,-0.0874142021686448,-0.07692049609658524,-0.014793140116451435
9.39,-0.0537180266111685,-0.038545264638676975,0.014867943075454882,0.04752643913856924,-0.035107355972618985,-0.011808966198125532,0.0031919741950588642,-0.10236971525654014,-0.13988714083152293,-0.09626308571326259,-0.08162359642604311,-0.025653903775037745
9.392,-0.05138419352481244,-0.04677752109491698,0.004639814378434102,0.05022030387320148,-0.028652767381448205,-0.020690873325801332,-0.00025977989408750056,-0.11088627634537113,-0.14155449744613066,-0.09315390926885257,-0.07473844567995926,-0.02966865259837069
9.394,-0.05024775739120895,-0.05185452565090659,-0.001452602283695789,0.05222985809860048,-0.025191987561889524,-0.026101918488933874,0.012434498444232452,-0.09421838005454049,-0.12706385177339927,-0.08415099514176828,-0.0665316766538647,-0.023102822456907934
9.396,-0.054827389355598145,-0.045942804227324434,0.008826885144378616,0.05174383694839124,-0.03299025642941946,-0.018241406906630692,0.028033424472903867,-0.0707828783147396,-0.11642774708199155,-0.08186688347442544,-0.06707360766347777,-0.014504886098438132
9.398,-0.06085780270826925,-0.03415606286502427,0.026316637296447315,0.04871424383422455,-0.04498495227837081,-0.004256882630366258,0.029711789861582433,-0.06972709202988785,-0.12440451593394254,-0.0886361962244711,-0.07343633097718574,-0.013493313504119671
9.4,-0.060654184823523985,-0.029258970314330078,0.030905003652223224,0.0454965076306493,-0.04696007881563096,-0.00022743120863533996,0.019306130313063996,-0.09182847679965264,-0.14053035049789145,-0.09383932551477434,-0.07498260974978462,-0.018908488432143815
9.402,-0.053993017743991074,-0.036228110974797965,0.017508166239255968,0.045005231423758715,-0.03627189283144031,-0.010549906522573541,0.014079684052034306,-0.10796683217373043,-0.14353890411032932,-0.08938555927252125,-0.06837019857242535,-0.021475871086608884
9.404,-0.04893128357266773,-0.04577965085867309,0.0032134753922278846,0.047438499104084354,-0.025899969565319474,-0.022041587671758674,0.02288177003901812,-0.09772870817174475,-0.12948110003395225,-0.08171067863873495,-0.06144790096509262,-0.017204566036872468
9.406,-0.051049729217994784,-0.04643940282783005,0.0047740515293471526,0.04995109210090003,-0.027471364862335257,-0.021553915762644038,0.03456591530225798,-0.07647748012474008,-0.11643161252536399,-0.08256990621370172,-0.062498666305759856,-0.013393319509875542
9.408,-0.0562416152342733,-0.0403434145533305,0.015950260468616362,0.050520035872298155,-0.03578406467903301,-0.013590374646496088,0.034140002170419424,-0.07390415171770592,-0.12056285100372446,-0.0918490518117334,-0.07025306919825275,-0.018344697237468437
9.41,-0.05752832743961555,-0.03973605460863501,0.01773103712791503,0.05057950451521457,-0.037453639371590255,-0.012646875158821836,0.024209767885406002,-0.09261878713584097,-0.1348291124926064,-0.09818252518480719,-0.07694489891215557,-0.02870231865393482
9.412,-0.05522168873011786,-0.048624018314132954,0.006540124754325637,0.052533936520832,-0.030887941825407158,-0.021896517931281424,0.020839993339136442,-0.10502868477125889,-0.13944310160036152,-0.09573171263079969,-0.07860174167104007,-0.033534133683659685
9.414,-0.0554057528072256,-0.05696842587103572,-0.001557130017223715,0.056015158568960485,-0.027687405453909936,-0.029365226901129245,0.030148060339007438,-0.09256131703031803,-0.13030798055840623,-0.09164909499611104,-0.07827379433808719,-0.029707014106447407
9.416,-0.06117791640991676,-0.05501070496087736,0.006201112095604817,0.05862698399618999,-0.035822326143950395,-0.02480923279416971,0.03979917109033189,-0.07173901862382145,-0.12470300972875747,-0.0951679979187853,-0.0801566667063874,-0.026174762982380823
9.418,-0.06869417063652768,-0.04608463453533084,0.0226227015998675,0.059223389531657476,-0.048933362924767576,-0.012993568268688853,0.036179777236986274,-0.0721042253973199,-0.1356915193707375,-0.10448727210957608,-0.08374093939766236,-0.03125139482457037
9.42,-0.07071123193980054,-0.04120573645177015,0.02949330252420969,0.05828622103628802,-0.053441936511819624,-0.007525181268689391,0.023014920034986848,-0.09599284590014,-0.1521543677236046,-0.10824145299004108,-0.08399678850921645,-0.04036125165959915
9.422,-0.06444723919875711,-0.04449450066588519,0.019939736670313037,0.05632913873802091,-0.04448215468578872,-0.013834047155731655,0.01721137514243821,-0.11419189165007254,-0.15306608325512625,-0.10021895576298433,-0.07759178764951788,-0.04127085981840673
9.424,-0.05596441183837565,-0.04847169912507349,0.007493156244498422,0.05364726094832518,-0.03253621019233379,-0.022059431807179373,0.027344340399839157,-0.10443985043263448,-0.13618167767038966,-0.08885973475550443,-0.06913187936173841,-0.03099911315851652
9.426,-0.05360533899555893,-0.045201436602022096,0.008411208752602567,0.05097590731742459,-0.030744703501638385,-0.020207788253928577,0.04224454095687837,-0.08114770971205197,-0.12178041973742249,-0.08760144363681066,-0.06763282405957718,-0.021481734769852306
9.428,-0.057662309443695874,-0.03850204886292419,0.019163508139777595,0.049652076723409044,-0.037894833338578196,-0.011376557509168255,0.045448728212662354,-0.07448763607905615,-0.12588249157706502,-0.09732476432710277,-0.07489360810164288,-0.023916440640039043
9.43,-0.06106968472165799,-0.03894424011455335,0.022123008578628367,0.05077819749784089,-0.04147061490210663,-0.009525919582909954,0.03708106847760122,-0.088092290014727,-0.1393745685291006,-0.10511496332034193,-0.08248981452941338,-0.033284258299877495
9.432,-0.059954493810309074,-0.048404099526559774,0.011547458478712826,0.053956766925456354,-0.036261991485471656,-0.0190661327714477,0.03247477117340649,-0.09654345985099187,-0.14181579159496735,-0.10166047834557047,-0.08297336579208536,-0.036828733076786024
9.434,-0.05871954719307197,-0.05697935764303892,0.0017401166604432425,0.057392771127899304,-0.03135221273950423,-0.02836174587210969,0.03962007166496798,-0.08389297809826209,-0.1298651167871169,-0.0930127321485672,-0.07849007208556251,-0.03275221322412676
9.436,-0.0631573884868107,-0.0558883575112031,0.007270598295984142,0.05963919821685784,-0.03698012691549589,-0.025623918561929044,0.047944490954469045,-0.066650507810991,-0.12142589408814354,-0.09143818864004079,-0.0754930902668989,-0.03082885853182099
9.438,-0.0718082485722225,-0.04856654722610611,0.023264429380279977,0.06102055072667376,-0.05002360245343795,-0.014440794642321456,0.043657885246568065,-0.07103024589399104,-0.130732354551874,-0.09898161262133928,-0.07547467746592526,-0.03698887208919068
9.44,-0.0773410603222027,-0.04588782518077956,0.03160601179310793,0.06271658899693656,-0.05721426990667759,-0.008598061353838803,0.02967917590521353,-0.09591943215126872,-0.1479914675191526,-0.10551714457786845,-0.07404204574980117,-0.04504261938585087
9.442,-0.07541752825709937,-0.05152388863193891,0.024351715525197968,0.06424440160633693,-0.05184518184289505,-0.013876232461610795,0.022450120740761144,-0.11189547988821011,-0.15183568537608005,-0.10290623749312977,-0.06824261676824767,-0.045193465471722274
9.444,-0.06912624961431565,-0.05652646322386421,0.013327817563900292,0.06321410367245768,-0.04204589982176176,-0.020855264960494183,0.03027868913628378,-0.09966896084783855,-0.13801516639146907,-0.09553502570770485,-0.06266323147881563,-0.03697526780886254
9.446,-0.06394222138786988,-0.05123601759012319,0.013253367964983448,0.05836399723395445,-0.03933978583109575,-0.018255738443616606,0.042505557596241444,-0.07628160225182577,-0.12478820981455874,-0.09327319592056642,-0.06464163428389974,-0.030368065741403726
9.448,-0.06051900127594739,-0.039156367727024445,0.021265270444839397,0.05160507987003423,-0.04274365131245,-0.009222787351640779,0.043667239628313446,-0.07215345802246034,-0.12808911639263396,-0.09791103401966274,-0.07336546799223011,-0.03361654374888511
9.45,-0.055103533209678396,-0.03269487707543292,0.02181448870970994,0.04615797558941461,-0.04110517506529362,-0.007003986911407259,0.034162167212092656,-0.08971029425812435,-0.1405149255989623,-0.10208973176393388,-0.08004330696045223,-0.04245422089533512
9.452,-0.04747588446845817,-0.036432929126293465,0.010578255339801425,0.04389761336410748,-0.03122280243077593,-0.015206653516861336,0.029631490796585707,-0.10090015798298495,-0.14228338778625785,-0.10024642755653154,-0.07986357626050974,-0.04548362389824726
9.454,-0.04509697889665814,-0.04227634727348905,0.0028291993549430386,0.045220374220444635,-0.025354520415256147,-0.02177887663404889,0.03908652956063227,-0.08707300842229192,-0.12920566262482694,-0.09588222609497607,-0.07703890081240297,-0.0398941243637515
9.456,-0.054115311526753404,-0.041425337489843714,0.012938389591665423,0.04907233928920562,-0.034845977178583905,-0.015557385638544998,0.05145490764606188,-0.06591016563834645,-0.11967233001682387,-0.09677619984638446,-0.07759901665887817,-0.03573180548314353
9.458,-0.06819996147840002,-0.035167483314185274,0.033154317988886954,0.05266176937217859,-0.05226096812266195,-0.0017116401407983684,0.050352606779570715,-0.06758400091284379,-0.12972547933891732,-0.10420525583885483,-0.08227247185098728,-0.04146701481200652
9.46,-0.07447961836394217,-0.03170924268720872,0.04269678383327114,0.05391615289470051,-0.0598456528751721,0.004905986408750642,0.03795826558414891,-0.09161586575247012,-0.14907134397573213,-0.1101858775132671,-0.08632302328640049,-0.051078436358793305
9.462,-0.0698237956207641,-0.03435921605097711,0.0353632044397863,0.05352078424137325,-0.05311955904433695,-0.0005729656224558031,0.033896438790167085,-0.10410211119617736,-0.15209659339318127,-0.10820571075350113,-0.08508459529775171,-0.05225574592117579
9.464,-0.06375264206880664,-0.036435291387171255,0.027330625486677532,0.05266374032320236,-0.045919699706468364,-0.006274610036046259,0.04981387359149851,-0.0810798415820021,-0.1302397581918378,-0.1027133163459073,-0.0807536689762826,-0.044235982093952075
9.466,-0.06524127791596034,-0.030401517649756578,0.03502208363018141,0.05101693670103235,-0.051303797680015584,0.0006738764016044751,0.07501876903932835,-0.040835373732078614,-0.10290206329367634,-0.10269935074710873,-0.0809380490575033,-0.0394450085362517
9.468,-0.07269557969457413,-0.019494057965551183,0.053558024238102304,0.04877048626540453,-0.06531121897964685,0.01619041944074651,0.09169590831570122,-0.021187846668131213,-0.09366179203258655,-0.10912345058605437,-0.08808132041406656,-0.04679017728467861
9.47,-0.07858861414560099,-0.014345274230970909,0.06467396033021487,0.04788769548305154,-0.07411516231513805,0.024619288748678116,0.0972624089613976,-0.030613636666623544,-0.10318741800171156,-0.11503647755680856,-0.09564417968137827,-0.059982003356018186
9.472,-0.07984723279833131,-0.01826166988286559,0.06197184448591503,0.0494060764768495,-0.0727872837400009,0.020697415547620994,0.1047187667486674,-0.039318904067362624,-0.112486273707778,-0.11725180760320042,-0.09819214939610697,-0.06661412922495354
9.474,-0.08161464466512902,-0.022846799016333096,0.05919775199477342,0.05240567849941009,-0.07136715902219952,0.01665701365311905,0.12332212444324561,-0.021694147436967924,-0.10937898377296114,-0.12191191225204646,-0.09986764833947137,-0.06487662328038178
9.476,-0.09052826635360493,-0.0192833696195674,0.07185990310698716,0.05585695498545737,-0.08163470789969321,0.025345226899150378,0.1448445974110007,0.009746883005295989,-0.100805516594131,-0.1342754806166293,-0.1077490709081782,-0.06490326298338377
9.478,-0.10331903424355017,-0.008442918614662316,0.09549791570246918,0.05776377906034987,-0.09980859002735863,0.04324209647936605,0.1515909072252781,0.023662398477035187,-0.09583902017245248,-0.1450644175194681,-0.11862688047640552,-0.07284633719325599
9.48,-0.10644675497590148,0.0017463547007692244,0.10844456643289825,0.054212173899635265,-0.10785362249209275,0.05478583771326938,0.13569195932605682,0.009730785546333465,-0.09060779824271081,-0.13553438383008648,-0.11797243664565048,-0.07921142556434815
9.482,-0.09098755835484595,0.006779275308327862,0.09751547487529734,0.04293988653430636,-0.09462264871691127,0.05137412286392857,0.10390346267878425,-0.019722086909389817,-0.08264486593992494,-0.09940751976025003,-0.09490024705178299,-0.06846021694458358
9.484,-0.06255100918605089,0.0102949902567853,0.07231076440578624,0.02626649121938071,-0.0680093502785298,0.039953345133078,0.06255550218899077,-0.0613100441310507,-0.08786573667963328,-0.05182646651775125,-0.05543841994857961,-0.03946643332828827
9.486,-0.03229490809800617,0.01612719193725898,0.04793312661904136,0.008870620964417392,-0.04100012895689373,0.030093413746300222,0.007332080105721338,-0.13048793384234753,-0.12453936114797429,-0.010328655980341567,-0.015206994917734858,-0.009144673526709902
9.488,-0.003068941843363263,0.02166567603808293,0.024436598747269028,-0.007248393751966866,-0.014560000737807869,0.02087313009238339,-0.06622182006813482,-0.23511294813733483,-0.18430347835713146,0.029273523647261393,0.02252048797082835,0.010914889688512291
9.49,0.03131910455801539,0.026700851148145445,-0.004853065849913647,-0.026513176621677702,0.01771450245183039,0.009128034023144431,-0.1501486544164216,-0.3551320246987212,-0.23219317444424553,0.09194007113895018,0.07359473822574636,0.034276536725215474
9.492,0.0761370081704011,0.04251423689539025,-0.033915558857744846,-0.05747782494976012,0.054933677403328954,0.0031663356224354133,-0.23087838053657636,-0.4593388561900064,-0.23478758590476326,0.19954935300779933,0.1531811989114702,0.0833197329885341
9.494,0.12869043704876063,0.08094100881531859,-0.047985759504767106,-0.10385381367583149,0.08804876189476939,0.015810563108514013,-0.3040035641848894,-0.5347436516791106,-0.18509678624143744,0.3511247461495184,0.2557492672908601,0.1575655399662016
9.496,0.18191321795947163,0.13551487571223278,-0.046431113975485966,-0.15821675590580578,0.11331011103162253,0.04407564981730323,-0.3750071908794647,-0.5898542429297149,-0.10682805968361313,0.5212674710774415,0.3585070862783857,0.2309721939077509
9.498,0.23381269994426607,0.18257718275889215,-0.0511280314381379,-0.20784219401114726,0.14102158175741908,0.06520240089239258,-0.44802529854573386,-0.6347360052643826,-0.03555223175093251,0.6746466549490915,0.44190560174121823,0.28096662720508436
9.5,0.28954909764219644,0.2057750993897334,-0.08371952028524361,-0.2472753653621966,0.1848436382915033,0.06015712548026053,-0.5189427193468018,-0.6688288620942419,0.011804383547107337,0.7894415700386752,0.5056073467121186,0.3123162618564479
9.502,0.3534032526158371,0.21543536354971357,-0.13814021109425872,-0.28346399216554824,0.24379991896603442,0.03745546110999714,-0.5803771155157792,-0.6912483478061946,0.0443245592033593,0.870395094502485,0.565190010918733,0.3488123329741696
9.504,0.4238730678290228,0.23595169705125155,-0.18845274235000675,-0.3277859108369351,0.3041693476874946,0.022552283121198603,-0.634674008441841,-0.7176728078199995,0.06980873660444063,0.9388674497493719,0.6360325955851465,0.4060990832093031
9.506,0.49852023945154356,0.27370285964845986,-0.22571289818319668,-0.38303176289611257,0.360566677008537,0.02274930064215124,-0.6999207391539186,-0.7746248628614838,0.08077874490177614,1.0159314439983043,0.7220322882410765,0.47852738695177877
9.508,0.5789328736474727,0.308685581052094,-0.27121016756226674,-0.4407054050696479,0.424314344463973,0.017088867909581713,-0.7947917715754002,-0.8685910798145553,0.08342932998193506,1.1140753281293752,0.8173176916217401,0.5523871884208331
9.51,0.6669113540942049,0.3258350997109844,-0.3415797645421043,-0.49382832554336126,0.5039440152678198,-0.009874259074197896,-0.9177387361248721,-0.9735143847795648,0.11500968780642382,1.2352386314949113,0.9161855031376626,0.6259325208759023
9.512,0.7559886328263796,0.3430620966972777,-0.41266412519640844,-0.547375874635985,0.583983283257338,-0.03673614102123042,-1.0485198896105705,-1.0665337565453237,0.19966148839621206,1.3717661771858114,1.018595847624355,0.7090935161703159
9.514,0.8294290532433053,0.3919161551533751,-0.43673528915994064,-0.6086603408856368,0.6327305191116691,-0.023964782265098537,-1.1662064259094005,-1.169079816610494,0.29378630234573205,1.506001420555099,1.1228181164407498,0.8044303066635321
9.516,0.8697435016918644,0.4740479954172824,-0.3949533472260621,-0.670137689178352,0.6320229907624215,0.03858221851657741,-1.2588183200104561,-1.3346215964501749,0.3037699412596787,1.6086226013400406,1.2148627713447697,0.8966075660102794
9.518,0.8714956962512644,0.5490928716913314,-0.3220409836734392,-0.7089518535075308,0.5958488675311362,0.11317289413435443,-1.3181046296334609,-1.5868726050125268,0.17058449809343637,1.644562463153653,1.2691639641017507,0.9613889851666453
9.52,0.8433107763486541,0.5649665728601247,-0.2783570727310971,-0.7030393947873324,0.5586737942536084,0.14315935400689517,-1.3312837617084718,-1.870445669825276,-0.07269903360736586,1.581821619487563,1.2573006619039635,0.9781316209524008
9.522,0.7962059155611807,0.4965255237778258,-0.29992995747152496,-0.6450570370766482,0.5449344076216486,0.09793648651837629,-1.2861329654760925,-2.0799252837244024,-0.34147905046847554,1.394941644156128,1.1562975035172205,0.934171373845079
9.524,0.7333673798161752,0.36190702225352284,-0.3718690071009618,-0.5457559893850695,0.549446393445617,-0.005549183431227729,-1.1885774584264934,-2.150916408583868,-0.5837139183450114,1.0793808310063768,0.9618868510595923,0.8280548013094584
9.526,0.6556184577449328,0.2068286478515792,-0.4493153539503269,-0.428988864500524,0.5499020326628749,-0.1219618279777784,-1.0670338251053841,-2.1070930397426393,-0.7958414803560847,0.6786934119083754,0.7041922774063111,0.6759351845539434
9.528,0.572789481865444,0.06846793216608013,-0.5048614279002184,-0.31877427929933205,0.536914294164264,-0.21938924429532225,-0.9493321953308381,-2.0137696280197295,-0.9774024133599476,0.27979229300647157,0.4423978018821756,0.5110095343261425
9.53,0.5003184890939512,-0.04572817554599475,-0.5464384420580383,-0.2262825832941831,0.5219398793491329,-0.2980230859829441,-0.8384834996473599,-1.9119771452994903,-1.1180130559051826,-0.041243847971246,0.23213245940150293,0.36877330239094064
9.532,0.4427688816746833,-0.14274738512768292,-0.5856466643862378,-0.14959050280114256,0.5130563555843641,-0.3664489868076926,-0.7202714479133657,-1.8057005154831596,-1.2202528958559824,-0.26669175896183855,0.0931551626438737,0.26664459349359826
9.534,0.38829904238358615,-0.22085670927066262,-0.6090574703251107,-0.0832225393163832,0.4976329722103732,-0.4166395576534167,-0.5923273537313685,-1.6889912781411915,-1.2984484231366777,-0.4291859606173181,0.005403265327816147,0.1958849956465797
9.536,0.3259633581585596,-0.2721307169151211,-0.5978797602296416,-0.025746442024524994,0.4608837598020607,-0.4358737771153575,-0.4754335263301807,-1.5671970341127133,-1.3545645168315943,-0.5642599000624026,-0.06352506191688218,0.13557653333036349
9.538,0.26423563333414174,-0.2969354803415447,-0.5609588663581275,0.018173748239192145,0.41156215639969895,-0.42985254738778983,-0.39324467428430643,-1.4519680151970924,-1.36894602457578,-0.6707291194238361,-0.12537145100187896,0.07541554071401639
9.54,0.22303021336540063,-0.3026314310335444,-0.5256131677851534,0.0416030037565808,0.37325250046476877,-0.4160161814096748,-0.34542592549430956,-1.3431062104909237,-1.316821892615056,-0.7162105901045446,-0.16694890520451416,0.02428406771297412
9.542,0.20769654157683254,-0.29290694527672256,-0.500801708753507,0.04381807691360709,0.35305027321156524,-0.3996142121352445,-0.30744136910708925,-1.225502612625013,-1.1954122869557902,-0.6816721443556608,-0.1754310005974913,-0.0025894102230445224
9.544,0.1993204537133944,-0.2676446165678474,-0.4672360646479339,0.03492805859659905,0.33196432239315293,-0.37010140079628906,-0.2594571667952034,-1.088785122799319,-1.0347735650076688,-0.5920265199562711,-0.15872021343805942,-0.004333397358515516
9.546,0.17368582684238978,-0.23061152501021087,-0.40439572182904704,0.0293769344170171,0.28773729249780744,-0.3193403007675124,-0.20512095948432676,-0.9423672447355974,-0.8768021555575869,-0.49472085230132856,-0.13748719710655816,0.0007777852848846543
9.548,0.12527799263290468,-0.19181740740393385,-0.3170299409225486,0.034689529267589225,0.2198059189314447,-0.255484206356985,-0.15344906229012456,-0.8017619613359872,-0.7415494422722001,-0.4160033161200621,-0.12332776363001727,-0.004555638688163531
9.55,0.06930705180052778,-0.1619985461151113,-0.2313371192920951,0.04805615821471184,0.14884563077998186,-0.19764311834450699,-0.09807662293653602,-0.6670056133329358,-0.6194167725587709,-0.35120684686153775,-0.11259194094259867,-0.017767698024767957
9.552,0.022908194627638694,-0.14476822517526297,-0.16802267553882447,0.06260032022417891,0.09430517383989676,-0.1580848872569245,-0.03191865444551024,-0.5295332982600244,-0.49813904687846633,-0.2921665529565471,-0.10066693068302802,-0.02589802713643965
9.554,-0.010445799020677143,-0.13376045553854338,-0.12392105487855917,0.07383324771308067,0.056531813003030715,-0.13141469503277214,0.02932832006820626,-0.3974822626542175,-0.3876654702531086,-0.24540032774992243,-0.09245348492560831,-0.027267074074298493
9.556,-0.03600436092577833,-0.11890485419536981,-0.0835104494412255,0.07954886903615299,0.024354601766062474,-0.10407848590910704,0.05857911648945957,-0.29725679087489676,-0.3100042552387952,-0.2190987072683881,-0.09395056229154033,-0.0327654753981126
9.558,-0.05302268428315269,-0.09683748641496921,-0.0441961393694941,0.0774253985539631,-0.00390847003511231,-0.0730515838104256,0.05109926030079843,-0.24315263466148201,-0.2693836876470181,-0.20612841601329587,-0.1002020073999284,-0.04746806573710947
9.56,-0.05466430353809177,-0.07409687009645718,-0.019520150364369257,0.06704601770377452,-0.017956771625040408,-0.048852767149013744,0.03333858515672443,-0.2151985947514572,-0.2438734515479696,-0.19075510449872335,-0.09898604276008392,-0.060762164612467015
9.562,-0.04264644854980471,-0.0589265562528003,-0.01618913189667359,0.05320900045510345,-0.014723698326005664,-0.03921818058415794,0.03472324585633924,-0.17850792746043032,-0.20993816478208488,-0.16788892518401194,-0.08579506835297977,-0.059171501054727016
9.564,-0.031451031203000676,-0.05179851110717058,-0.020258902962780122,0.04319791542093237,-0.007731485571372993,-0.037350347229094284,0.05802436782419164,-0.12223862826770072,-0.16826894056568503,-0.14797427923226322,-0.07065328321932375,-0.04467431749354478
9.566,-0.03257986668386418,-0.04712475157375415,-0.014544522437042798,0.04026898883755713,-0.010807186337440948,-0.03177337539131464,0.08106448015207388,-0.06956000537980823,-0.13927844707112058,-0.14310557545423017,-0.06734409507772772,-0.034318000953037386
9.568,-0.04127718401864818,-0.043136995684426686,-0.0019051250720567832,0.04214831703410307,-0.020677729258331966,-0.022985672818631397,0.08448705336583005,-0.04568018471553464,-0.1343292409556914,-0.15185662570156624,-0.07744879017774454,-0.040473477758369035
9.57,-0.04533778060626402,-0.043883595864919724,0.001432305884928129,0.04539310199812289,-0.024456415271139616,-0.02115123952253223,0.07380709720156922,-0.04380376021980786,-0.13842319478261159,-0.1605753492925717,-0.0899601228198298,-0.0562860115802624
9.572,-0.0422825698326436,-0.05006093806679245,-0.007764479402984034,0.04845036301854247,-0.019574946899558687,-0.028412976592047855,0.07121426330123438,-0.03393746316040228,-0.12716229264480475,-0.15960018200518833,-0.09597252330192345,-0.06563643105064851
9.574,-0.04149801135351879,-0.05497731237594882,-0.013460859032715137,0.05141377176540211,-0.017461915882954777,-0.03368075893943324,0.08721058771139037,-0.0032370942121611825,-0.09754126777814126,-0.1536271463199345,-0.09732420722443991,-0.06424285274893063
9.576,-0.05111628904476904,-0.05316846743902047,-0.00202900478949259,0.055132514413905556,-0.027771098488487703,-0.027594849430562226,0.10684457782434278,0.026028797819745417,-0.07283353365308415,-0.1532262885664209,-0.10053299877062433,-0.06356980857115149
9.578,-0.06653715660368566,-0.047869821694846354,0.018789194621177098,0.05938518418322717,-0.044483490872133345,-0.015407713520702417,0.10919097919765829,0.026185280680600814,-0.07247322641646277,-0.15917785787830216,-0.10695658144607072,-0.07276980884941937
9.58,-0.07464118161643507,-0.045851056665040225,0.029112359824082244,0.06167316002976639,-0.05232533451285972,-0.009677872131420188,0.09572489191034082,0.0043901995525147675,-0.08498035537698312,-0.16036950087770216,-0.11048490636091837,-0.08363549896312868
9.582,-0.06968821643764968,-0.047297705045342454,0.022815800381593046,0.05961149573579576,-0.046381966226670075,-0.013067363271782241,0.0881436404701056,-0.0026501209264809776,-0.08249893634494378,-0.1488960798284707,-0.10519913563129338,-0.08064356453175518
9.584,-0.060259973794999935,-0.04527834702688782,0.015241277584996753,0.0540699816563004,-0.038505269493689605,-0.015052554772827048,0.09843989542052928,0.02375376332785666,-0.058366058823114145,-0.1324544672162773,-0.09474606015108818,-0.06368497476027273
9.586,-0.05745030385406385,-0.03618358062715912,0.021219608511165763,0.048679237184279425,-0.0407820070344103,-0.007514709731132525,0.11366556267627499,0.05970716380771207,-0.03549860778826519,-0.1257957241328658,-0.0898623361675278,-0.05108211815471792
9.588,-0.060805908159773464,-0.026182747089513982,0.03434404376642732,0.046006053021057335,-0.04903267855394032,0.003020351718550111,0.11547993073408044,0.07250276676398947,-0.034137346063575706,-0.1318670071128827,-0.09453534917544815,-0.05621005885892268
9.59,-0.06132461562739959,-0.023453973258862747,0.03747877800706844,0.04498065329878935,-0.05012781863608603,0.004834899092739238,0.10588065994664482,0.06493856509380894,-0.044096010858266095,-0.13905093853036263,-0.10037481370698172,-0.06989618763641933
9.592,-0.05590768002323524,-0.02769223191111674,0.027861419266414143,0.04343815305516051,-0.041898421198491055,-0.0022971139845210657,0.10347643661127698,0.0676384501158858,-0.04038781244756644,-0.13780699187131706,-0.09879687829580164,-0.0742509994371042
9.594,-0.05211618255402979,-0.03140875034465746,0.020640538730845388,0.0419821177664333,-0.036534520966236474,-0.007113681447129764,0.11651307960540283,0.0927752955128111,-0.01919245798341472,-0.1324639945451332,-0.09288642002138392,-0.06717624147150363
9.596,-0.057312714180521036,-0.029362543338486306,0.028305584058459603,0.04287716800247769,-0.04386316254304126,-0.0015694782487058257,0.1304619421745052,0.11547167901542284,-0.0028305064707601834,-0.13254267568614977,-0.09142186539134951,-0.06284376509651318
9.598,-0.06787397424524534,-0.024019436982565135,0.04437097157045036,0.046091040770574285,-0.05803601326061595,0.009365463225275681,0.1277198912405595,0.10768279899270619,-0.007910107811451638,-0.13705145260445095,-0.09507704064942078,-0.07018110342181248
9.6,-0.07302094003355776,-0.021571763241194537,0.051599070709096716,0.04864166713634058,-0.06448654332053098,0.01424155669881401,0.1124613945413604,0.07797329709586848,-0.021952552401973933,-0.13463592219811088,-0.09532001797006949,-0.08036567331864515
9.602,-0.06815703194444898,-0.02347069424849381,0.04416471281499428,0.04785714023504776,-0.0580496409697155,0.009875324451756356,0.1051070893707857,0.06294815779509885,-0.020691909700258377,-0.1203576459476399,-0.08713684087834377,-0.07952092221368204
9.604,-0.060386096105367916,-0.024153296156387463,0.035315268132854856,0.04429992848074825,-0.0494556016224387,0.005607423974363804,0.11442553150841056,0.08119513255633218,-0.0013969988019449588,-0.10513658029353065,-0.07736177216835725,-0.06816765429308444
9.606,-0.05901910373235633,-0.01909150698342837,0.03931662420553003,0.04099051601306925,-0.050932126847028865,0.010443823904188552,0.12665229998050076,0.11068965592847659,0.013904620383212071,-0.1031806173123708,-0.07670870519023673,-0.060874082928931476
9.608,-0.06336822196347051,-0.012519954302637023,0.05101517810902531,0.03987552490701765,-0.05913799018288361,0.019563401129569915,0.1251578657308499,0.11925974339606622,0.009198422963119008,-0.11417012396672742,-0.08594754093573136,-0.06665897162868115
9.61,-0.06416771584695935,-0.012293761066224772,0.05251410774888214,0.039863768264988636,-0.059743024969538386,0.020097829162442443,0.11328178882926346,0.10743212108367167,-0.003534807446215665,-0.12422790915736302,-0.09501649815084036,-0.07662233521648851
9.612,-0.05733709072506253,-0.018807981300336805,0.038879330076374397,0.039278114348076716,-0.048382129673299516,0.009276254644946752,0.10949267806565052,0.1051863073249806,-0.0016615344271983979,-0.12366299397432848,-0.09613607513727931,-0.07691491790775642
9.614,-0.051243764940363735,-0.024246185708502115,0.02675355982592787,0.038938634444974356,-0.03852091097866776,-0.00037339983050777633,0.12152647621466939,0.12716944739706063,0.016303246779077633,-0.11782285527229791,-0.09268535238816311,-0.06910194822382283
9.616,-0.05611174860708083,-0.022508514152550896,0.03324362502186124,0.04079237728133446,-0.04449384692264387,0.0035462996097292408,0.13553160003447812,0.14957859815555305,0.029053036352862882,-0.11767414425228631,-0.09266094516034559,-0.06764353094008632
9.618,-0.06942884070887034,-0.016871307202510767,0.05261656567608836,0.04468656198927437,-0.06200271476156014,0.01661724279517654,0.1347090530860583,0.14197455453400512,0.022235882095517974,-0.12356020350214174,-0.0971713292370256,-0.07837070970564411
9.62,-0.07797912193493865,-0.015480428704166558,0.06289076262702793,0.047968522317621,-0.0726528631828379,0.022721163948329407,0.12124734722422148,0.11049637123981873,0.008133830740480586,-0.12435286971118854,-0.09940619111031143,-0.08939642002319949
9.622,-0.07424887549426476,-0.019735548609167066,0.05486592542800931,0.04793792235320817,-0.06724351110499846,0.015904651909961154,0.11215660637746144,0.09175783465184822,0.008456895081724225,-0.1136027330858219,-0.09475044778181042,-0.0867213797423824
9.624,-0.06524628028483072,-0.0220428021520037,0.04347045620045789,0.04458021211157522,-0.05654423658496055,0.008188290212236668,0.1161055997599753,0.10537176318445904,0.024276213419605733,-0.1000753589562828,-0.0881353569742667,-0.0726304374138591
9.626,-0.06232519514484524,-0.01692917516021604,0.04580760216325391,0.04062179579656636,-0.05537041096197792,0.01194645803848825,0.12378812241971457,0.1308189759528876,0.03533087379490827,-0.09653667469288749,-0.08752234313765894,-0.06253744892748095
9.628,-0.06654288765366799,-0.009491978848754983,0.05770661722319472,0.03889068983132884,-0.0629169100707558,0.022631889097583437,0.12329314206927403,0.13865509541207624,0.029317922057001015,-0.10275040798392146,-0.09235129979425369,-0.0652736544886073
9.63,-0.06915007101691702,-0.00910427780238069,0.06068852314711519,0.03989268125556894,-0.06588938088844452,0.025371293222857316,0.11713803080809011,0.1303379635584949,0.019290728119471138,-0.10730938356373317,-0.09437693752540333,-0.07301752079976957
9.632,-0.06500646663932408,-0.017313014869876613,0.04782149925390098,0.04195784679797499,-0.057931600035548814,0.015026896879478687,0.11806286413644693,0.13205298005234795,0.025263943737859985,-0.10374724883999654,-0.08959319387552478,-0.07340397469776246
9.634,-0.06023751625089817,-0.025693843780721173,0.03394735538646835,0.043847287891285495,-0.04891479483305998,0.0034865756943837775,0.13032998865291628,0.15428326028494113,0.04633842710341893,-0.0977811682450559,-0.08366933842400841,-0.0667280378190898
9.636,-0.06391877485877782,-0.02589684374464575,0.03718257891393523,0.046097686238106866,-0.05235452906255586,0.004888704621958676,0.14191269071758197,0.17455873585113188,0.06105765108952374,-0.09774072748264344,-0.08371725098783821,-0.06476112304037095
9.638,-0.07497628378066569,-0.019727712023875715,0.05485603135630732,0.04911660214681384,-0.06684330624378274,0.017057734665199935,0.13923380939890406,0.1668623576713539,0.05507934517922941,-0.10215861692873332,-0.08861136676365362,-0.07303164343521279
9.64,-0.08238201989309542,-0.016123559989076858,0.06642975702876379,0.051398662359831565,-0.07673985076997404,0.024624220351681752,0.1255816155167573,0.13794338136658357,0.03976254337240125,-0.10162180750488028,-0.09066559471836746,-0.081811804381454
9.642,-0.07846893321950717,-0.018389777415895467,0.06037365632486976,0.05051235946736755,-0.07205601828752678,0.020247590996106353,0.11700475499572412,0.12100919637257514,0.03690963682232185,-0.09274678308922316,-0.08558484529833708,-0.07927999685462352
9.644,-0.06835825141935035,-0.02028521306068961,0.04815326761645736,0.046050516653392944,-0.0606134156049294,0.01342109699432398,0.12054211246504815,0.13391555660141685,0.0494747506687139,-0.08432601798441695,-0.07820300823483771,-0.06839236922738018
9.646,-0.06344142934591483,-0.01658676830145263,0.04687891555753629,0.04111415196630319,-0.05650282170144652,0.015219989608009767,0.12599799849791507,0.157400744204607,0.058778503661744856,-0.08574990656083879,-0.07645663200332592,-0.06323903820716648
9.648,-0.06669322282988034,-0.011316178923301333,0.055742224369661496,0.03926539525266088,-0.06131008001636727,0.02256184472334478,0.12270205667029188,0.16302209134807624,0.052710018285493744,-0.09378913689792329,-0.080446657341668,-0.06975532892075104
9.65,-0.07000318341111768,-0.011502776151518457,0.05927558965743233,0.040432014459002914,-0.06417684619224097,0.024113529146785176,0.11564942877032888,0.15218922978433264,0.04352501125677915,-0.09706357519625146,-0.08227897616724714,-0.07785106881181059
9.652,-0.06704019355447602,-0.01652167556850844,0.051259557736021005,0.04163164581447298,-0.05927445657884452,0.01754961989168105,0.11769666070959349,0.15182624586091886,0.04970254470976147,-0.09119251803238647,-0.07798370483366039,-0.07555746437954006
9.654,-0.06225723042885103,-0.018474682925992938,0.044028736841266396,0.041132677175254,-0.054495779942336724,0.01311792229078759,0.1304462854398043,0.17405474209822744,0.06930742953605233,-0.08333845469607852,-0.07350992594559479,-0.06520008495387121
9.656,-0.06326649013703495,-0.01250767565215068,0.050560844740675244,0.03963462324693427,-0.05905939032763904,0.019356997684196343,0.14069269583093028,0.19700838951923627,0.08157256194923326,-0.0818143380391661,-0.07539432509376469,-0.060122234947881006
9.658,-0.06847389493866102,-0.0029652369518227695,0.06527808860839647,0.037750770116008275,-0.06859613336747925,0.030946191509936015,0.1369485150921996,0.19383977987296017,0.07426294421819019,-0.08498069874060703,-0.08044779418829397,-0.06645457066957146
9.66,-0.06872738709358889,0.0017438411313085585,0.07045830641755602,0.035175577932530136,-0.07008568124561167,0.03488553621720222,0.12460876190120945,0.1702449690889863,0.060693825284147844,-0.08331272379826785,-0.07983857099085562,-0.07435652613999644
9.662,-0.060581777437812956,-0.0011013057945208188,0.05959677174451857,0.0320980938050299,-0.05996369677008748,0.027085038628649263,0.11920937969227259,0.15746263656542478,0.06244644411982242,-0.07274843907819484,-0.07154483134390906,-0.07138777763494887
9.664,-0.05228982057903662,-0.005489162805468368,0.04686353313426291,0.029690313242564804,-0.05023702952458515,0.018199787210744185,0.1260970334485559,0.17050718768705814,0.08046350123057437,-0.06153811001955053,-0.06401319381176358,-0.059580863574728624
9.666,-0.053908173565449885,-0.004789990758305865,0.049085285429024836,0.029512472755196372,-0.05339002722747217,0.020109792575658186,0.1336864845880283,0.18993589722703952,0.09395080124824766,-0.059876424795048684,-0.06575788637283994,-0.05260362714139863
9.668,-0.0633353493584053,-0.00112381007169661,0.06216166626528568,0.03185508183415594,-0.06476459432080292,0.02942971774942504,0.1295319724097758,0.19082154519392114,0.08861623352217433,-0.06661217526310022,-0.07414531713627012,-0.057357116485429654
9.67,-0.06809466355599256,-0.0020413334352219654,0.06604744446083576,0.03459692578635584,-0.06809175011421374,0.03170839039173053,0.11807627556715211,0.17793741912264766,0.0762682654539376,-0.07193304212742721,-0.07882549917969357,-0.06526339926215392
9.672,-0.06238213227048171,-0.008532298165586583,0.053874213987468625,0.03540086677030916,-0.05848538109412875,0.02230281475297329,0.1154853134147309,0.17873898379677783,0.07899655638128539,-0.07053097960793309,-0.07548013021673046,-0.06490163554255626
9.674,-0.05471964164366875,-0.01230637999202941,0.04242811193864331,0.034310900855630114,-0.049385323310778904,0.013885195194170514,0.12764097692301424,0.20405176072990977,0.09893085248375923,-0.06662862238095558,-0.07058782105374078,-0.05776711021016785
9.676,-0.05523115132880843,-0.006947679856459093,0.04827726107584703,0.03270243488565945,-0.053494421132826264,0.01891673620788308,0.14133434443312215,0.23015627478189787,0.11463233280906172,-0.0665561131227422,-0.07112736120257665,-0.0554240329499161
9.678,-0.06177399078531494,0.0027147792954203727,0.06447770073293525,0.031114254286702763,-0.06530422929528705,0.03204137213693783,0.14134974214452273,0.22813013847354366,0.10996356488797761,-0.06911796195859611,-0.07450759883253927,-0.06263044988910244
9.68,-0.06391508882768815,0.006489358597747316,0.070402549559348,0.029429502376585176,-0.06899280505849281,0.037541433632652374,0.13034005133873683,0.20286375135481438,0.09632258859506497,-0.06592329612308108,-0.07255628198615303,-0.06982450792614091
9.682,-0.05763237274210128,0.002228283843648975,0.05986579080810597,0.027727919997930582,-0.05995333422110477,0.030737227393394274,0.12384773086731055,0.18777059757706135,0.09657510297996715,-0.0534305760805615,-0.06301026747786787,-0.0655883262497856
9.684,-0.050534768972407766,-0.0016735960012576579,0.04886466100843933,0.026147943840364077,-0.05069002681931183,0.02331268803201036,0.12843859238316063,0.2013889621899901,0.11318982089579686,-0.04090797412890741,-0.052526994162412396,-0.05230468063517869
9.686,-0.05156445010306591,0.0014893615714035389,0.053052675873960904,0.02531696223185695,-0.0537494277943331,0.026198197119154585,0.13386710631190432,0.22498038396670744,0.1255960273785752,-0.04033420432308917,-0.04839578722163801,-0.044108619761577296
9.688,-0.059202991877041915,0.006777783207779487,0.06597832906395708,0.0266457923281223,-0.06475797593049883,0.034320176857027054,0.12885353268421348,0.23057960339816716,0.12032721067567288,-0.05037347510098494,-0.05035521027376968,-0.049049175294644434
9.69,-0.06401416165347056,0.004516388783084203,0.06855194153928588,0.030627777274350308,-0.06866697436146436,0.03425954500022495,0.11814623964282162,0.22006214951946304,0.11113435430276832,-0.05777754592359583,-0.05220098289781098,-0.05841565577818916
9.692,-0.06186156522514702,-0.005861483757778363,0.05613247008179287,0.03561571885091601,-0.060682765954793896,0.02341479670084781,0.11651547310131122,0.2201457631363559,0.11926148469671963,-0.05479012208268277,-0.05069562196615867,-0.05901140963638184
9.694,-0.058689581445106866,-0.014102012810812064,0.04491579948455746,0.038886062999664454,-0.052598344812047816,0.014205451016972787,0.12734477779945672,0.24148558217178404,0.14225270499684048,-0.04777937200892029,-0.049610026741298933,-0.051567528629167574
9.696,-0.06048079444206266,-0.011127731371592784,0.04977547056353573,0.0381935080169459,-0.05595407517095722,0.01819924736064835,0.13696251011857574,0.26217914958539584,0.15699586421416145,-0.04617713711038515,-0.05286849284623881,-0.04809993848883428
9.698,-0.0641639931573126,-0.0001409352001844489,0.06427806117208533,0.03352207197331656,-0.06582253744048698,0.030784848055581394,0.13343488059848144,0.2584225474876734,0.1514581152629769,-0.048574347678138424,-0.05713951539239862,-0.0530419281837445
9.7,-0.06246204094871243,0.007158596196823047,0.06959481486900716,0.027934165373018256,-0.06778266163899963,0.036921232387884174,0.12275318547836711,0.23759568458922556,0.1399366903672552,-0.045179382081626064,-0.05509116072645172,-0.056806115085758634
9.702,-0.05481795365881883,0.005490117205815411,0.06014055685690892,0.024888765574006388,-0.05821588863663417,0.031159208127404688,0.119912469684945,0.22890163239695516,0.14313283427201115,-0.0326934538020092,-0.04479128058382613,-0.04993127560726404
9.704,-0.04903468769316159,0.0020946233292389337,0.050913027282896206,0.024629595525725863,-0.04957110174597617,0.024698245292986875,0.12816756030916257,0.24579407668071615,0.16115697349931746,-0.020992525932362727,-0.03363479785717945,-0.03685391220402696
9.706,-0.05118167047374262,0.005516532201829686,0.05628556599179213,0.024705276170163503,-0.05329298275588834,0.029348115954782417,0.13456388512979744,0.2693234102816178,0.17386755935018147,-0.0214525974859082,-0.03155278658787638,-0.03144164582770096
9.708,-0.05730349556592621,0.01305656506219108,0.06966633725013968,0.023678237888554988,-0.0642087935917211,0.040329263683171857,0.12772147564011416,0.27407111396170225,0.16830827853402422,-0.03120683632397999,-0.03907580330128044,-0.03933560745562242
9.71,-0.05874383896366915,0.015012366607213987,0.07305824245488857,0.022526700609586132,-0.06807623062800332,0.04294759550128741,0.11440556457906984,0.26304962842195706,0.15723821504528282,-0.0359922288069587,-0.045546905327856484,-0.04923554651942502
9.712,-0.05435898329449841,0.009193087446156606,0.06316132753283737,0.022767024492677403,-0.06166095686658954,0.03432150459297563,0.11122530492124713,0.26279894995224895,0.16159866998937986,-0.029452587641959568,-0.042832282645320595,-0.04740666257838608
9.714,-0.05236460858535864,0.004049052214593329,0.05622049670807783,0.024704393328735866,-0.056925282147838395,0.0278026914706648,0.12174686912658228,0.28480485070047,0.18104064968761133,-0.0208373591217741,-0.03577098701655187,-0.036835048666144045
9.716,-0.057531681501549366,0.006907266220949845,0.06410285555798714,0.026597900974364187,-0.06260291480866156,0.0334627638503326,0.13100880777023888,0.30791527130277063,0.19524333351505258,-0.020386437787912274,-0.033865248940374,-0.03284121988339564
9.718,-0.06212168211916927,0.014765606342019113,0.07633395507780921,0.025382072734244587,-0.07002351135330619,0.04397225746659371,0.12556525324093148,0.30646686413797686,0.19293730532061737,-0.024856788386478774,-0.03731232362932988,-0.04132238952942481
9.72,-0.055860590870007436,0.019503629302608187,0.07486591891212763,0.019736042079164563,-0.06533595536443162,0.04585920853208869,0.11183043268404276,0.2862882945785995,0.18676363469078308,-0.022414030943375705,-0.03746873983078781,-0.050479017252487116
9.722,-0.04100562696779075,0.019314598067357625,0.06014562177792575,0.012036376100114673,-0.05019277583430066,0.03852099873690244,0.10783620939262,0.27923256431395854,0.19487984585976711,-0.008794329445507247,-0.029435363257490778,-0.04655326620899661
9.724,-0.030592929868749716,0.020465614723942052,0.05117123593323392,0.006130367459983063,-0.040615164744929544,0.03458777032623998,0.11930812305673599,0.3014902456337934,0.21576527177851734,0.006051295973370922,-0.01910192731950885,-0.03188469501948994
9.726,-0.031818778800119366,0.027490043383156054,0.05947703981699382,0.003261388983038829,-0.045678857941431304,0.0423098009015853,0.1317692389600469,0.3315619218812374,0.22993778323218553,0.009716969053471133,-0.016070113238879025,-0.02172014691277576
9.728,-0.03729784572321562,0.03532425165577582,0.07276950166677279,0.0019603303929575005,-0.055517281513991754,0.05334538836654406,0.12994573231613604,0.33998280417766996,0.2267009361516015,0.0028243267842927976,-0.021533645190170005,-0.024208830182156315
9.73,-0.03708594976784571,0.03463757872796441,0.07198168322234098,0.0020925205338765134,-0.05579689885228723,0.053054456804387536,0.11876072990070641,0.3303233143316576,0.21994451883960592,-0.0027392899207507255,-0.026662225171138292,-0.030817660291418313
9.732,-0.033114886880115435,0.02470309039257311,0.058198688417987685,0.005145128591656332,-0.047652429576015586,0.04083926916972453,0.11586201902749635,0.3320908921211289,0.2294918177904257,5.5970514642046136e-05,-0.024263301557957008,-0.029998226377308777
9.734,-0.03445301794680352,0.01586743817713156,0.050593394915231,0.010187297096618824,-0.044503980731817896,0.03170167194737663,0.12588694968467012,0.35638895406081744,0.2524316752502323,0.005654135934950566,-0.018161584688796775,-0.02369375941720337
9.736,-0.04280102867129704,0.016985759480111974,0.05979215442387395,0.013662458331947605,-0.05257313852911575,0.03630358347182466,0.13373175459708958,0.379194176168201,0.26548925969526344,0.006338061522801825,-0.016593450378306663,-0.023623283924060694
9.738,-0.04970049415072077,0.02534418266203694,0.0749261557647147,0.013216657765392534,-0.06293641919314236,0.048135677477211335,0.12620695635484988,0.3749830398940768,0.25732504843280185,0.0048045177838932085,-0.019138214207752347,-0.033189780151660374
9.74,-0.04713109251306383,0.032038648633691755,0.0792234696373632,0.009248170274872325,-0.06355549801607889,0.05401439434096423,0.11105384390188372,0.3529683177298068,0.24600136451857385,0.010560021923482234,-0.017080932015224797,-0.04032652226777035
9.742,-0.03663395913842057,0.03396943110754115,0.07096716864916218,0.0032976464779604676,-0.05411422608247115,0.05124748347226158,0.10687072530676316,0.34655357173405343,0.2557524024576932,0.025734971843003294,-0.006236604770875129,-0.03243184731181903
9.744,-0.02725486451084519,0.036636198877799044,0.06437326251279771,-0.003151735353468516,-0.04600757534729235,0.04951750359774579,0.11800797147975448,0.37022331333123665,0.28421695331139735,0.039961676844327984,0.006490193654241852,-0.01396410317439153
9.746,-0.025275946222826837,0.04442864095436635,0.06996913694582797,-0.008556753377638863,-0.047708691520761314,0.056122598902060734,0.1287840382494689,0.401204864994215,0.3051517130855273,0.04138395209599538,0.011100654853851703,-0.0024281645895937007
9.748,-0.027012423911492438,0.05212869030366542,0.07908737264836427,-0.01165858280299401,-0.05335061674072627,0.064152337135536,0.1250291769770269,0.41119131269349657,0.30360758977814556,0.03137216082708177,0.006852798771714383,-0.007087667946700706
9.75,-0.0250713873911413,0.051153304227243034,0.07606057404209687,-0.011984386052351808,-0.05155752316548724,0.0618269402912826,0.11312877416147021,0.4049236758873245,0.29549973350816333,0.023887012556609688,0.002899424534212811,-0.018161988735638818
9.752,-0.020091807560047834,0.04235795724713514,0.06239309666018384,-0.009845458784514016,-0.042962087812806346,0.050655366080648294,0.11068035704353109,0.41112385156417974,0.30473308070187205,0.028472163622480874,0.005823466340521654,-0.020507406900677354
9.754,-0.019506292693395603,0.03656092670264057,0.05612646811327811,-0.006993867724338533,-0.03971802693044166,0.04483135696881439,0.12259939841982015,0.4400774831320001,0.33075160046876323,0.039375299997532254,0.011860611455263835,-0.012692382278653748
9.756,-0.025380410939246336,0.041340812272758445,0.06675839506149098,-0.006328456616480679,-0.047759967775590675,0.05244605913934729,0.13431437412571706,0.4680296873214463,0.350463401708491,0.04531629735483679,0.014287406979017217,-0.0065800261807290785
9.758,-0.030159667855831233,0.05145485455390847,0.08147949585510851,-0.009048237026283308,-0.05743056537785706,0.06461530568666632,0.1304161964979072,0.4683640187509975,0.34974503843097854,0.04532463355537889,0.013615106956786402,-0.009870175848633969
9.76,-0.026469964598807107,0.05571200102758742,0.08179872698477707,-0.013161297173864052,-0.05573800453404918,0.06683956043078723,0.11464422838847764,0.44779609401199777,0.3415838524269134,0.04886999868176014,0.01606259290077957,-0.015799483196345238
9.762,-0.0171676922284461,0.051769087155012605,0.0683687028773953,-0.016114992674988542,-0.04405236932096342,0.05818650281347841,0.10442808977001161,0.4393527887383933,0.34756010570833723,0.061498133457458706,0.024255029164408828,-0.01302215452852149
9.764,-0.01146567904647494,0.04946255483338969,0.060356982933485966,-0.018196762212566667,-0.036575450721730976,0.05314879538838084,0.10739830716337752,0.4599517035559147,0.3688741335700397,0.07609699998532651,0.03332167448090771,-0.0012181388885077402
9.766,-0.012489143976749842,0.05719857661568514,0.069304099708561,-0.021832044551860913,-0.041034193871438626,0.06204007211452264,0.1128587945648275,0.48957781151560203,0.38620639882548724,0.08181345797834251,0.03664111954746925,0.00870387215867289
9.768,-0.013726528326442562,0.0692434271714791,0.08286017972977415,-0.02717278736295,-0.0484911528681862,0.07576382499976238,0.10970825840653972,0.501444768778445,0.38834658244320436,0.07933740402063418,0.03438471594635256,0.010084188129219606
9.77,-0.009008825315182576,0.07317291876497346,0.08226335496906498,-0.030953000905088797,-0.0467064931093925,0.07802255837892084,0.10339184402109468,0.5000381623295568,0.38915061204257645,0.08021454624502435,0.03385226783294837,0.009586777390477044
9.772,-0.0015567749773942442,0.06739681037384163,0.06904979314615209,-0.03109988135641187,-0.037585218238452144,0.06823603196948985,0.10683712843653095,0.51195338134854,0.4074133029752274,0.08981268550487888,0.03940225158356108,0.01581182784878531
9.774,0.00045271939549536825,0.06296277093228969,0.06251916868632877,-0.02968480745762882,-0.033953340486189115,0.06185726482680441,0.12020884897429285,0.5449286339865989,0.43857445718893107,0.09984025209193455,0.045896130121765084,0.0251744552477048
9.776,-0.005069671305074212,0.0682149625529637,0.07323933839836055,-0.029823105585014942,-0.041628702635081345,0.0691572654986004,0.12865868524957513,0.5740505516722902,0.458650213718822,0.10124950633431477,0.04620448213523326,0.026787187428317146
9.778,-0.011114476682948632,0.07835662345250669,0.08944445251781095,-0.0321311047190618,-0.05157091318258965,0.08230453546035357,0.12045341530419587,0.572958799226651,0.4547027579503987,0.09744293250899494,0.04190156441633722,0.018399572735428162
9.78,-0.00971691293101107,0.08275633917209411,0.09248485335382173,-0.03528585403279438,-0.051508666625416505,0.0863598498023592,0.10248931419200857,0.5495034418899144,0.44226797263862133,0.10007336239433433,0.04188025488517451,0.010826006896963202
9.782,-0.001544942131460213,0.07921137265577512,0.08077626649942729,-0.03800452811992581,-0.04185029581562743,0.07897494855567047,0.0929730005463804,0.5384664271915431,0.4465853584193303,0.11402776094860821,0.0510162580599113,0.015045647499659512
9.784,0.0052023340018983195,0.0770438678076681,0.07184473728763718,-0.04055571791878699,-0.03501229156209943,0.07361275552167099,0.09844817806225098,0.557830264624704,0.47018387142224494,0.13028321860719025,0.06324206720398058,0.02863965360556722
9.786,0.006139028390571623,0.08480606450507072,0.07865769690929766,-0.0448960797478567,-0.038283090759435166,0.0813031557275566,0.10566338638734808,0.5870316010319186,0.4906868789280994,0.13633798241096734,0.06837877767331434,0.03924028750388823
9.788,0.006694000362314894,0.09753771478263427,0.09083751124654667,-0.051450843222921455,-0.04336766698788754,0.0942376874475287,0.1014561562398055,0.5979983352537239,0.49339267730971365,0.13216586574847128,0.06543452250097515,0.040667492495764325
9.79,0.013988434459887022,0.1021295197029632,0.08814321852624817,-0.057165935068518865,-0.03767777814400675,0.09532616073552887,0.09215806118646232,0.5942515320825275,0.4920269037298188,0.12976950292821002,0.06442002483720462,0.039826791951888874
9.792,0.025385368143942204,0.09480053275795501,0.06941956790022759,-0.058715341128712184,-0.022782030355173677,0.08199906588201508,0.09335590345336602,0.6021584898258044,0.5072368322718926,0.13646093898290187,0.07252295777568021,0.04519889061455285
9.794,0.029697663325417498,0.08604205702777099,0.05636727212319804,-0.05596526523234746,-0.014621322859712214,0.07059514596427292,0.10629327220662463,0.6297700997431337,0.535200910374644,0.14622588343381715,0.08376354039834927,0.05445702718085175
9.796,0.02230200773813257,0.08740900155281423,0.06523635505058997,-0.05272646572343285,-0.022747803756535685,0.07535559747511847,0.11548903934190527,0.6532790840981423,0.5523910296931113,0.15047298850532626,0.08790667193173428,0.0586418133505636
9.798,0.013953277513245049,0.09836490652294355,0.0847376021974882,-0.054203121932384565,-0.03620397588286356,0.09074458762305422,0.1090996652068683,0.648650847583877,0.5483303633926132,0.15067337307560563,0.08554704183213152,0.05558320113887262
9.8,0.01771080037021762,0.10882172115309383,0.09153390201586306,-0.06150320876426785,-0.03777164975646995,0.10011472698041884,0.09387035517251385,0.6245367080178784,0.5391877444466093,0.15530935340915275,0.0870058698686592,0.05330733967500009
9.802,0.031491036860126685,0.11261734002846518,0.08136087286983978,-0.0700596927438157,-0.026778267772311633,0.09762478400137745,0.08603024909216299,0.6128122158685427,0.5451000210995348,0.16726777446376814,0.09776554754791707,0.059430619727060534
9.804,0.041248867012491496,0.11353487848775379,0.07212927972726284,-0.07489182023605642,-0.018184331768066234,0.09330884125708831,0.08992279263754381,0.6289240587307765,0.5637068771009904,0.17883662587981594,0.11107624135598719,0.07118386837938857
9.806,0.03938911476993249,0.11709048573229104,0.07722774966525899,-0.07547589004760151,-0.021400890722650397,0.09664738282041527,0.0925934607785962,0.6532526469615291,0.574580464383282,0.180933260922266,0.11656046439833839,0.07828390306296501
9.808,0.03341483613856397,0.12144419286132309,0.08756514115408245,-0.07484388792701492,-0.028691315782993485,0.10318730247434738,0.08333450765589225,0.65886448057923,0.5681912069101323,0.17594962628986577,0.11349647379507516,0.07573803704088435
9.81,0.03480105266596825,0.12067625498083004,0.0857971690289988,-0.07563762436838865,-0.02704167493435319,0.10202330652482029,0.07072102306073277,0.6489016320044471,0.5603679005049764,0.17622678390586838,0.11151301613751824,0.07144422776228691
9.812,0.044066678081466165,0.11480025663788959,0.07114330128529187,-0.07791704621077113,-0.015958912702932048,0.09225608328350669,0.07080406498919584,0.650201244346209,0.571282762180724,0.18761571395404764,0.11725205163275618,0.07648574596621016
9.814,0.05106148867078999,0.11116520411259069,0.060674345940628885,-0.08001294432790222,-0.00793258816519193,0.08521456283757795,0.08350775449323279,0.6717332754611758,0.5967633670618763,0.2005982102194002,0.12549860224648937,0.08904042085602856
9.816,0.04923149440282485,0.11552705695090701,0.06658462975288024,-0.08133875297845315,-0.011621338844429755,0.08987418673730196,0.09169139704518735,0.689108214981242,0.6118590343064957,0.20285214892003103,0.12745183931659299,0.09553431226924655
9.818,0.044852494706077835,0.12484910598927117,0.07993135245273102,-0.08369299311936153,-0.01971417572866812,0.10104318082349005,0.08366731315769872,0.6779368140451147,0.6034013589772776,0.1965019251526919,0.1237488067733331,0.08947025570443445
9.82,0.04773773210250449,0.13034306843868293,0.08254326691741835,-0.08802931502490825,-0.018698024010252667,0.10575291662644438,0.0681602721707205,0.6482641219286686,0.5872645639600916,0.19575198156974952,0.1236636608921449,0.0810399254384124
9.822,0.05664612344947442,0.1279333828231126,0.07156191373379668,-0.09185002178387587,-0.008015148566520077,0.09997120112209981,0.06222619422785584,0.632726273744102,0.5863438392591621,0.20779574185336935,0.13248567637644795,0.08347281920445018
9.824,0.06131405795187218,0.12350397432682243,0.06268946302286638,-0.09250663201750876,-0.0010390618831384922,0.09340567802160694,0.06840375089952072,0.6448495899105181,0.6000468819990258,0.22233293855956282,0.1440941391729523,0.09576383847930584
9.826,0.057392889978966154,0.12437689015799926,0.06732691126568495,-0.09086140722387384,-0.005950933777199949,0.09521600005652818,0.07153273327920778,0.6625360908542084,0.6066664502145923,0.22416287524692552,0.1481973288373162,0.10494797871427936
9.828,0.05205515774790086,0.12811384387050653,0.07617593859136788,-0.08929242189393773,-0.013990190896071862,0.10065233430859935,0.06026169484366855,0.659402617343337,0.5946928880607861,0.21349015689928746,0.1436534223493249,0.10361715654964651
9.83,0.052995849740938204,0.12561515865721656,0.07291370330211269,-0.08780039021853339,-0.01220825665292283,0.09801711957215772,0.043693180896157216,0.6411750795693291,0.5792500694452256,0.2058780919572104,0.13997810328204732,0.09882024742885098
9.832,0.057735840074179284,0.1151606056062427,0.05822919202581711,-0.08488894876725159,-0.0021925540899149693,0.08620311304659124,0.03936987269222787,0.6355701791078312,0.5806673078676108,0.2114425247945165,0.14426950526882182,0.10124116794906168
9.834,0.05838060804043914,0.10705390929909914,0.0497405263242171,-0.08174096630306057,0.002450190479684982,0.07785696550782902,0.04992523862872854,0.651493681962161,0.596765746536815,0.22280790212552765,0.15199270212896648,0.11032393348555901
9.836,0.05397420012179283,0.1108382196682241,0.057587796417425174,-0.0821508932763467,-0.003944622202892907,0.08284917506612612,0.06008096774329722,0.6652475276499923,0.6064675240603263,0.22672199899929094,0.15407206310814142,0.11537968632298065
9.838,0.05286514420566142,0.12258180012119976,0.06980152295713447,-0.08771534537082902,-0.01030834596109128,0.09442822183812956,0.05623282016663174,0.651599604598183,0.5970817079089811,0.22161843479351076,0.14995688477887306,0.11099502781603426
9.84,0.061500632504904784,0.13000542067419546,0.0682317219857858,-0.09537793086714337,-0.00394635646855003,0.09782802951171862,0.04262293830661466,0.6180322839080215,0.5795348500541757,0.21830773744406576,0.1487559317146625,0.10526630307848683
9.842,0.07454647038232323,0.12812913303285223,0.05340101570806515,-0.10052965453884516,0.011240212608110249,0.0901898964723346,0.03414812222442294,0.5961565525963382,0.5730534484274801,0.2243202304063316,0.15640005335443516,0.1090310869297978
9.844,0.08013484516622697,0.12450218787370804,0.04441863853503914,-0.10141908943608567,0.018532198545281944,0.08429655197049161,0.036137977191632774,0.6008223922581037,0.5791659032406539,0.23338368646842966,0.1665706457320124,0.12123383598464325
9.846,0.07424036062720925,0.12688407272320662,0.052764369135686315,-0.09973470905171897,0.01029139495593827,0.08974041366094951,0.038125383108331065,0.611806508396686,0.5801476227323185,0.2342115321799565,0.16925240667449282,0.13020393156973978
9.848,0.06607075737530026,0.13090642944545175,0.06486573458835158,-0.0978616555207104,-0.0006310692914425774,0.09775475795628132,0.029868899587898897,0.6033386975793715,0.5650690156179947,0.22631124430752467,0.16535979085910327,0.1292007434554286
9.85,0.06643239442261822,0.12672404096076756,0.0602407014854083,-0.09650446000657388,0.002352381538118409,0.09336583500024863,0.016616777542120202,0.5796859642397717,0.5461944446291387,0.21996826756264248,0.16537950655540717,0.1250247112724826
9.852,0.0736604423657327,0.11450326184564008,0.04080221408519752,-0.0946761031064479,0.01671276622700528,0.07763418935492371,0.011524338473331938,0.5664818841605852,0.5416227363116196,0.22094567671925092,0.17345959375226555,0.12721971593750012
9.854,0.07709253446032532,0.10526021188316462,0.028176060630497164,-0.09202440313648291,0.025174023575859007,0.06677008133815986,0.017142659106405535,0.5727677601791753,0.5496550419345989,0.2233981065504152,0.18081139261714005,0.13395721247331255
9.856,0.07277125293167207,0.10689537841692674,0.03415026340968503,-0.0904182503572779,0.019803795956723737,0.07050584820192389,0.021922190485608367,0.5777353664102455,0.550712268299796,0.2201841722940846,0.17780490884575284,0.1349730856717555
9.858,0.06859931564441316,0.11516141313054772,0.046591941178997114,-0.09191644136758037,0.011124601144430877,0.0804736117770392,0.015307339169367105,0.5588027082188385,0.533650487437929,0.21430648046311152,0.16735811736896486,0.12698398796000301
9.86,0.07317259641664545,0.11989281972164405,0.04684105169065871,-0.09589736558133741,0.012821757634446856,0.08207469885121371,0.001983562372794337,0.5228803727262239,0.5110907939312416,0.21559359067792316,0.16202267500438453,0.11986442480843064
9.862,0.08405016297097773,0.1172586362957434,0.033526570818913255,-0.09941862586609072,0.024283044226111435,0.07301838966574659,-0.003406494483177529,0.4985916515254898,0.5025723542914572,0.2267209446000133,0.16880298625934662,0.12404943889339615
9.864,0.09031857077878626,0.11373107458337753,0.02383637999714016,-0.10052873303664214,0.031920567851273736,0.06606861890432204,0.004305724252397438,0.49936695296710193,0.5077964488217604,0.23728801988984627,0.18079028352473567,0.1362609659616895
9.866,0.08621902530651931,0.11670996907886397,0.030752178459092852,-0.10009528378277911,0.026729052761443318,0.07198085262044539,0.013234101741991694,0.5067129142821263,0.5067751057687083,0.23576222808894115,0.18627140636766684,0.14335385271932746
9.868,0.07807692843428608,0.1224196981854815,0.04431912240577584,-0.09917088630985406,0.01634308136498608,0.08311588350995734,0.010334710977252635,0.49585426132081495,0.4871782378665957,0.22410879858154983,0.18298363393006048,0.13901365625107484
9.87,0.07574960651763829,0.11952054522493698,0.0436230025158179,-0.09670214362888542,0.015603570353315856,0.08184284753992166,-0.0009694981888833801,0.4690338755273215,0.46115346799664,0.21423001593197358,0.1783116290887292,0.13140996838631275
9.872,0.07999531285557497,0.10548652661702825,0.0254039307531984,-0.0914960642104772,0.02680508625755423,0.06466953713456908,-0.006094556036111847,0.4507676275292623,0.448389850319101,0.21181462468552958,0.1772449127728309,0.1317027444875937
9.874,0.08185118248145705,0.09127079248967651,0.009312635871029087,-0.08454691463216675,0.03606848603897803,0.047859494130783886,0.0003614033386835121,0.4516254817587638,0.44908560084652344,0.21089224922614117,0.17636638853563272,0.13849435464413654
9.876,0.07577515925783877,0.08789304390037414,0.011716801546198821,-0.07917128902401224,0.032223623400191144,0.046576681479399966,0.007220583649513572,0.4514457279417767,0.44389178078403624,0.20453164932902512,0.1708835097626929,0.13956395999332727
9.878,0.06869134371432717,0.09416312993874423,0.0247244296451438,-0.07889459413627148,0.022171257567180854,0.0568727700309273,0.002328517331338476,0.42692819079673755,0.42124775124549685,0.19546661154261052,0.16333528755951282,0.12931874610691677
9.88,0.07048021166813216,0.09977539892066321,0.02858700442105318,-0.08336855219009927,0.02053012901931019,0.06311858359073351,-0.009964604504326144,0.3862031329861966,0.3943090373926007,0.19285882985460437,0.16151235555459478,0.11781394629693034
9.882,0.07948755268421134,0.09775866496815394,0.018025444305150757,-0.08734145093716554,0.02931922684417339,0.05807797702447768,-0.01423181915700111,0.3608495702385314,0.38289466501549174,0.19917046514861572,0.1681058516677032,0.11789394590524385
9.884,0.08447038625328769,0.09164943735657242,0.007359346916664674,-0.08643390292747909,0.03629132821010768,0.050016678694480475,-0.0055342836148039865,0.36448367628372014,0.3858133240791399,0.20457491736445196,0.17570661990844846,0.1282475504100119
9.886,0.07982451047805376,0.08957563149970584,0.009972964975629942,-0.08260153453090033,0.03262859249346907,0.049882050187135485,0.0031724910118966355,0.3742810830270977,0.38264113859711446,0.19852619602200336,0.17465384600111855,0.13540639496510723
9.888,0.07238900273929398,0.09203959079991227,0.019668986578643625,-0.08030492440421944,0.025036576463412993,0.05529347361258153,-0.0010049426782027947,0.3615776579066724,0.3617292414350887,0.18378635079925637,0.16460135728771733,0.13093900888872778
9.89,0.07096979347651627,0.09090368882203931,0.019824972523227305,-0.07949650510927048,0.02545388101396326,0.05399451504433949,-0.012426970421068958,0.33040465007213726,0.33564388042155596,0.17267096605389487,0.15428470788592766,0.12101389185802686
9.892,0.0739288048181817,0.08228175774223297,0.00829061254084502,-0.07677126499419981,0.032966418936078996,0.0430542921534074,-0.014631432947484061,0.31039516404285983,0.3242836980790362,0.1710344112495113,0.15023053473665104,0.11665231515541573
9.894,0.07142868754784366,0.07262753493237155,0.0012279743755579924,-0.07078174652841894,0.03420190661339047,0.03426007294859502,-0.0039955761085087894,0.3135889949022269,0.32843001410513084,0.17210377383743752,0.15007845814921075,0.11854008011013381
9.896,0.05939855707583291,0.06902015300225071,0.009691315692478284,-0.0634847603302672,0.02248522830259676,0.037118669257689856,0.0042539386438759175,0.31604736726314464,0.327781294907515,0.1670906930911535,0.14781523222312357,0.11730950314363545
9.898,0.046896786025397624,0.06984742327549175,0.023066956972540537,-0.05817698012604307,0.008865949913778337,0.04515821107929714,-0.003308674374631994,0.2912051248534762,0.30755737392705756,0.1578173572917778,0.1426555779306045,0.10825125079467869
9.9,0.04555358308264054,0.06821003546263488,0.022829823241068043,-0.05682632909639113,0.008697689104013553,0.04467717370471805,-0.020075299663391093,0.24800201944856243,0.2791830354204629,0.1540319735038055,0.1397223070374403,0.09866488220451974
9.902,0.05461326039528736,0.06184111197942595,0.007330336655029378,-0.058173205687062905,0.02175698462125238,0.0333962896297904,-0.028457610795731822,0.21983685875669873,0.2651880871767168,0.15901399641132433,0.14209449636134797,0.09743778264344936
9.904,0.06229242387363431,0.05634603587388948,-0.0059767253270292895,-0.05915761615862108,0.03279561438114412,0.02368354146949145,-0.022769545598318106,0.22085659867566854,0.2680670102504084,0.16426671246818317,0.1454351498637348,0.10235435016610987
9.906,0.06124487396434178,0.057268285169590094,-0.003919810511071105,-0.05849478173828501,0.03150357362489357,0.025499861493852877,-0.015511474638048868,0.2296831415525542,0.26714475673282223,0.161030946469221,0.1427598648567962,0.10302841734376682
9.908,0.056528330938624693,0.06128097741956178,0.005057225506175973,-0.057274344479386494,0.02491793001850551,0.03244610617168807,-0.01900110966655973,0.22082617802205998,0.24888497638901333,0.15233574074942655,0.13408394322257772,0.09577409118439231
9.91,0.0562060717823954,0.0593928057634302,0.003520087097177814,-0.055835733060964114,0.02589905374368142,0.030717452948098294,-0.027905539452462894,0.19895066859372876,0.22689964338887492,0.1481328512237603,0.12759883251241194,0.08921763344005026
9.912,0.059654508992289475,0.04934226880484956,-0.010231989990068531,-0.052843045941210955,0.0345960429083082,0.018506816033073772,-0.028131891344671228,0.1888036643485801,0.2215709222831776,0.15015495105087998,0.1285210109662382,0.09132112401955327
9.914,0.059092155664411214,0.03959238421735224,-0.019634311904464723,-0.04803442344731332,0.038375781441063565,0.008688305361704845,-0.01843953706547035,0.19709955880484317,0.22918743093969446,0.1485827542049718,0.1309730309714678,0.09684673970123436
9.916,0.050872720643938184,0.037971850536644355,-0.013016013305301704,-0.04339175972711555,0.02987843606103095,0.010933624948180886,-0.01295597261260905,0.20065723499167043,0.22608246374835747,0.13614338308614074,0.12620273745770752,0.09402604382815095
9.918,0.042091580335874845,0.04125473601020214,-0.000799957062490292,-0.04117365341095249,0.018698127018361668,0.01826048825135146,-0.021745221263530675,0.1774921893078153,0.20218268295561143,0.12031537002739838,0.11581580093743432,0.08074356685777673
9.92,0.04228756723812071,0.04012765507133339,-0.0019588827667710506,-0.04130979555310352,0.019423456203749488,0.016778863376520358,-0.03648594749610733,0.13835181549987688,0.17592762895379674,0.11551535786750768,0.11001135043234325,0.06803964932281804
9.922,0.04993247380581964,0.031645042540472415,-0.017934504750070846,-0.04099477715228843,0.03174296639888807,0.004717694116524156,-0.040315349890045135,0.11515782880796363,0.1696247299236029,0.12479458406850073,0.11372824220620516,0.06701827556930097
9.924,0.05413086160456402,0.023090453990649806,-0.03064350035275203,-0.038182188202260395,0.04080825765031628,-0.005095936688322736,-0.029197694942052495,0.12123484269441843,0.18009214440122512,0.13550744318524519,0.12057537411637965,0.0758215790380137
9.926,0.049587976242848796,0.02267397249259154,-0.02670658819602787,-0.03464815646572226,0.03684494318115051,-0.00218745868233216,-0.01741512372929165,0.13519696995943858,0.18364682529053333,0.1342683445720626,0.12091519585506011,0.08191718052790391
9.928,0.042210654585250605,0.028027928102917238,-0.01433821730169853,-0.03288755128540554,0.02669015934853666,0.007468124937583413,-0.01898561484951712,0.13026677260087774,0.1674067770668457,0.12216719327014464,0.11281651757460634,0.0776951774146093
9.93,0.03893344508177091,0.02817474404933048,-0.011216918413224239,-0.03143808333043468,0.02312397851828961,0.009049358303811818,-0.02903212355113697,0.11046134602075391,0.14502069607536233,0.11132247778750737,0.10360107524679295,0.06965421963599848
9.932,0.03932687829955546,0.01881967206430904,-0.020986681145509195,-0.02770631499250097,0.028349694193916874,-0.001214539135753598,-0.031056973595025794,0.10286009232406486,0.1370962805598867,0.1083553875019009,0.10083248096549975,0.06819510116580216
9.934,0.03907228938578148,0.010161008502492172,-0.029125844464897358,-0.02391514927487308,0.032801137159727475,-0.010338941596671898,-0.01953088081666947,0.11734671232632714,0.14420802838130742,0.10784627017607014,0.10387963878883759,0.07358510246048448
9.936,0.036185873349105835,0.013509588073802455,-0.022600117593406997,-0.024287281509155028,0.02829424381201106,-0.005704798341997476,-0.007033818809757813,0.1309576656364297,0.14730221831932652,0.1026584313673752,0.10617598807124928,0.07689263830504164
9.938,0.03259688882041206,0.024654640482261125,-0.007794308243376061,-0.027725609887852058,0.01872600811873415,0.007334626342307114,-0.007953620590734014,0.11740362659900436,0.1332351468454477,0.09443313145125506,0.10399638934443538,0.07187227414225579
9.94,0.032131287989235154,0.029084114942046466,-0.0030103386957198736,-0.02922411871844263,0.015773267839903415,0.011877179698360158,-0.02010704434822574,0.08242253083238296,0.11216849531345119,0.09064574484298495,0.09991869481347275,0.06278708828988465
9.942,0.03595006443722296,0.021520766847052186,-0.01448919611283129,-0.027107520223861058,0.02388794373014028,0.0019558407408477797,-0.027991235274229018,0.05824485398174321,0.10371454421624543,0.09373278642910587,0.09777284525727038,0.05938658377431265
9.944,0.03964608664533988,0.012077130669019711,-0.02763951243746649,-0.02447791740122582,0.03334668471748938,-0.009469193778666994,-0.023849541755928384,0.0627134939610649,0.10976284083151555,0.09675895636955463,0.09692102250385735,0.06408497932451575
9.946,0.038219750457599226,0.01163506845941968,-0.026706925507515945,-0.02417102346440896,0.03266165119353795,-0.008732383988163362,-0.017332984345021847,0.07716135101142814,0.11182001364251257,0.09206821576216266,0.09381454042429758,0.06779484514535714
9.948,0.03338534214430172,0.017238795815282475,-0.0164432512984044,-0.02493536550465652,0.024463494868972036,-0.0005229062863210939,-0.019524979442158714,0.07439755175896519,0.09820788395002243,0.08237837347865616,0.08852817733933482,0.06278459468379118
9.95,0.031228538630504895,0.01780008880563884,-0.013841336684335232,-0.023687789408810046,0.02097857295737236,0.000516932905154133,-0.025581537354776713,0.057455908504751955,0.08207974574451891,0.07754590684754366,0.08535249506565913,0.05476824300297062
9.952,0.0330240831936588,0.010793736250571579,-0.022476048255396206,-0.02010890348353597,0.025554381462078737,-0.0077527613693864315,-0.022399926555337454,0.05309406800149667,0.08258710279532232,0.08032627000816657,0.08514486765298254,0.054179209170832646
9.954,0.03325149621057631,0.0054952743166114155,-0.027610309089835826,-0.017000312470613163,0.02814650829357246,-0.012307082080945681,-0.008726444058109462,0.07127161707338814,0.09666464047127188,0.08249945436451138,0.08248680247595515,0.06022923303031814
9.956,0.027882753848273205,0.009538796688097134,-0.017891368520024282,-0.0166547452604028,0.020865233796376368,-0.004197569536374219,0.0015996187127395893,0.08954860566248105,0.10238479116458389,0.07692183571357139,0.07413014947025409,0.06259826802397908
9.958,0.02083699876723079,0.017951222718948355,-0.002524600186069789,-0.01810611692363903,0.010355329861932772,0.008081531345613001,-0.0030865267643682003,0.08254072150080294,0.08846829823069678,0.06763073358196371,0.06562639625697798,0.05637884115770132
9.96,0.019008893936915194,0.01928532686602138,0.00018283390849284256,-0.018177901713780673,0.008882405712636685,0.009260445458945046,-0.01695782188397354,0.055588040453292395,0.06898920464746996,0.06427415587797858,0.0652234897701626,0.047930653337944364
9.962,0.022669943437683752,0.010398971063357838,-0.01264681430454917,-0.015032389824317647,0.01716137604180489,-0.002596961908217156,-0.023227483753781412,0.038126612495771386,0.06413098637627748,0.06909777130529879,0.07346330775029242,0.045372788184327426
9.964,0.025057179556260224,0.00014491800418772228,-0.02499086398233686,-0.01023331581621123,0.023750697442332696,-0.014050478704466992,-0.015388102023043256,0.04539913024796194,0.0739077388148172,0.07373543882489769,0.0818917764236332,0.04804280586945153
9.966,0.021754331366795093,-0.002337049674116603,-0.023654634933489797,-0.006894650450214405,0.02083321930011036,-0.014167966444283203,-0.005621894881010508,0.059483078181511904,0.07992245869968687,0.06966071281726864,0.0822095485184805,0.047985908731044594
9.968,0.016046061902826828,0.0006194740930687314,-0.014831043775208054,-0.005645557392109724,0.013644679889534814,-0.007901120906296966,-0.0079890829824017,0.05586701772267182,0.07141333519105447,0.058763885863349616,0.07503375474311672,0.04082255990193829
9.97,0.0136281822808796,-0.0005195176772827164,-0.013712587632230476,-0.004187907662315757,0.012262288196244125,-0.007908756768436269,-0.01867618900577646,0.038494159785063216,0.05918535374247333,0.050360760539915804,0.06779572601003549,0.03218835474334853
9.972,0.015304563748393462,-0.007511686758150947,-0.0224651550288504,-0.0017501404131344796,0.01799917402744685,-0.016215918318509222,-0.021108166974720267,0.03363421573786019,0.05967725066001778,0.048924079485640516,0.06541686344027059,0.03096746302216549
9.974,0.01618323653939174,-0.010892379268689344,-0.026643655480466762,-0.0007118652731408859,0.021193235944281255,-0.02055267419822075,-0.008734022440401848,0.05233931249478079,0.07287528579192687,0.049244544833662474,0.06587308051361812,0.03763565646820434
9.976,0.012227509190872878,-0.0034937944413568475,-0.015289435653874372,-0.0028076000663656915,0.013829900971736836,-0.011074295606793098,0.005998220718501583,0.0741779785318222,0.08274300411468417,0.04525821572587255,0.06464755910452874,0.043074139278667815
9.978,0.006856348293515798,0.008605778052148412,0.001936041585006223,-0.006625598854286659,0.0020015982104562955,0.00452799652097745,0.007807880778601157,0.0736536205820023,0.07810468390646798,0.03973884262032941,0.06137435316573291,0.04004276516405594
9.98,0.007341233405122364,0.013329470437853168,0.0057965400273305165,-0.009626143744171946,-0.0005632894106857424,0.00956761805410315,-0.0021288552608021744,0.05358291586311572,0.06696662754616166,0.04056538316734046,0.060250324794605944,0.032399814833608154
9.982,0.014514135387359912,0.008259248297847344,-0.0067221077713399404,-0.010859143534530559,0.008803466666411686,0.00042771014620561845,-0.008734970972615164,0.040971864924908105,0.06516355861234217,0.048673220921208175,0.06357845215941961,0.029606097020920402
9.984,0.020471302184378686,0.0023677832907368314,-0.018567639439545234,-0.010492113134482128,0.01780243546811429,-0.009437940867454558,-0.0038214061302230063,0.05030140645444779,0.07384095477485127,0.05482963997720241,0.06671942391722474,0.033714732449249406
9.986,0.018340415558777554,0.002063735205093326,-0.016478629128528204,-0.008262099575072545,0.016252745353224317,-0.00928029403031178,0.0026795351491091758,0.06399602973965758,0.07726724261195952,0.050267859269573646,0.06262761754860377,0.03626165530877967
9.988,0.010880412486539306,0.0029598524648203643,-0.007824663857876155,-0.004085016400665664,0.008965072257880556,-0.004749430654913122,-0.0021734351892066803,0.05928480008295303,0.06618792415204046,0.038148744016863446,0.052413329320768254,0.030776379893130843
9.99,0.005820292710352513,-0.0016889868994240734,-0.007237962069434769,0.0008465973685530736,0.0064680718231074534,-0.00668778806155418,-0.013836846919720192,0.043190532709753926,0.053716583717317586,0.030381375565979855,0.04606766230406414,0.023606171602406478
9.992,0.005597655461242886,-0.009404403044500628,-0.014640408050852705,0.004090354726130221,0.009391823340644583,-0.013929980590406989,-0.015859825767769942,0.042307059357313416,0.058480388889269465,0.03250375563972867,0.048769246339585244,0.024792196058886364
9.994,0.006082363120976247,-0.010191100989100184,-0.015907675101857026,0.0031957539860934503,0.008981115913827263,-0.014704194651517606,-0.003310773685205711,0.06321874271640869,0.07812749675351287,0.03717580034538127,0.05316750796572177,0.032276749043097824
9.996,0.004200968464429472,0.0003525498430440885,-0.0036386019569705514,-0.0017918694113096814,0.0010594580986016833,-0.003302542565515392,0.010509364882089128,0.08232500924590758,0.09138315094732714,0.035922993508414096,0.05109461339655801,0.03478500076830058
9.998,0.0024870059497902027,0.013770593473355021,0.011266686871095473,-0.007276977933395834,-0.006995448056223834,0.010871219405720785,0.01159822051729726,0.07788060121851204,0.08619715446270411,0.03157594775766859,0.04616169275054914,0.028528375845071847
